PassengerCar 0.00 0 -1 832.29 507.01 887.84 554.01 -1.00 -1.00 -1.00 -1000.00 -1000.00 -1000.00 -1.000 -1.000 -1.000 -1.000 1.00 -1000.0000000000 -1000.0000000000 -1000.0000000000 -1000.0000000000 True True False False
PassengerCar 0.00 1 -1 866.85 508.44 907.61 544.12 -1.00 -1.00 -1.00 -1000.00 -1000.00 -1000.00 -1.000 -1.000 -1.000 -1.000 1.00 -1000.0000000000 -1000.0000000000 -1000.0000000000 -1000.0000000000 True True False False
PassengerCar 0.00 0 -1 901.39 507.11 938.72 536.88 -1.00 -1.00 -1.00 -1000.00 -1000.00 -1000.00 -1.000 -1.000 -1.000 -1.000 1.00 -1000.0000000000 -1000.0000000000 -1000.0000000000 -1000.0000000000 True True False False
PassengerCar 0.00 0 -1 1454.88 424.53 1674.21 604.03 2.48 2.17 4.74 8.24 1.30 33.14 -1.531 0.023 -0.001 0.039 1.00 0.0115933571 -0.0002283644 0.0196927252 0.9997388351 True True True False
PassengerCar 0.00 0 -1 45.10 532.41 242.87 636.38 1.56 1.94 4.24 -14.42 1.99 39.96 1.565 0.000 0.000 3.136 1.00 0.0000000000 0.0000000000 0.9999955062 0.0029979436 True False True False
PassengerCar 0.00 1 -1 290.97 535.11 402.39 605.37 1.50 1.76 4.09 -14.00 2.10 51.26 1.550 0.000 0.000 3.121 1.00 0.0000000000 0.0000000000 0.9999472098 0.0102750936 True True True False
DontCare 0.00 -1 -1 689.85 514.84 716.52 545.42 -1.00 -1.00 -1.00 -1000.00 -1000.00 -1000.00 -1.000 -1.000 -1.000 -1.000 1.00 -1000.0000000000 -1000.0000000000 -1000.0000000000 -1000.0000000000 False False False False
LargeVehicle 0.00 0 -1 737.83 487.96 833.48 552.02 -1.00 -1.00 -1.00 -1000.00 -1000.00 -1000.00 -1.000 -1.000 -1.000 -1.000 1.00 -1000.0000000000 -1000.0000000000 -1000.0000000000 -1000.0000000000 True True False False
LargeVehicle 0.00 1 -1 1383.62 410.91 1563.56 589.22 2.91 2.15 6.19 8.35 1.36 40.73 -1.526 0.000 0.000 0.045 1.00 0.0000000000 0.0000000000 0.0224649115 0.9997476320 True True True False
Obstacle 0.00 2 -1 620.83 520.31 630.48 556.40 -1.00 -1.00 -1.00 -1000.00 -1000.00 -1000.00 -1.000 -1.000 -1.000 -1.000 1.00 -1000.0000000000 -1000.0000000000 -1000.0000000000 -1000.0000000000 True True False False
Pedestrian 0.00 1 -1 1092.11 497.34 1108.00 538.63 -1.00 -1.00 -1.00 -1000.00 -1000.00 -1000.00 -1.000 -1.000 -1.000 -1.000 1.00 -1000.0000000000 -1000.0000000000 -1000.0000000000 -1000.0000000000 True True False False
Pedestrian 0.00 1 -1 1107.94 499.23 1120.19 537.21 -1.00 -1.00 -1.00 -1000.00 -1000.00 -1000.00 -1.000 -1.000 -1.000 -1.000 1.00 -1000.0000000000 -1000.0000000000 -1000.0000000000 -1000.0000000000 True True False False
Pedestrian 0.00 2 -1 1221.51 490.19 1239.65 538.67 -1.00 -1.00 -1.00 -1000.00 -1000.00 -1000.00 -1.000 -1.000 -1.000 -1.000 1.00 -1000.0000000000 -1000.0000000000 -1000.0000000000 -1000.0000000000 True True False False
Pedestrian 0.00 0 -1 1715.93 463.33 1765.83 603.92 1.69 0.70 0.59 9.59 1.16 29.61 1.468 0.000 0.000 3.039 1.00 0.0000000000 0.0000000000 0.9986762471 0.0514368874 True False True False
Pedestrian 0.00 0 -1 1764.85 454.81 1815.32 597.22 1.80 0.57 0.40 10.23 1.16 29.81 1.509 0.000 0.000 3.079 1.00 0.0000000000 0.0000000000 0.9995173074 0.0310668998 True False True False
Pedestrian 0.00 0 -1 1809.73 473.87 1858.03 594.57 1.56 0.58 0.53 10.63 1.08 29.22 -1.571 0.000 0.000 0.000 1.00 0.0000000000 0.0000000000 0.0000000000 1.0000000000 True False True False
Pedestrian 0.07 0 -1 1865.54 454.76 1917.80 569.10 1.79 0.69 0.66 14.19 0.94 36.91 -4.033 0.000 0.000 -2.462 1.00 0.0000000000 0.0000000000 -0.9428849984 0.3331184169 True False True True
Pedestrian 0.00 1 -1 1682.12 469.62 1718.78 572.42 1.60 0.51 0.44 11.17 0.96 36.88 -0.175 0.000 0.000 1.396 1.00 0.0000000000 0.0000000000 0.6425667932 0.7662296759 True False True True
Pedestrian 0.00 1 -1 1696.49 464.25 1734.79 578.37 1.76 0.43 0.49 11.22 1.05 36.31 -1.571 0.000 0.000 0.000 1.00 0.0000000000 0.0000000000 0.0000000000 1.0000000000 True False True True
Pedestrian_is_group 0.00 3 -1 1715.74 452.08 1810.83 577.38 1.86 0.73 1.62 11.60 1.02 35.22 -1.793 0.000 0.000 -0.222 1.00 0.0000000000 0.0000000000 -0.1108069208 0.9938419524 True False True True
Pedestrian_is_group 0.07 2 -1 1814.37 441.61 1920.00 579.28 2.01 1.00 1.76 13.21 1.02 35.29 -1.571 0.000 0.000 0.000 1.00 0.0000000000 0.0000000000 0.0000000000 1.0000000000 True False True False
Pedestrian 0.00 0 -1 1123.78 502.46 1135.34 529.84 -1.00 -1.00 -1.00 -1000.00 -1000.00 -1000.00 -1.000 -1.000 -1.000 -1.000 1.00 -1000.0000000000 -1000.0000000000 -1000.0000000000 -1000.0000000000 True True False False
