PassengerCar 0.53 0 -1 0.00 427.08 220.42 636.32 1.70 1.80 4.16 -8.10 0.95 19.55 -1.477 -0.043 0.011 0.094 1.00 -0.0219438974 0.0043763774 0.0468736191 0.9986501773 True False True False
PassengerCar 0.00 1 -1 336.52 445.67 505.69 538.94 1.65 2.05 4.29 -10.74 0.51 45.81 -4.552 -0.038 0.006 -2.981 1.00 0.0015509306 0.0192769991 -0.9965927071 0.0801808467 True True True False
PassengerCar 0.00 2 -1 536.44 466.78 651.04 531.46 1.53 2.14 4.04 -9.34 0.47 56.49 -4.692 0.000 0.011 -3.121 1.00 0.0055986236 -0.0000577561 -0.9999311198 0.0103154098 True True True False
PassengerCar 0.00 1 -1 254.94 455.10 361.94 523.52 1.55 1.71 4.11 -15.77 0.31 55.41 -4.650 -0.029 0.015 -3.079 1.00 0.0068586797 0.0145825035 -0.9993728982 0.0315296588 True False True False
PassengerCar 0.00 2 -1 628.85 474.77 764.66 558.45 1.50 1.80 4.04 -5.34 0.84 42.83 -1.445 -0.040 0.000 0.126 1.00 -0.0198208948 -0.0010797188 0.0629567643 0.9978188273 True True True False
PassengerCar 0.00 3 -1 847.27 474.25 988.52 562.31 -1.00 -1.00 -1.00 -1000.00 -1000.00 -1000.00 -1.000 -1.000 -1.000 -1.000 1.00 -1000.0000000000 -1000.0000000000 -1000.0000000000 -1000.0000000000 True True False True
PassengerCar 0.00 3 -1 963.00 477.23 1061.19 555.08 -1.00 -1.00 -1.00 -1000.00 -1000.00 -1000.00 -1.000 -1.000 -1.000 -1.000 1.00 -1000.0000000000 -1000.0000000000 -1000.0000000000 -1000.0000000000 True True False False
PassengerCar 0.00 2 -1 530.05 467.41 642.34 535.25 1.83 2.56 4.37 -11.49 0.69 67.65 1.540 -0.025 0.021 3.111 1.00 -0.0108153295 -0.0124291776 0.9997513088 0.0150288000 True True True False
PassengerCar 0.00 3 -1 643.32 463.94 723.22 529.28 -1.00 -1.00 -1.00 -1000.00 -1000.00 -1000.00 -1.000 -1.000 -1.000 -1.000 1.00 -1000.0000000000 -1000.0000000000 -1000.0000000000 -1000.0000000000 True False False False
PassengerCar 0.00 3 -1 526.34 456.50 629.17 508.55 -1.00 -1.00 -1.00 -1000.00 -1000.00 -1000.00 -1.000 -1.000 -1.000 -1.000 1.00 -1000.0000000000 -1000.0000000000 -1000.0000000000 -1000.0000000000 True True False False
Pedestrian 0.00 0 -1 721.56 451.64 776.64 637.33 1.64 0.44 0.41 -2.14 1.15 21.10 -3.032 0.000 0.000 -1.461 1.00 0.0000000000 0.0000000000 -0.6671616377 0.7449129810 True True True False
Pedestrian 0.00 3 -1 724.36 454.81 773.92 637.03 1.69 0.41 0.43 -2.24 1.20 22.06 -3.158 0.000 0.000 -1.587 1.00 0.0000000000 0.0000000000 -0.7129325347 0.7012326297 True True True False
Pedestrian_is_group 0.00 1 -1 873.91 433.05 930.96 621.36 1.58 0.66 0.75 -0.66 0.98 23.14 -3.150 -0.011 -0.000 -1.579 1.00 -0.0037601038 0.0037277637 -0.7101441959 0.7040363530 True True True False
Pedestrian 0.00 1 -1 1026.68 436.05 1110.43 611.99 1.79 0.72 0.79 0.84 1.06 24.36 -3.162 0.000 0.000 -1.591 1.00 0.0000000000 0.0000000000 -0.7141145779 0.7000288349 True True True False
Pedestrian 0.00 0 -1 1289.88 443.96 1338.83 596.35 1.88 0.50 0.53 4.02 1.12 28.58 -0.000 0.000 0.000 1.571 1.00 0.0000000000 0.0000000000 0.7070239182 0.7071896345 True True True False
Pedestrian 0.00 2 -1 1310.48 449.66 1350.19 595.12 1.83 0.37 0.53 4.26 1.09 29.09 -0.005 -0.002 -0.000 1.566 1.00 -0.0006704656 -0.0006737297 0.7053869898 0.7088217626 True True True False
Pedestrian 0.00 0 -1 1370.12 442.41 1409.09 587.18 1.76 0.41 0.38 4.92 0.96 28.87 -3.202 0.000 0.000 -1.632 1.00 0.0000000000 0.0000000000 -0.7282494540 0.6853121426 True True True False
Pedestrian_is_group 0.00 1 -1 1410.53 460.77 1495.25 591.14 1.97 0.56 0.90 7.27 1.14 37.37 -1.575 0.000 0.000 -0.004 1.00 0.0000000000 0.0000000000 -0.0019537956 0.9999980913 True True True False
Pedestrian 0.00 1 -1 1472.11 463.85 1514.50 565.08 1.58 0.49 0.76 7.98 0.89 37.24 -1.585 0.000 0.000 -0.014 1.00 0.0000000000 0.0000000000 -0.0070300512 0.9999752889 True True True False
Pedestrian 0.00 1 -1 1529.08 442.56 1579.24 582.79 1.72 0.43 0.67 7.03 0.92 29.27 -1.571 0.014 0.000 0.000 1.00 0.0070014289 0.0000161013 0.0000191201 0.9999754894 True True True False
Pedestrian 0.00 1 -1 1336.84 457.80 1376.00 570.53 1.89 0.57 0.50 6.20 1.05 39.67 -1.595 0.000 0.000 -0.024 1.00 0.0000000000 0.0000000000 -0.0122233834 0.9999252917 True True True False
Pedestrian 0.00 1 -1 1761.89 451.75 1851.80 636.97 1.51 0.48 0.58 7.19 1.02 20.65 -1.571 0.000 0.000 0.000 1.00 0.0000000000 0.0000000000 0.0000000000 1.0000000000 True False True False
Pedestrian 0.00 1 -1 1742.63 431.42 1809.89 626.57 1.79 0.46 0.47 7.37 1.09 22.02 -1.601 0.000 0.000 -0.030 1.00 0.0000000000 0.0000000000 -0.0148790646 0.9998893006 True False True False
Pedestrian 0.00 2 -1 1586.83 469.54 1683.06 694.76 1.68 0.57 0.54 4.89 1.39 17.83 1.565 0.000 -0.003 3.135 1.00 0.0015446548 0.0000740151 0.9999941144 0.0030626383 True False True False
Pedestrian 0.21 1 -1 1862.04 450.78 1920.00 647.83 1.55 0.33 0.40 6.11 1.05 15.82 -1.571 0.000 0.000 0.000 1.00 0.0000000000 0.0000000000 0.0000000000 1.0000000000 True False True False
Pedestrian 0.09 2 -1 1864.02 429.81 1920.00 628.99 1.73 0.40 0.33 7.93 1.05 20.60 -1.571 0.000 0.000 0.000 1.00 0.0000000000 0.0000000000 0.0000000000 1.0000000000 True False True False
Pedestrian 0.00 1 -1 1651.03 444.93 1709.97 617.16 1.58 0.45 0.30 6.38 1.00 21.70 1.558 0.000 0.000 3.129 1.00 0.0000000000 0.0000000000 0.9999804952 0.0062457379 True False True False
Pedestrian 0.00 2 -1 1600.26 428.51 1667.07 621.44 1.75 0.50 0.35 5.91 1.03 21.57 1.530 0.000 0.000 3.101 1.00 0.0000000000 0.0000000000 0.9997932815 0.0203321001 True False True False
Pedestrian 0.00 3 -1 852.80 441.32 889.20 598.34 -1.00 -1.00 -1.00 -1000.00 -1000.00 -1000.00 -1.000 -1.000 -1.000 -1.000 1.00 -1000.0000000000 -1000.0000000000 -1000.0000000000 -1000.0000000000 True True False False
Pedestrian 0.00 2 -1 1267.56 473.75 1312.31 583.76 -1.00 -1.00 -1.00 -1000.00 -1000.00 -1000.00 -1.000 -1.000 -1.000 -1.000 1.00 -1000.0000000000 -1000.0000000000 -1000.0000000000 -1000.0000000000 True True False False
Pedestrian 0.00 2 -1 853.94 443.99 896.96 600.54 1.74 0.57 0.41 -1.27 1.03 26.50 -0.181 0.002 0.000 1.390 1.00 0.0005961923 0.0007893591 0.6402096148 0.7681996294 True True True False
