PassengerCar 0.29 0 -1 0.00 567.06 122.12 652.96 1.51 1.84 4.06 -18.43 2.64 45.96 1.563 0.000 0.000 3.134 1.00 0.0000000000 0.0000000000 0.9999924114 0.0038957906 True False True False
PassengerCar 0.00 1 -1 55.01 569.55 199.37 640.58 1.48 1.86 4.05 -18.41 2.70 50.57 -4.702 0.000 0.000 -3.131 1.00 0.0000000000 0.0000000000 -0.9999867825 0.0051414761 True False True False
PassengerCar 0.00 2 -1 142.83 570.35 272.85 632.86 1.34 1.84 4.12 -18.43 2.85 55.51 -4.696 -0.000 -0.001 -3.126 1.00 -0.0006811355 0.0000415292 -0.9999675841 0.0080227860 True False True False
PassengerCar 0.00 0 -1 297.22 556.86 390.51 617.69 1.54 1.81 4.05 -18.22 2.94 66.43 1.537 0.000 0.000 3.107 1.00 0.0000000000 0.0000000000 0.9998547075 0.0170459354 True True True False
PassengerCar 0.00 0 -1 402.30 560.24 483.43 605.99 1.41 1.74 4.08 -17.74 3.13 76.80 1.560 0.000 -0.006 3.130 1.00 0.0029599771 0.0000165942 0.9999799057 0.0056059351 True True True False
PassengerCar 0.00 2 -1 442.84 556.68 511.77 603.24 -1.00 -1.00 -1.00 -1000.00 -1000.00 -1000.00 -1.000 -1.000 -1.000 -1.000 1.00 -1000.0000000000 -1000.0000000000 -1000.0000000000 -1000.0000000000 True False False False
DontCare 0.00 -1 -1 538.29 553.35 698.72 591.41 -1.00 -1.00 -1.00 -1000.00 -1000.00 -1000.00 -1.000 -1.000 -1.000 -1.000 1.00 -1000.0000000000 -1000.0000000000 -1000.0000000000 -1000.0000000000 False False False False
Pedestrian 0.00 0 -1 1589.66 465.25 1649.57 610.38 1.86 0.53 0.77 8.09 1.31 30.12 -1.571 0.005 -0.010 -0.000 1.00 0.0023292068 -0.0050029562 -0.0000116531 0.9999847724 True False True False
Pedestrian 0.00 0 -1 1547.23 477.49 1596.02 611.92 1.65 0.65 0.35 7.53 1.32 30.12 -1.571 0.006 0.000 0.000 1.00 0.0031804875 0.0000000000 0.0000000000 0.9999949422 True False True False
Pedestrian 0.00 0 -1 1478.01 481.20 1529.54 598.24 1.81 0.71 0.44 8.14 1.37 37.18 -1.571 -0.001 -0.006 0.000 1.00 -0.0002557147 -0.0030318862 0.0000839071 0.9999953676 True True True False
Pedestrian 0.00 0 -1 1440.17 492.29 1478.71 600.51 1.74 0.59 0.37 7.47 1.43 37.25 -1.571 -0.000 0.000 0.000 1.00 -0.0000411001 0.0000000000 0.0000000000 0.9999999992 True True True False
Pedestrian 0.00 0 -1 1403.68 498.43 1443.58 595.82 1.66 0.58 0.57 7.49 1.50 40.52 -1.571 0.000 0.000 0.000 1.00 0.0000000000 0.0000000000 0.0000000000 1.0000000000 True True True False
Pedestrian 0.00 3 -1 1459.20 491.83 1487.66 583.24 1.77 0.42 0.38 8.24 1.46 40.09 -1.550 0.000 0.000 0.021 1.00 0.0000000000 0.0000000000 0.0105770131 0.9999440618 True True True False
Pedestrian 0.00 1 -1 1358.02 499.34 1395.06 583.09 1.75 0.65 0.64 8.22 1.58 49.87 -1.571 0.015 0.000 0.000 1.00 0.0073516139 0.0000000000 0.0000000000 0.9999729765 True True True False
Pedestrian 0.00 1 -1 1391.89 502.22 1417.06 580.41 1.67 0.45 0.48 9.10 1.59 51.33 -1.674 0.000 0.000 -0.103 1.00 0.0000000000 0.0000000000 -0.0516584462 0.9986648111 True True True False
Pedestrian 0.00 2 -1 1329.05 499.92 1366.34 580.65 1.73 0.71 0.68 7.81 1.56 51.20 -1.508 0.016 0.000 0.063 1.00 0.0081438034 0.0002558709 0.0314025496 0.9994736079 True True True False
Pedestrian 0.05 0 -1 1262.62 510.41 1287.01 577.29 1.73 0.54 0.64 7.58 1.81 62.43 -1.619 0.011 0.004 -0.048 1.00 0.0054253511 0.0020958568 -0.0241905947 0.9996904461 True True True False
Pedestrian 0.06 0 -1 1237.54 508.17 1261.45 574.67 1.80 0.50 0.65 6.92 1.82 62.40 -1.571 0.000 0.000 0.000 1.00 0.0000000000 0.0000000000 0.0000000000 1.0000000000 True True True False
Pedestrian 0.00 0 -1 786.94 545.69 802.81 579.30 -1.00 -1.00 -1.00 -1000.00 -1000.00 -1000.00 -1.000 -1.000 -1.000 -1.000 1.00 -1000.0000000000 -1000.0000000000 -1000.0000000000 -1000.0000000000 True True False False
