PassengerCar 0.00 0 -1 765.05 516.18 881.79 606.53 1.42 1.86 4.31 -2.73 1.56 39.57 -1.612 0.019 0.001 -0.041 1.00 0.0094590004 0.0004484241 -0.0204759890 0.9997454977 True True True False
PassengerCar 0.00 0 -1 924.99 512.90 1018.27 586.38 1.53 1.79 3.96 -0.29 1.57 49.21 -1.578 0.000 0.000 -0.007 1.00 0.0000000000 0.0000000000 -0.0034448762 0.9999940664 True True True False
PassengerCar 0.00 0 -1 1460.99 527.21 1703.60 698.19 1.58 1.80 4.19 5.87 1.80 23.32 -1.533 -0.004 -0.011 0.037 1.00 -0.0016589455 -0.0054081382 0.0187141680 0.9998088717 False False False False
PassengerCar 0.00 2 -1 1662.89 549.06 1885.57 690.76 1.50 1.73 4.05 8.53 2.00 26.20 -1.474 -0.000 -0.018 0.096 1.00 0.0002867219 -0.0088209784 0.0482155834 0.9987979604 True False True False
PassengerCar 0.71 0 -1 1783.07 543.94 1920.00 741.72 1.55 1.90 4.42 8.31 1.82 19.49 -1.578 0.000 -0.013 -0.007 1.00 -0.0000228012 -0.0066526724 -0.0034272796 0.9999719972 True False True False
PassengerCar 0.00 1 -1 417.71 522.32 539.03 580.50 1.33 1.60 3.74 -11.04 1.65 51.70 -4.678 0.000 0.001 -3.107 1.00 0.0003658863 -0.0000063375 -0.9998499571 0.0173184685 True True True False
PassengerCar 0.00 2 -1 918.69 508.54 979.15 562.39 -1.00 -1.00 -1.00 -1000.00 -1000.00 -1000.00 -1.000 -1.000 -1.000 -1.000 1.00 -1000.0000000000 -1000.0000000000 -1000.0000000000 -1000.0000000000 True True False False
PassengerCar 0.00 2 -1 907.10 508.84 944.61 542.31 -1.00 -1.00 -1.00 -1000.00 -1000.00 -1000.00 -1.000 -1.000 -1.000 -1.000 1.00 -1000.0000000000 -1000.0000000000 -1000.0000000000 -1000.0000000000 True True False False
PassengerCar 0.00 1 -1 617.09 509.42 652.36 540.17 -1.00 -1.00 -1.00 -1000.00 -1000.00 -1000.00 -1.000 -1.000 -1.000 -1.000 1.00 -1000.0000000000 -1000.0000000000 -1000.0000000000 -1000.0000000000 True True False False
PassengerCar 0.00 1 -1 1215.67 497.96 1347.68 563.64 -1.00 -1.00 -1.00 -1000.00 -1000.00 -1000.00 -1.000 -1.000 -1.000 -1.000 1.00 -1000.0000000000 -1000.0000000000 -1000.0000000000 -1000.0000000000 True True False False
PassengerCar 0.00 1 -1 1178.23 525.36 1306.25 589.76 -1.00 -1.00 -1.00 -1000.00 -1000.00 -1000.00 -1.000 -1.000 -1.000 -1.000 1.00 -1000.0000000000 -1000.0000000000 -1000.0000000000 -1000.0000000000 True True False False
PassengerCar 0.00 2 -1 1324.25 518.35 1402.10 574.74 -1.00 -1.00 -1.00 -1000.00 -1000.00 -1000.00 -1.000 -1.000 -1.000 -1.000 1.00 -1000.0000000000 -1000.0000000000 -1000.0000000000 -1000.0000000000 True False False False
PassengerCar 0.91 0 -1 1.81 516.76 44.71 665.84 1.39 1.82 4.15 -9.91 1.44 20.54 1.514 0.000 0.000 3.085 1.00 0.0000000000 0.0000000000 0.9995992201 0.0283089937 True False True False
PassengerCar 0.00 0 -1 1120.32 527.31 1215.09 568.93 -1.00 -1.00 -1.00 -1000.00 -1000.00 -1000.00 -1.000 -1.000 -1.000 -1.000 1.00 -1000.0000000000 -1000.0000000000 -1000.0000000000 -1000.0000000000 True True False True
PassengerCar 0.00 0 -1 1419.33 533.16 1501.45 584.87 1.51 1.81 4.12 14.94 2.35 74.28 -1.571 0.000 0.000 0.000 1.00 0.0000000000 0.0000000000 0.0000000000 1.0000000000 True True True False
DontCare 0.58 -1 -1 0.00 515.73 136.13 599.07 1.41 2.64 4.12 -16.70 1.55 39.04 -2.838 0.000 0.000 -1.267 1.00 0.0000000000 0.0000000000 -0.5919838468 0.8059498279 False False False False
DontCare 0.00 -1 -1 33.05 512.01 190.14 586.77 1.44 1.83 3.71 -17.58 1.52 47.96 -2.646 0.000 0.000 -1.075 1.00 0.0000000000 0.0000000000 -0.5120127780 0.8589778316 False False False False
DontCare 0.00 -1 -1 85.28 518.13 267.07 586.26 1.51 1.82 4.12 -17.60 1.68 51.55 -2.631 0.000 0.000 -1.060 1.00 0.0000000000 0.0000000000 -0.5054547174 0.8628531327 False False False False
DontCare 0.00 -1 -1 267.60 518.85 424.33 577.09 -1.00 -1.00 -1.00 -1000.00 -1000.00 -1000.00 -1.000 -1.000 -1.000 -1.000 1.00 -1000.0000000000 -1000.0000000000 -1000.0000000000 -1000.0000000000 False False False False
Pedestrian 0.00 0 -1 1090.54 489.01 1122.07 604.21 1.76 0.47 0.52 1.75 1.44 35.54 -3.124 0.000 0.000 -1.553 1.00 0.0000000000 0.0000000000 -0.7007910582 0.7133665907 True True True False
Pedestrian 0.00 1 -1 1106.48 474.30 1137.24 597.90 1.81 0.57 0.50 2.07 1.36 36.09 -3.112 0.000 0.000 -1.541 1.00 0.0000000000 0.0000000000 -0.6964969071 0.7175597943 True True True False
Pedestrian 0.00 0 -1 1416.93 521.18 1460.34 626.13 1.73 0.47 0.69 7.59 1.97 39.67 -2.998 0.000 0.000 -1.427 1.00 0.0000000000 0.0000000000 -0.6544807711 0.7560786469 True True True False
Pedestrian_is_group 0.00 0 -1 348.81 506.40 377.97 578.46 1.58 0.52 0.45 -13.83 1.55 52.21 -1.478 0.000 0.000 0.092 1.00 0.0000000000 0.0000000000 0.0461861754 0.9989328492 True False True True
Pedestrian 0.00 1 -1 676.71 492.96 702.73 570.84 1.95 0.77 0.60 -7.66 1.57 60.35 -3.141 0.000 0.000 -1.570 1.00 0.0000000000 0.0000000000 -0.7069666691 0.7072468655 True True True False
