PassengerCar 0.93 0 -1 1811.79 505.19 1920.00 932.37 1.44 1.82 4.05 4.61 1.10 6.75 -0.421 0.000 0.000 1.150 1.00 0.0000000000 0.0000000000 0.5437192257 0.8392671825 True False True True
PassengerCar 0.66 2 -1 1562.14 465.04 1920.00 852.73 1.31 1.84 3.91 4.51 1.17 9.66 -0.467 0.000 0.000 1.104 1.00 0.0000000000 0.0000000000 0.5242720547 0.8515508280 True False True False
PassengerCar 0.36 2 -1 1427.32 450.72 1919.58 752.81 1.50 1.92 4.26 4.36 1.22 12.47 -0.573 0.008 0.006 0.998 1.00 0.0023608855 0.0044616689 0.4785216919 0.8780612223 True True True False
PassengerCar 0.06 2 -1 1239.70 410.63 1899.25 712.98 1.74 1.84 4.51 3.98 1.20 15.02 -0.572 0.000 0.000 0.999 1.00 0.0000000000 0.0000000000 0.4789530207 0.8778405345 True True True False
PassengerCar 0.97 0 -1 0.00 449.12 265.32 1024.00 1.35 1.86 3.94 -2.74 1.25 3.85 -1.567 0.000 0.000 0.004 1.00 0.0000000000 0.0000000000 0.0020413528 0.9999979164 True False True True
PassengerCar 0.57 2 -1 0.00 448.48 459.82 944.81 1.45 1.71 2.83 -3.34 1.28 7.78 -3.101 0.001 0.031 -1.531 1.00 0.0111210870 0.0106821429 -0.6926484958 0.7211104454 True True True True
PassengerCar 0.00 2 -1 240.56 489.06 663.56 804.91 1.37 1.74 3.97 -2.61 1.33 11.92 -1.609 0.017 0.016 -0.038 1.00 0.0085263571 0.0077000478 -0.0191940072 0.9997497690 True True True False
PassengerCar 0.00 3 -1 387.68 530.44 703.77 764.78 1.42 1.62 3.97 -2.96 1.59 16.46 -1.613 0.000 0.000 -0.042 1.00 0.0000000000 0.0000000000 -0.0212253208 0.9997747175 True True True False
PassengerCar 0.00 3 -1 510.28 504.81 725.87 674.56 1.66 1.74 3.85 -3.47 1.63 21.40 -1.579 0.000 0.000 -0.008 1.00 0.0000000000 0.0000000000 -0.0042032686 0.9999911662 True True True True
PassengerCar 0.00 3 -1 596.34 512.11 772.89 652.55 1.49 1.79 3.93 -3.24 1.49 25.29 -1.565 0.000 0.000 0.006 1.00 0.0000000000 0.0000000000 0.0027580189 0.9999961967 True True True False
PassengerCar 0.00 3 -1 648.70 518.95 814.25 638.58 1.43 1.76 4.10 -3.23 1.58 30.27 -1.592 0.000 0.000 -0.021 1.00 0.0000000000 0.0000000000 -0.0104471974 0.9999454265 True True True False
PassengerCar 0.00 3 -1 717.67 523.00 823.99 620.60 1.44 1.85 4.05 -3.38 1.63 36.05 -1.588 0.000 0.000 -0.017 1.00 0.0000000000 0.0000000000 -0.0086155977 0.9999628850 True True True True
PassengerCar 0.00 3 -1 740.91 521.11 849.96 604.57 1.39 1.82 4.34 -3.38 1.63 41.59 -1.645 0.000 0.000 -0.074 1.00 0.0000000000 0.0000000000 -0.0368854700 0.9993194995 True True True False
PassengerCar 0.00 3 -1 1161.15 517.13 1437.62 647.86 1.48 1.82 4.05 3.94 1.34 23.79 -0.501 0.000 -0.015 1.070 1.00 0.0040643810 -0.0063976976 0.5098811029 0.8602114921 True True True True
PassengerCar 0.00 3 -1 1124.33 514.65 1320.18 604.11 1.56 1.80 3.99 4.34 1.13 30.98 -0.563 -0.008 -0.023 1.008 1.00 0.0020759761 -0.0121146716 0.4827458581 0.8756742325 True True True True
PassengerCar 0.00 3 -1 1104.25 509.49 1285.42 598.39 1.87 2.05 4.06 3.89 1.84 35.92 -0.521 0.000 0.000 1.050 1.00 0.0000000000 0.0000000000 0.5012108999 0.8653251607 True True True True
PassengerCar 0.00 3 -1 1032.02 523.18 1166.95 590.70 1.66 1.84 3.78 3.51 1.88 54.63 -0.595 0.000 0.000 0.976 1.00 0.0000000000 0.0000000000 0.4688826600 0.8832604662 True True True True
PassengerCar_is_group 0.00 3 -1 781.58 521.05 855.75 587.57 1.44 1.80 5.86 -3.48 1.63 49.39 -1.578 0.000 0.000 -0.007 1.00 0.0000000000 0.0000000000 -0.0035627714 0.9999936533 True True True False
PassengerCar 0.00 2 -1 1014.29 518.05 1115.19 579.13 -1.00 -1.00 -1.00 -1000.00 -1000.00 -1000.00 -1.000 -1.000 -1.000 -1.000 1.00 -1000.0000000000 -1000.0000000000 -1000.0000000000 -1000.0000000000 True True False False
PassengerCar 0.00 3 -1 996.52 508.57 1092.47 567.27 -1.00 -1.00 -1.00 -1000.00 -1000.00 -1000.00 -1.000 -1.000 -1.000 -1.000 1.00 -1000.0000000000 -1000.0000000000 -1000.0000000000 -1000.0000000000 True True False False
PassengerCar 0.00 0 -1 915.06 518.50 961.09 558.30 -1.00 -1.00 -1.00 -1000.00 -1000.00 -1000.00 -1.000 -1.000 -1.000 -1.000 1.00 -1000.0000000000 -1000.0000000000 -1000.0000000000 -1000.0000000000 True True False False
PassengerCar 0.00 3 -1 1131.22 504.10 1331.61 590.41 1.46 1.80 3.93 4.14 1.21 33.38 -0.584 0.000 0.000 0.987 1.00 0.0000000000 0.0000000000 0.4735204099 0.8807828458 True True True True
PassengerCar_is_group 0.00 2 -1 815.73 519.14 881.91 574.76 1.49 2.40 6.53 -3.97 1.77 70.51 -1.569 0.000 0.000 0.002 1.00 0.0000000000 0.0000000000 0.0009483621 0.9999995503 True True True True
PassengerCar 0.00 2 -1 849.11 521.35 903.88 561.19 -1.00 -1.00 -1.00 -1000.00 -1000.00 -1000.00 -1.000 -1.000 -1.000 -1.000 1.00 -1000.0000000000 -1000.0000000000 -1000.0000000000 -1000.0000000000 True True False False
PassengerCar 0.00 3 -1 972.28 513.68 1031.19 560.72 -1.00 -1.00 -1.00 -1000.00 -1000.00 -1000.00 -1.000 -1.000 -1.000 -1.000 1.00 -1000.0000000000 -1000.0000000000 -1000.0000000000 -1000.0000000000 True True False False
