PassengerCar 0.00 0 -1 730.11 513.90 814.91 576.25 1.71 1.83 4.10 -5.73 1.68 63.06 -4.697 0.000 0.000 -3.127 1.00 0.0000000000 0.0000000000 -0.9999719137 0.0074947811 True True True False
PassengerCar 0.00 0 -1 853.18 527.58 899.23 563.14 -1.00 -1.00 -1.00 -1000.00 -1000.00 -1000.00 -1.000 -1.000 -1.000 -1.000 1.00 -1000.0000000000 -1000.0000000000 -1000.0000000000 -1000.0000000000 True True False False
PassengerCar 0.00 0 -1 913.86 528.23 962.20 560.24 -1.00 -1.00 -1.00 -1000.00 -1000.00 -1000.00 -1.000 -1.000 -1.000 -1.000 1.00 -1000.0000000000 -1000.0000000000 -1000.0000000000 -1000.0000000000 True True False False
PassengerCar 0.00 0 -1 1131.19 532.96 1179.06 568.61 -1.00 -1.00 -1.00 -1000.00 -1000.00 -1000.00 -1.000 -1.000 -1.000 -1.000 1.00 -1000.0000000000 -1000.0000000000 -1000.0000000000 -1000.0000000000 True True False False
Pedestrian 0.00 0 -1 86.12 500.01 119.72 592.11 1.92 0.66 0.54 -17.70 1.63 46.98 1.211 0.000 0.000 2.782 1.00 0.0000000000 0.0000000000 0.9839039272 0.1786982428 True False True False
Pedestrian 0.05 0 -1 316.14 500.64 342.56 586.05 1.76 0.46 0.37 -14.08 1.63 50.34 1.371 0.000 0.000 2.942 1.00 0.0000000000 0.0000000000 0.9950239815 0.0996357178 True True True False
Pedestrian 0.00 0 -1 343.63 501.94 371.48 585.63 1.74 0.49 0.33 -13.44 1.62 50.20 1.449 0.000 0.000 3.019 1.00 0.0000000000 0.0000000000 0.9981330767 0.0610766835 True True True False
Pedestrian 0.00 0 -1 290.01 497.24 316.83 586.66 1.91 0.49 0.53 -15.03 1.70 51.66 1.369 0.000 0.000 2.940 1.00 0.0000000000 0.0000000000 0.9949389518 0.1004812534 True False True True
Pedestrian 0.00 0 -1 245.71 504.15 271.82 587.51 1.85 0.64 0.40 -16.63 1.78 53.66 -3.138 0.000 0.000 -1.567 1.00 0.0000000000 0.0000000000 -0.7057563198 0.7084546684 True False True False
Pedestrian 0.00 0 -1 214.60 508.83 243.43 577.37 1.52 0.51 0.45 -17.34 1.56 53.81 -3.152 0.000 0.000 -1.581 1.00 0.0000000000 0.0000000000 -0.7107289329 0.7034659792 True False True False
Pedestrian 0.00 0 -1 378.19 503.69 408.63 583.62 1.75 0.61 0.63 -13.42 1.68 53.14 1.249 0.000 0.000 2.819 1.00 0.0000000000 0.0000000000 0.9870600306 0.1603511648 True True True False
Pedestrian 0.05 3 -1 372.69 504.22 397.92 577.80 1.66 0.50 0.55 -14.03 1.59 54.83 1.242 0.000 0.000 2.813 1.00 0.0000000000 0.0000000000 0.9865572992 0.1634157136 True True True False
Pedestrian 0.06 0 -1 478.12 501.73 499.72 571.79 1.76 0.45 0.51 -13.01 1.63 61.36 1.210 0.000 0.000 2.781 1.00 0.0000000000 0.0000000000 0.9837702067 0.1794329413 True True True False
Pedestrian 0.06 0 -1 453.76 503.64 474.91 569.57 1.63 0.43 0.49 -13.54 1.56 60.88 1.236 0.000 0.000 2.807 1.00 0.0000000000 0.0000000000 0.9860261376 0.1665906840 True True True False
Pedestrian 0.06 0 -1 509.95 506.02 530.84 568.36 1.74 0.60 0.59 -13.50 1.70 68.07 -1.709 0.000 0.000 -0.138 1.00 0.0000000000 0.0000000000 -0.0689398637 0.9976208173 True True True False
Pedestrian 0.00 2 -1 562.29 512.89 576.70 561.45 -1.00 -1.00 -1.00 -1000.00 -1000.00 -1000.00 -1.000 -1.000 -1.000 -1.000 1.00 -1000.0000000000 -1000.0000000000 -1000.0000000000 -1000.0000000000 True True False False
Pedestrian 0.00 0 -1 610.21 508.41 644.02 566.19 -1.00 -1.00 -1.00 -1000.00 -1000.00 -1000.00 -1.000 -1.000 -1.000 -1.000 1.00 -1000.0000000000 -1000.0000000000 -1000.0000000000 -1000.0000000000 True True False False
Pedestrian 0.00 0 -1 640.60 513.88 658.29 568.09 -1.00 -1.00 -1.00 -1000.00 -1000.00 -1000.00 -1.000 -1.000 -1.000 -1.000 1.00 -1000.0000000000 -1000.0000000000 -1000.0000000000 -1000.0000000000 True True False False
