PassengerCar 0.00 0 -1 410.94 514.20 504.79 576.46 1.50 1.85 4.20 -12.79 1.39 56.51 -4.708 -0.036 0.000 -3.137 1.00 0.0000405727 0.0179063300 -0.9998371012 0.0022655737 True True True False
PassengerCar 0.00 2 -1 476.79 505.44 541.92 566.65 1.50 1.80 4.20 -13.41 1.34 63.19 1.533 -0.043 -0.002 3.103 1.00 0.0004071852 -0.0212842173 0.9995904785 0.0191230629 True True True False
PassengerCar 0.00 2 -1 511.81 511.47 576.10 560.31 1.50 1.80 4.20 -13.83 1.39 68.32 1.544 0.036 0.001 3.114 1.00 -0.0002415761 0.0177903280 0.9997495427 0.0135756305 True True True False
PassengerCar 0.00 2 -1 542.21 513.02 599.43 556.53 -1.00 -1.00 -1.00 -1000.00 -1000.00 -1000.00 -1.000 -1.000 -1.000 -1.000 1.00 -1000.0000000000 -1000.0000000000 -1000.0000000000 -1000.0000000000 True True False False
PassengerCar 0.00 0 -1 567.10 516.11 636.19 553.15 -1.00 -1.00 -1.00 -1000.00 -1000.00 -1000.00 -1.000 -1.000 -1.000 -1.000 1.00 -1000.0000000000 -1000.0000000000 -1000.0000000000 -1000.0000000000 True True False False
PassengerCar 0.00 1 -1 639.01 506.84 720.43 543.97 -1.00 -1.00 -1.00 -1000.00 -1000.00 -1000.00 -1.000 -1.000 -1.000 -1.000 1.00 -1000.0000000000 -1000.0000000000 -1000.0000000000 -1000.0000000000 True False False False
PassengerCar 0.00 3 -1 443.41 512.38 522.93 570.35 -1.00 -1.00 -1.00 -1000.00 -1000.00 -1000.00 -1.000 -1.000 -1.000 -1.000 1.00 -1000.0000000000 -1000.0000000000 -1000.0000000000 -1000.0000000000 True False False False
Pedestrian 0.67 0 -1 1875.16 438.96 1920.00 641.02 1.56 0.63 0.62 8.09 0.96 20.09 -3.157 0.000 0.000 -1.586 1.00 0.0000000000 0.0000000000 -0.7124422983 0.7017306973 True False True False
Pedestrian 0.00 0 -1 815.26 459.49 892.79 609.34 1.70 0.64 0.87 -1.58 1.12 28.03 -3.181 0.000 0.000 -1.610 1.00 0.0000000000 0.0000000000 -0.7208304315 0.6931114550 True True True False
Pedestrian 0.00 0 -1 872.86 465.42 948.74 605.00 1.69 0.47 0.74 -0.88 1.09 28.64 -3.171 0.000 0.000 -1.600 1.00 0.0000000000 0.0000000000 -0.7173603649 0.6967023086 True True True False
Pedestrian 0.00 0 -1 912.98 460.36 954.75 595.62 1.74 0.43 0.51 -0.75 1.08 29.30 -3.160 0.000 0.000 -1.589 1.00 0.0000000000 0.0000000000 -0.7136135537 0.7005395748 True True True False
Pedestrian 0.05 0 -1 1287.33 478.50 1313.14 548.85 1.84 0.45 0.46 7.63 0.85 56.51 -1.659 0.000 0.000 -0.088 1.00 0.0000000000 0.0000000000 -0.0439046505 0.9990357259 True True True False
Pedestrian 0.00 0 -1 1343.64 472.74 1374.63 552.56 1.78 0.59 0.42 7.70 0.85 48.37 -4.685 0.000 0.000 -3.115 1.00 0.0000000000 0.0000000000 -0.9999089721 0.0134924963 True True True False
Pedestrian 0.00 0 -1 1375.72 473.98 1403.06 552.13 1.78 0.50 0.67 8.37 0.84 48.55 -4.699 0.000 0.000 -3.128 1.00 0.0000000000 0.0000000000 -0.9999776888 0.0066799573 True True True False
Pedestrian 0.00 0 -1 1411.29 469.24 1440.49 557.63 1.72 0.51 0.39 8.94 0.83 48.13 -4.708 0.000 0.000 -3.138 1.00 0.0000000000 0.0000000000 -0.9999979652 0.0020173432 True True True False
Pedestrian 0.00 0 -1 1438.61 463.47 1471.13 555.32 1.82 0.62 0.52 9.54 0.89 47.96 1.570 0.006 0.000 3.141 1.00 -0.0000007023 0.0030762588 0.9999952423 0.0002282361 True True True False
Pedestrian 0.07 0 -1 1813.92 456.35 1844.84 539.33 1.50 0.24 0.40 17.60 0.52 49.04 -4.596 0.000 0.000 -3.025 1.00 0.0000000000 0.0000000000 -0.9983051270 0.0581968499 True False False False
