PassengerCar 0.00 1 -1 943.10 491.83 1309.69 643.34 1.51 1.98 4.28 1.69 1.38 25.87 -0.426 0.000 0.000 1.145 1.00 0.0000000000 0.0000000000 0.5415313405 0.8406805619 True True True False
PassengerCar 0.09 3 -1 0.00 521.93 331.33 643.30 1.50 1.95 4.27 -11.01 1.69 31.01 -3.606 0.000 0.000 -2.035 1.00 0.0000000000 0.0000000000 -0.8507767546 0.5255272723 True False True False
DontCare 0.00 3 -1 1745.00 436.00 1875.00 540.00 2.10 1.33 2.23 16.91 0.66 48.46 -0.436 0.000 0.000 1.134 1.00 0.0000000000 0.0000000000 0.5372995657 0.8433914730 False False False False
LargeVehicle 0.00 1 -1 777.33 443.18 997.07 578.11 3.44 2.77 13.32 -2.67 1.72 68.16 -1.315 0.025 -0.007 0.256 1.00 0.0127569936 -0.0016392452 0.1274393278 0.9917629705 True True True False
LargeVehicle 0.00 3 -1 923.84 456.60 1103.14 556.29 3.29 3.42 12.37 0.95 1.46 82.67 -1.330 0.000 0.000 0.241 1.00 0.0000000000 0.0000000000 0.1202752965 0.9927405769 True True True False
Pedestrian 0.53 0 -1 1498.60 40.50 1920.00 1024.00 1.72 0.73 0.54 0.95 1.16 2.96 -3.169 0.000 0.000 -1.598 1.00 0.0000000000 0.0000000000 -0.7166214543 0.6974623224 True True True False
Pedestrian 0.20 1 -1 1360.21 323.55 1775.46 1024.00 1.50 0.64 0.47 1.08 1.18 4.44 -3.554 0.000 0.000 -1.983 1.00 0.0000000000 0.0000000000 -0.8368115868 0.5474909755 True True True False
Pedestrian 0.10 0 -1 1100.33 247.79 1463.14 1024.00 1.63 0.82 0.34 0.59 1.13 4.91 -3.628 0.000 0.000 -2.057 1.00 0.0000000000 0.0000000000 -0.8565856111 0.5160049329 True True True False
Pedestrian 0.09 0 -1 324.32 231.40 564.73 1024.00 1.83 0.71 0.42 -1.22 1.24 5.35 -0.055 0.000 0.000 1.516 1.00 0.0000000000 0.0000000000 0.6873665922 0.7263106553 True True True False
Pedestrian 0.00 0 -1 52.40 415.75 300.65 877.76 1.55 0.66 0.83 -2.78 1.23 8.05 -0.253 0.000 0.000 1.318 1.00 0.0000000000 0.0000000000 0.6124389371 0.7905178988 True False True False
Pedestrian 0.00 1 -1 35.12 364.53 328.60 851.65 1.81 0.65 1.06 -2.96 1.29 8.68 -0.253 -0.016 -0.005 1.317 1.00 -0.0050884879 -0.0068451411 0.6120599992 0.7907653310 True False True False
Pedestrian 0.06 1 -1 0.00 384.18 130.37 828.80 1.75 0.68 0.51 -3.80 1.26 9.68 -3.503 0.000 0.000 -1.932 1.00 0.0000000000 0.0000000000 -0.8226970552 0.5684800396 True False True False
Pedestrian 0.00 3 -1 5.79 389.95 132.07 806.85 1.77 0.74 0.50 -4.07 1.27 10.43 -3.510 0.000 0.000 -1.939 1.00 0.0000000000 0.0000000000 -0.8246297538 0.5656728464 True False True True
