PassengerCar 0.00 0 -1 0.00 530.14 165.40 797.59 1.48 1.65 4.42 3.59 1.36 15.97 -1.624 -0.018 0.019 -0.054 1.00 -0.0085421997 0.0095497083 -0.0266842403 0.9995617966 True True True True
PassengerCar 0.00 0 -1 479.19 519.22 631.04 632.35 1.66 1.91 4.22 5.32 1.97 64.92 -1.476 -0.026 -0.000 0.095 1.00 -0.0130105780 -0.0008473461 0.0475519284 0.9987836708 True True True False
PassengerCar 0.00 1 -1 530.86 519.50 648.10 626.29 -1.00 -1.00 -1.00 -1000.00 -1000.00 -1000.00 -1.000 -1.000 -1.000 -1.000 1.00 -1000.0000000000 -1000.0000000000 -1000.0000000000 -1000.0000000000 True True False False
PassengerCar 0.00 -1 -1 825.42 533.50 945.76 566.81 -1.00 -1.00 -1.00 -1000.00 -1000.00 -1000.00 -1.000 -1.000 -1.000 -1.000 1.00 -1000.0000000000 -1000.0000000000 -1000.0000000000 -1000.0000000000 -1 -1 -1 -1
PassengerCar 0.00 -1 -1 1068.50 530.48 1159.64 564.36 -1.00 -1.00 -1.00 -1000.00 -1000.00 -1000.00 -1.000 -1.000 -1.000 -1.000 1.00 -1000.0000000000 -1000.0000000000 -1000.0000000000 -1000.0000000000 -1 -1 -1 -1
PassengerCar 0.00 3 -1 1147.11 520.64 1213.18 579.84 1.57 1.79 4.08 -6.26 1.79 35.50 -4.708 0.000 0.000 -3.138 1.00 0.0000000000 0.0000000000 -0.9999979796 0.0020101912 True True True False
PassengerCar 0.00 2 -1 1332.62 487.83 1750.18 737.69 1.52 1.81 3.99 -5.76 1.67 30.60 1.558 -0.000 0.000 3.128 1.00 -0.0000538541 -0.0000003556 0.9999780532 0.0066249642 True True True False
LargeVehicle 0.06 1 -1 56.19 275.30 600.76 698.06 3.38 2.93 10.64 -5.80 1.50 22.02 1.565 0.009 0.000 3.135 1.00 -0.0000133896 0.0043336493 0.9999858367 0.0030896153 True True True False
Pedestrian 0.00 -1 -1 835.03 516.89 852.32 574.83 -1.00 -1.00 -1.00 -1000.00 -1000.00 -1000.00 -1.000 -1.000 -1.000 -1.000 1.00 -1000.0000000000 -1000.0000000000 -1000.0000000000 -1000.0000000000 -1 -1 -1 -1
Pedestrian 0.07 0 -1 850.85 517.29 878.56 571.61 1.72 0.46 0.53 -4.57 2.06 73.16 0.055 0.000 0.000 1.626 1.00 0.0000000000 0.0000000000 0.7262010808 0.6874823563 True True True False
Pedestrian 0.00 -1 -1 699.24 519.00 717.05 577.42 -1.00 -1.00 -1.00 -1000.00 -1000.00 -1000.00 -1.000 -1.000 -1.000 -1.000 1.00 -1000.0000000000 -1000.0000000000 -1000.0000000000 -1000.0000000000 -1 -1 -1 -1
Pedestrian 0.07 0 -1 716.91 518.51 734.64 577.84 1.48 0.48 0.46 -8.60 1.83 72.07 -1.743 0.000 0.000 -0.172 1.00 0.0000000000 0.0000000000 -0.0859944373 0.9962956171 True True True False
Pedestrian 0.00 0 -1 649.53 516.77 673.54 573.16 -1.00 -1.00 -1.00 -1000.00 -1000.00 -1000.00 -1.000 -1.000 -1.000 -1.000 1.00 -1000.0000000000 -1000.0000000000 -1000.0000000000 -1000.0000000000 True True False False
