PassengerCar 0.29 0 -1 0.00 432.22 388.34 754.08 1.65 2.00 4.56 -4.44 1.20 12.81 -1.723 -0.001 0.006 -0.153 1.00 -0.0002468459 0.0032273436 -0.0762626369 0.9970825109 True False True False
PassengerCar 0.00 2 -1 50.05 487.22 452.91 632.88 1.55 1.90 4.01 -7.60 1.34 24.22 -2.919 0.000 0.000 -1.348 1.00 0.0000000000 0.0000000000 -0.6240372228 0.7813946151 True True True False
PassengerCar 0.00 0 -1 543.13 514.35 874.53 629.52 1.38 1.89 4.46 -3.42 1.44 28.87 -4.130 -0.045 0.014 -2.559 1.00 0.0005385281 0.0234144486 -0.9576244355 0.2870660450 True True True False
PassengerCar 0.00 3 -1 201.57 512.87 488.94 600.89 1.43 1.80 4.01 -10.35 1.40 37.55 -2.787 0.000 0.000 -1.216 1.00 0.0000000000 0.0000000000 -0.5712448970 0.8207796706 True True True True
PassengerCar 0.00 3 -1 786.08 509.33 920.19 613.98 1.48 1.84 4.13 -1.98 1.53 35.27 -1.758 0.026 -0.008 -0.187 1.00 0.0125911052 -0.0050041683 -0.0932334682 0.9955520794 True True True False
PassengerCar 0.00 1 -1 837.65 506.02 1038.87 663.36 1.47 1.88 3.93 -0.39 1.43 24.23 -1.781 0.032 -0.003 -0.211 1.00 0.0155965526 -0.0030258514 -0.1051034186 0.9943343820 True True True False
PassengerCar 0.00 0 -1 912.45 496.01 1188.38 690.97 1.41 1.74 3.87 0.46 1.34 19.44 -1.768 0.079 0.019 -0.197 1.00 0.0403244689 0.0056398639 -0.0987794562 0.9942759919 True True True False
PassengerCar 0.94 0 -1 1563.45 406.52 1920.00 1024.00 1.51 1.90 4.38 2.74 1.24 4.57 -1.692 0.023 -0.001 -0.121 1.00 0.0113811978 -0.0011053027 -0.0606999762 0.9980905568 True False True True
PassengerCar 0.00 3 -1 308.79 519.30 496.47 586.93 1.61 1.87 3.87 -13.19 1.80 52.20 -2.717 0.000 0.000 -1.146 1.00 0.0000000000 0.0000000000 -0.5423393773 0.8401595085 True True True True
DontCare 0.00 -1 -1 541.88 515.15 676.41 564.49 -1.00 -1.00 -1.00 -1000.00 -1000.00 -1000.00 -1.000 -1.000 -1.000 -1.000 1.00 -1000.0000000000 -1000.0000000000 -1000.0000000000 -1000.0000000000 False False False False
Vehicle 0.00 3 -1 760.00 499.00 893.00 592.00 1.50 1.80 4.02 -2.78 1.37 39.96 -1.751 0.000 0.000 -0.180 1.00 0.0000000000 0.0000000000 -0.0898744440 0.9959531035 False False True True
