PassengerCar 0.77 0 -1 0.00 401.28 956.91 1024.00 1.50 1.94 3.97 -2.23 1.30 5.05 -0.578 0.000 0.000 0.993 1.00 0.0000000000 0.0000000000 0.4764036196 0.8792267007 True True True False
PassengerCar 0.69 0 -1 1675.36 454.56 1920.00 832.12 1.41 1.84 3.81 4.62 1.17 9.62 -0.543 0.000 0.000 1.028 1.00 0.0000000000 0.0000000000 0.4916738565 0.8707794318 True False True False
PassengerCar 0.00 2 -1 891.69 533.26 1033.01 598.16 1.42 1.58 3.11 -0.61 1.98 53.52 -2.274 0.000 0.000 -0.703 1.00 0.0000000000 0.0000000000 -0.3444312557 0.9388115413 True True True False
Pedestrian 0.00 1 -1 1123.62 491.02 1166.71 626.35 1.86 0.38 0.50 2.15 1.62 32.44 -0.901 0.000 0.000 0.670 1.00 0.0000000000 0.0000000000 0.3286816846 0.9444407606 True True True False
Pedestrian 0.00 1 -1 1139.11 508.49 1180.68 619.09 1.48 0.58 0.45 2.31 1.50 31.75 -1.493 0.003 0.001 0.078 1.00 0.0013484433 0.0007688047 0.0389649095 0.9992393740 True True True True
Pedestrian 0.00 3 -1 1149.38 499.04 1191.05 613.30 1.59 0.60 0.51 2.61 1.48 33.57 -1.510 0.000 0.000 0.061 1.00 0.0000000000 0.0000000000 0.0304682942 0.9995357338 True True True False
Pedestrian 0.00 0 -1 944.61 517.46 988.63 617.16 1.42 0.53 0.67 -0.26 1.53 33.79 -2.167 0.000 0.000 -0.596 1.00 0.0000000000 0.0000000000 -0.2938300719 0.9558576719 True True True False
Pedestrian 0.00 0 -1 911.33 498.72 953.30 617.52 1.62 0.41 0.46 -0.75 1.52 33.63 -2.160 0.000 0.000 -0.589 1.00 0.0000000000 0.0000000000 -0.2903820598 0.9569107897 True True True False
Pedestrian 0.00 0 -1 1327.13 498.21 1377.98 627.28 1.69 0.68 0.53 4.76 1.57 30.44 -1.311 0.000 0.000 0.260 1.00 0.0000000000 0.0000000000 0.1296023419 0.9915660507 True True True False
Pedestrian 0.00 1 -1 1301.05 507.13 1342.24 632.22 1.52 0.50 0.56 4.47 1.51 31.22 -1.221 0.000 0.000 0.349 1.00 0.0000000000 0.0000000000 0.1738582193 0.9847706939 True True True False
Pedestrian 0.00 2 -1 1293.70 500.87 1337.13 622.68 1.69 0.37 0.45 4.64 1.62 33.39 -0.741 0.000 0.000 0.830 1.00 0.0000000000 0.0000000000 0.4032184685 0.9151037464 True True True False
Pedestrian 0.00 3 -1 1227.33 512.24 1259.95 610.00 1.52 0.39 0.33 3.93 1.58 36.32 1.334 0.000 0.000 2.904 1.00 0.0000000000 0.0000000000 0.9929768491 0.1183088213 True True True False
Pedestrian 0.00 2 -1 1262.28 508.72 1290.06 610.53 1.53 0.41 0.48 4.40 1.58 35.75 -4.411 0.000 0.000 -2.840 1.00 0.0000000000 0.0000000000 -0.9886422226 0.1502882422 True True True False
Pedestrian 0.00 0 -1 1412.49 501.58 1464.01 615.53 1.82 0.74 0.77 7.14 1.71 37.42 -4.550 0.000 0.000 -2.979 1.00 0.0000000000 0.0000000000 -0.9967139168 0.0810022717 True True True False
Pedestrian 0.00 0 -1 1638.85 496.10 1684.19 616.23 1.89 0.52 0.46 10.53 1.70 36.83 -3.906 0.000 0.000 -2.335 1.00 0.0000000000 0.0000000000 -0.9197713471 0.3924546713 True False True False
Pedestrian 0.00 0 -1 1600.44 496.00 1652.76 613.14 1.84 0.59 0.75 10.09 1.67 37.24 -4.149 0.000 0.000 -2.578 1.00 0.0000000000 0.0000000000 -0.9605922570 0.2779613565 True False True False
Pedestrian 0.00 0 -1 1564.51 492.69 1617.13 616.56 2.04 0.64 0.54 9.88 1.78 38.56 -3.886 0.000 0.000 -2.315 1.00 0.0000000000 0.0000000000 -0.9158051948 0.4016227649 True False True False
Pedestrian 0.00 2 -1 1743.36 492.35 1786.64 598.67 1.53 0.85 0.52 12.71 1.39 38.42 -3.890 0.000 0.000 -2.319 1.00 0.0000000000 0.0000000000 -0.9166373035 0.3997199692 True False True False
Pedestrian 0.00 1 -1 1698.94 484.09 1751.18 607.21 2.12 0.67 0.49 12.78 1.73 40.80 -1.809 0.000 0.000 -0.238 1.00 0.0000000000 0.0000000000 -0.1189248822 0.9929032543 True False True True
