PassengerCar 0.47 0 -1 1.19 540.75 156.38 668.20 1.50 1.77 4.06 -12.20 1.82 29.65 -4.636 0.000 0.000 -3.065 1.00 0.0000000000 0.0000000000 -0.9992654619 0.0383214919 True True True False
PassengerCar 0.00 0 -1 167.13 538.58 345.18 645.73 1.55 1.83 4.07 -11.99 1.84 38.72 -4.676 0.000 0.000 -3.105 1.00 0.0000000000 0.0000000000 -0.9998346871 0.0181823655 True False True False
PassengerCar 0.00 0 -1 389.04 513.38 551.82 625.41 1.79 1.95 4.43 -9.52 1.74 42.93 -4.699 0.032 -0.000 -3.128 1.00 -0.0001088728 -0.0158584537 -0.9998506771 0.0068644850 True True True False
PassengerCar 0.00 0 -1 511.91 450.52 710.62 615.98 2.33 2.39 6.08 -5.81 1.46 37.96 -4.678 0.027 -0.001 -3.107 1.00 -0.0002279217 -0.0132625751 -0.9997643991 0.0171813401 True True True False
PassengerCar 0.00 0 -1 727.83 518.97 828.40 585.52 1.59 1.80 3.83 -5.17 1.43 57.25 -4.618 0.000 0.000 -3.047 1.00 0.0000000000 0.0000000000 -0.9988868143 0.0471713064 True True True False
PassengerCar 0.00 1 -1 793.79 524.96 861.37 571.50 -1.00 -1.00 -1.00 -1000.00 -1000.00 -1000.00 -1.000 -1.000 -1.000 -1.000 1.00 -1000.0000000000 -1000.0000000000 -1000.0000000000 -1000.0000000000 True True False False
PassengerCar 0.00 1 -1 842.80 521.42 904.04 563.96 -1.00 -1.00 -1.00 -1000.00 -1000.00 -1000.00 -1.000 -1.000 -1.000 -1.000 1.00 -1000.0000000000 -1000.0000000000 -1000.0000000000 -1000.0000000000 True True False False
PassengerCar 0.00 0 -1 1158.81 514.58 1269.42 609.39 1.57 1.84 3.99 4.08 1.39 41.28 -1.538 -0.000 -0.015 0.032 1.00 -0.0001181048 -0.0072976645 0.0161813613 0.9998424344 True True True False
PassengerCar 0.00 0 -1 1146.23 514.20 1241.07 595.48 1.52 1.85 4.09 4.32 1.43 48.45 -1.571 0.000 0.000 0.000 1.00 0.0000000000 0.0000000000 0.0000000000 1.0000000000 True True True False
PassengerCar 0.00 0 -1 1127.18 514.89 1217.47 590.87 1.52 1.80 3.82 4.32 1.39 54.27 -1.533 0.000 -0.021 0.038 1.00 0.0001984988 -0.0104954778 0.0189083679 0.9997661122 True True True False
PassengerCar 0.00 2 -1 1090.35 519.90 1132.73 567.23 -1.00 -1.00 -1.00 -1000.00 -1000.00 -1000.00 -1.000 -1.000 -1.000 -1.000 1.00 -1000.0000000000 -1000.0000000000 -1000.0000000000 -1000.0000000000 True True False True
PassengerCar 0.00 0 -1 1066.78 519.62 1105.43 551.83 -1.00 -1.00 -1.00 -1000.00 -1000.00 -1000.00 -1.000 -1.000 -1.000 -1.000 1.00 -1000.0000000000 -1000.0000000000 -1000.0000000000 -1000.0000000000 True False False False
Vehicle 0.00 0 -1 1111.25 462.26 1217.79 579.66 3.11 2.46 5.54 4.37 1.37 60.27 -1.571 0.015 0.000 0.000 1.00 0.0073357093 0.0000000000 0.0000000000 0.9999730933 False False True False
