PassengerCar 0.00 0 -1 599.74 507.83 708.75 568.80 1.52 1.72 3.97 -8.60 1.52 61.01 -4.561 0.000 0.000 -2.991 1.00 0.0000000000 0.0000000000 -0.9971539765 0.0753919563 True True True False
PassengerCar 0.00 0 -1 714.89 507.42 825.26 568.36 1.53 1.80 3.83 -5.55 1.47 59.41 -4.508 0.000 0.000 -2.938 1.00 0.0000000000 0.0000000000 -0.9948073206 0.1017762003 True True True False
PassengerCar 0.00 0 -1 972.23 509.69 1015.80 539.89 -1.00 -1.00 -1.00 -1000.00 -1000.00 -1000.00 -1.000 -1.000 -1.000 -1.000 1.00 -1000.0000000000 -1000.0000000000 -1000.0000000000 -1000.0000000000 True True False False
PassengerCar 0.00 2 -1 1103.80 502.48 1147.95 538.43 -1.00 -1.00 -1.00 -1000.00 -1000.00 -1000.00 -1.000 -1.000 -1.000 -1.000 1.00 -1000.0000000000 -1000.0000000000 -1000.0000000000 -1000.0000000000 True True False False
PassengerCar 0.00 3 -1 1267.11 507.96 1339.74 564.49 -1.00 -1.00 -1.00 -1000.00 -1000.00 -1000.00 -1.000 -1.000 -1.000 -1.000 1.00 -1000.0000000000 -1000.0000000000 -1000.0000000000 -1000.0000000000 True True False False
PassengerCar 0.00 0 -1 893.65 507.38 964.74 548.74 -1.00 -1.00 -1.00 -1000.00 -1000.00 -1000.00 -1.000 -1.000 -1.000 -1.000 1.00 -1000.0000000000 -1000.0000000000 -1000.0000000000 -1000.0000000000 True True False False
PassengerCar 0.00 0 -1 808.77 507.68 899.29 566.11 1.57 1.70 4.25 -3.79 1.62 67.33 -4.552 0.000 0.000 -2.981 1.00 0.0000000000 0.0000000000 -0.9967721347 0.0802826979 True True True False
PassengerCar 0.00 2 -1 1002.66 507.10 1044.20 537.99 -1.00 -1.00 -1.00 -1000.00 -1000.00 -1000.00 -1.000 -1.000 -1.000 -1.000 1.00 -1000.0000000000 -1000.0000000000 -1000.0000000000 -1000.0000000000 True True False False
PassengerCar 0.00 1 -1 1026.79 506.78 1073.16 537.34 -1.00 -1.00 -1.00 -1000.00 -1000.00 -1000.00 -1.000 -1.000 -1.000 -1.000 1.00 -1000.0000000000 -1000.0000000000 -1000.0000000000 -1000.0000000000 True True False False
PassengerCar 0.00 1 -1 1063.43 507.42 1116.91 536.41 -1.00 -1.00 -1.00 -1000.00 -1000.00 -1000.00 -1.000 -1.000 -1.000 -1.000 1.00 -1000.0000000000 -1000.0000000000 -1000.0000000000 -1000.0000000000 True True False False
DontCare 0.00 -1 -1 865.90 386.27 882.19 435.42 -1.00 -1.00 -1.00 -1000.00 -1000.00 -1000.00 -1.000 -1.000 -1.000 -1.000 1.00 -1000.0000000000 -1000.0000000000 -1000.0000000000 -1000.0000000000 False False False False
Vehicle 0.00 2 -1 1431.80 491.79 1562.83 561.69 -1.00 -1.00 -1.00 -1000.00 -1000.00 -1000.00 -1.000 -1.000 -1.000 -1.000 1.00 -1000.0000000000 -1000.0000000000 -1000.0000000000 -1000.0000000000 True True False False
Pedestrian 0.00 0 -1 1237.66 397.25 1460.26 784.32 1.71 0.89 0.86 1.66 1.21 10.92 -0.072 0.012 0.054 1.499 1.00 -0.0140219799 0.0236828358 0.6808819625 0.7318758504 True True True False
Pedestrian 0.00 0 -1 1094.50 435.21 1297.12 781.54 1.55 0.63 0.72 0.97 1.24 11.16 -0.389 -0.020 0.045 1.182 1.00 -0.0207201537 0.0130112405 0.5573158523 0.8299400121 True True True False
Pedestrian 0.05 0 -1 702.30 491.81 724.00 573.51 1.78 0.40 0.40 -6.22 1.42 53.46 -2.867 0.000 0.000 -1.296 1.00 0.0000000000 0.0000000000 -0.6035766979 0.7973049415 True True True False
Pedestrian 0.00 0 -1 704.36 392.84 721.56 441.27 -1.00 -1.00 -1.00 -1000.00 -1000.00 -1000.00 -1.000 -1.000 -1.000 -1.000 1.00 -1000.0000000000 -1000.0000000000 -1000.0000000000 -1000.0000000000 True True False False
Pedestrian 0.00 0 -1 657.12 392.39 669.73 437.34 -1.00 -1.00 -1.00 -1000.00 -1000.00 -1000.00 -1.000 -1.000 -1.000 -1.000 1.00 -1000.0000000000 -1000.0000000000 -1000.0000000000 -1000.0000000000 True True False False
Pedestrian 0.00 0 -1 491.94 454.41 569.93 527.60 -1.00 -1.00 -1.00 -1000.00 -1000.00 -1000.00 -1.000 -1.000 -1.000 -1.000 1.00 -1000.0000000000 -1000.0000000000 -1000.0000000000 -1000.0000000000 True True False False
