PassengerCar 0.00 0 -1 1121.57 447.35 1438.45 709.69 1.38 1.63 3.92 1.92 1.04 14.50 -1.370 0.005 0.021 0.201 1.00 0.0013846393 0.0105958607 0.1002723610 0.9949026405 True True True False
PassengerCar 0.00 0 -1 926.98 434.30 1102.50 594.80 1.66 1.82 4.21 0.27 0.84 27.03 -1.575 0.023 0.035 -0.004 1.00 0.0115705280 0.0177246740 -0.0022073834 0.9997735175 True True True False
PassengerCar 0.00 2 -1 891.91 445.18 974.54 510.52 1.48 1.81 4.21 -1.38 0.04 54.54 -1.571 0.000 0.000 0.000 1.00 0.0000000000 0.0000000000 0.0000000000 1.0000000000 True True True False
PassengerCar 0.00 0 -1 649.00 449.37 797.28 509.60 1.51 1.81 3.71 -6.79 0.10 59.26 -2.406 0.000 0.000 -0.835 1.00 0.0000000000 0.0000000000 -0.4055495002 0.9140730840 True True True False
PassengerCar 0.00 0 -1 847.40 426.47 907.67 474.31 -1.00 -1.00 -1.00 -1000.00 -1000.00 -1000.00 -1.000 -1.000 -1.000 -1.000 1.00 -1000.0000000000 -1000.0000000000 -1000.0000000000 -1000.0000000000 True True False False
PassengerCar 0.00 3 -1 1565.50 433.42 1788.54 496.62 1.13 1.81 4.21 14.58 -0.41 50.00 0.019 0.000 0.000 1.590 1.00 0.0000000000 0.0000000000 0.7137192813 0.7004318578 True False True False
Obstacle 0.00 2 -1 754.34 430.25 803.10 494.62 1.80 2.84 1.02 -5.96 -0.41 67.23 0.040 0.001 0.030 1.611 1.00 -0.0102827767 0.0107038522 0.7210695835 0.6927036508 True True True False
Pedestrian 0.00 0 -1 52.85 413.65 127.84 652.08 1.82 0.31 0.46 -7.05 1.09 18.32 0.025 0.000 0.000 1.595 1.00 0.0000000000 0.0000000000 0.7157392412 0.6983676242 True False True False
Pedestrian 0.00 0 -1 205.76 442.30 265.15 637.31 1.62 0.44 0.29 -6.24 1.07 19.46 0.010 0.000 0.024 1.581 1.00 -0.0085443393 0.0086281777 0.7104980943 0.7035943482 True False True False
Pedestrian 0.00 0 -1 254.16 450.61 309.73 637.47 1.53 0.52 0.33 -6.04 1.04 20.15 -0.034 0.000 0.000 1.537 1.00 0.0000000000 0.0000000000 0.6949534283 0.7190547493 True True False False
Pedestrian 0.00 1 -1 162.70 438.89 208.48 562.88 1.97 0.52 0.43 -12.06 0.91 35.37 1.312 0.000 0.000 2.882 1.00 0.0000000000 0.0000000000 0.9916102511 0.1292637223 True False True False
Pedestrian 0.06 0 -1 566.04 429.85 589.78 486.70 1.78 0.62 0.63 -12.42 -0.65 71.66 -0.284 0.000 0.000 1.287 1.00 0.0000000000 0.0000000000 0.5998651182 0.8001011436 True True True False
Pedestrian 0.07 0 -1 541.96 435.15 561.88 487.21 1.50 0.55 0.32 -13.41 -0.70 72.10 -1.583 0.000 0.000 -0.013 1.00 0.0000000000 0.0000000000 -0.0063344060 0.9999799374 True True True False
Pedestrian 0.05 0 -1 459.67 434.62 485.25 508.78 1.69 0.48 0.41 -12.90 -0.05 58.56 -1.255 0.000 0.000 0.315 1.00 0.0000000000 0.0000000000 0.1570948063 0.9875835265 True True True False
Pedestrian_is_group 0.00 0 -1 624.18 438.06 671.75 503.83 1.75 1.15 0.55 -9.35 -0.12 64.18 -4.711 0.000 0.000 -3.140 1.00 0.0000000000 0.0000000000 -0.9999997317 0.0007325024 True True True False
Pedestrian_is_group 0.00 1 -1 802.19 430.83 841.98 494.76 1.86 4.06 0.74 -4.96 -0.45 70.65 0.039 0.002 0.037 1.610 1.00 -0.0126846374 0.0137737322 0.7205454723 0.6931548215 True True True False
Pedestrian 0.07 0 -1 1444.29 408.73 1465.87 468.82 1.88 0.59 0.43 14.41 -1.26 72.24 0.099 0.000 0.000 1.670 1.00 0.0000000000 0.0000000000 0.7411366596 0.6713541925 True True True False
Pedestrian_is_group 0.06 1 -1 1159.68 423.84 1184.05 479.92 1.70 0.69 0.72 5.64 -0.87 72.28 -1.571 0.000 0.000 0.000 1.00 0.0000000000 0.0000000000 0.0000000000 1.0000000000 True False True False
Pedestrian_is_group 0.00 0 -1 1642.12 405.00 1740.08 523.82 2.14 1.67 0.87 12.71 0.35 41.94 1.345 0.000 0.000 2.915 1.00 0.0000000000 0.0000000000 0.9936059398 0.1129036599 True False True False
Pedestrian 0.00 0 -1 1742.76 408.73 1797.03 528.86 1.61 0.53 0.59 10.58 0.28 31.88 -1.571 0.000 0.000 0.000 1.00 0.0000000000 0.0000000000 0.0000000000 1.0000000000 True False True False
Pedestrian 0.00 0 -1 1769.46 410.19 1828.61 529.59 1.61 0.61 0.77 11.17 0.25 32.23 -1.571 0.000 0.000 0.000 1.00 0.0000000000 0.0000000000 0.0000000000 1.0000000000 True False True False
Pedestrian 0.00 2 -1 669.74 417.29 689.69 475.31 -1.00 -1.00 -1.00 -1000.00 -1000.00 -1000.00 -1.000 -1.000 -1.000 -1.000 1.00 -1000.0000000000 -1000.0000000000 -1000.0000000000 -1000.0000000000 True False False False
Pedestrian 0.00 2 -1 726.23 431.92 739.16 472.83 -1.00 -1.00 -1.00 -1000.00 -1000.00 -1000.00 -1.000 -1.000 -1.000 -1.000 1.00 -1000.0000000000 -1000.0000000000 -1000.0000000000 -1000.0000000000 True True False False
Pedestrian 0.00 2 -1 747.00 429.41 772.45 476.49 -1.00 -1.00 -1.00 -1000.00 -1000.00 -1000.00 -1.000 -1.000 -1.000 -1.000 1.00 -1000.0000000000 -1000.0000000000 -1000.0000000000 -1000.0000000000 True True False False
Pedestrian 0.00 3 -1 614.00 422.00 646.00 495.00 1.99 0.87 0.71 -9.93 -0.37 65.46 -3.094 0.000 0.000 -1.523 1.00 0.0000000000 0.0000000000 -0.6901850648 0.7236329017 True True True False
Pedestrian 0.00 0 -1 1491.09 407.02 1524.72 473.28 -1.00 -1.00 -1.00 -1000.00 -1000.00 -1000.00 -1.000 -1.000 -1.000 -1.000 1.00 -1000.0000000000 -1000.0000000000 -1000.0000000000 -1000.0000000000 True False False False
