PassengerCar 0.37 0 -1 1454.62 448.83 1920.00 868.28 1.46 1.83 3.92 2.96 1.20 9.40 -1.559 -0.000 0.009 0.012 1.00 -0.0000834319 0.0045404973 0.0060599225 0.9999713267 True True True False
PassengerCar 0.00 2 -1 1349.16 462.55 1699.44 745.87 1.49 1.85 4.09 3.23 1.17 13.59 -1.571 0.000 0.000 0.000 1.00 0.0000000000 0.0000000000 0.0000000000 1.0000000000 True True True False
PassengerCar 0.00 0 -1 1105.59 492.05 1444.35 613.74 1.51 1.87 4.04 3.40 1.14 28.84 0.009 0.000 0.000 1.580 1.00 0.0000000000 0.0000000000 0.7103777612 0.7038205996 True True True False
DontCare 0.00 3 -1 515.00 394.00 683.00 629.00 2.00 1.24 1.53 -3.43 1.04 20.91 -1.571 0.000 0.000 0.000 1.00 0.0000000000 0.0000000000 0.0000000000 1.0000000000 False False False False
Pedestrian 0.00 0 -1 1254.63 432.11 1352.85 674.43 1.77 0.79 0.50 2.34 1.17 16.72 -4.621 0.000 0.000 -3.051 1.00 0.0000000000 0.0000000000 -0.9989631279 0.0455265767 True True True False
Pedestrian 0.00 1 -1 1122.65 429.68 1214.73 657.74 1.75 0.84 0.72 1.51 1.13 18.16 -4.711 0.000 0.000 -3.140 1.00 0.0000000000 0.0000000000 -0.9999995949 0.0009001483 True True True False
Pedestrian 0.00 2 -1 573.57 408.48 663.40 652.63 1.71 0.66 0.51 -2.69 0.98 17.00 -1.851 0.000 0.000 -0.280 1.00 0.0000000000 0.0000000000 -0.1396036178 0.9902074681 True True True False
Pedestrian 0.00 2 -1 667.47 420.64 741.45 645.11 1.70 0.59 0.45 -2.17 0.98 17.68 -1.699 0.000 -0.001 -0.128 1.00 0.0000484089 -0.0007443939 -0.0640325527 0.9979475316 True True True False
Pedestrian 0.00 2 -1 688.63 418.96 760.52 634.75 1.71 0.56 0.48 -2.17 0.99 19.46 -1.625 0.000 0.000 -0.054 1.00 0.0000000000 0.0000000000 -0.0272049969 0.9996298756 True True True False
Pedestrian 0.00 3 -1 620.87 411.51 684.22 630.51 1.72 0.51 0.56 -2.76 1.00 19.43 -1.617 0.000 0.000 -0.046 1.00 0.0000000000 0.0000000000 -0.0229239295 0.9997372122 True True True False
