PassengerCar 0.09 0 -1 1427.98 445.72 1920.00 635.14 1.49 1.85 4.27 6.22 0.99 21.10 0.015 -0.019 0.051 1.585 1.00 -0.0249163516 0.0113079936 0.7121701315 0.7014734553 True True True False
PassengerCar 0.00 0 -1 1018.25 464.80 1152.04 560.89 1.73 1.86 4.23 2.03 0.90 46.76 -1.343 0.003 0.011 0.227 1.00 0.0006500666 0.0056908364 0.1134904934 0.9935225713 True True True False
PassengerCar 0.00 1 -1 1073.53 477.30 1196.28 545.96 1.45 1.80 4.23 3.32 0.75 52.04 -1.288 0.004 0.012 0.283 1.00 0.0011360917 0.0063280328 0.1409309110 0.9899985574 True True True False
PassengerCar 0.00 1 -1 1142.08 469.96 1232.96 532.03 1.45 1.80 4.30 4.86 0.51 57.27 -1.313 0.048 0.017 0.258 1.00 0.0229072280 0.0114789695 0.1282692098 0.9914083427 True True True False
PassengerCar 0.00 1 -1 1203.00 459.08 1274.73 518.38 1.44 1.51 4.09 6.75 0.17 63.26 -1.357 0.010 0.045 0.214 1.00 0.0024790723 0.0231085831 0.1066384292 0.9940262034 True True True False
PassengerCar 0.00 3 -1 1232.82 452.00 1297.11 497.00 -1.00 -1.00 -1.00 -1000.00 -1000.00 -1000.00 -1.000 -1.000 -1.000 -1.000 1.00 -1000.0000000000 -1000.0000000000 -1000.0000000000 -1000.0000000000 True True False False
PassengerCar 0.00 2 -1 1253.03 429.51 1336.55 489.10 -1.00 -1.00 -1.00 -1000.00 -1000.00 -1000.00 -1.000 -1.000 -1.000 -1.000 1.00 -1000.0000000000 -1000.0000000000 -1000.0000000000 -1000.0000000000 True True False False
PassengerCar 0.00 1 -1 1357.45 427.27 1447.61 473.42 -1.00 -1.00 -1.00 -1000.00 -1000.00 -1000.00 -1.000 -1.000 -1.000 -1.000 1.00 -1000.0000000000 -1000.0000000000 -1000.0000000000 -1000.0000000000 True True False False
PassengerCar 0.00 2 -1 1465.74 419.63 1537.84 476.89 -1.00 -1.00 -1.00 -1000.00 -1000.00 -1000.00 -1.000 -1.000 -1.000 -1.000 1.00 -1000.0000000000 -1000.0000000000 -1000.0000000000 -1000.0000000000 True False False False
PassengerCar 0.00 3 -1 1461.60 435.06 1534.54 488.93 -1.00 -1.00 -1.00 -1000.00 -1000.00 -1000.00 -1.000 -1.000 -1.000 -1.000 1.00 -1000.0000000000 -1000.0000000000 -1000.0000000000 -1000.0000000000 True False False False
PassengerCar 0.00 2 -1 1367.00 447.73 1444.70 524.83 1.63 1.46 4.00 9.40 0.30 52.91 -1.326 0.013 0.053 0.245 1.00 0.0033508657 0.0272788634 0.1218749895 0.9921648665 True True True False
Vehicle 0.00 3 -1 1437.63 451.02 1604.31 515.27 1.54 1.80 4.03 13.77 0.18 60.95 0.116 0.000 0.000 1.687 1.00 0.0000000000 0.0000000000 0.7468101110 0.6650373359 False False True False
Obstacle 0.00 3 -1 1095.84 446.77 1118.96 503.69 -1.00 -1.00 -1.00 -1000.00 -1000.00 -1000.00 -1.000 -1.000 -1.000 -1.000 1.00 -1000.0000000000 -1000.0000000000 -1000.0000000000 -1000.0000000000 True True False False
Obstacle 0.00 3 -1 1084.69 450.39 1105.23 504.42 -1.00 -1.00 -1.00 -1000.00 -1000.00 -1000.00 -1.000 -1.000 -1.000 -1.000 1.00 -1000.0000000000 -1000.0000000000 -1000.0000000000 -1000.0000000000 True True False False
Pedestrian 0.31 0 -1 97.66 222.67 476.53 1024.00 1.65 0.53 0.51 -1.11 1.25 3.65 -4.704 0.000 0.000 -3.133 1.00 0.0000000000 0.0000000000 -0.9999905648 0.0043440015 True False True False
Pedestrian 0.00 0 -1 562.15 471.43 592.14 565.93 1.77 0.54 0.57 -7.70 1.07 44.36 -3.095 -0.000 -0.002 -1.524 1.00 -0.0008483136 -0.0008097290 -0.6904641661 0.7233656475 True True True False
Pedestrian 0.00 3 -1 571.23 474.36 597.90 565.95 1.73 0.55 0.41 -7.70 1.09 44.96 -3.086 0.000 0.001 -1.515 1.00 0.0002123674 0.0002008576 -0.6871446809 0.7265205448 True True True False
Pedestrian 0.00 0 -1 682.08 470.84 705.39 564.21 1.70 0.52 0.37 -5.39 1.03 43.18 0.048 0.000 0.000 1.619 1.00 0.0000000000 0.0000000000 0.7237937135 0.6900164203 True True True False
Pedestrian 0.00 2 -1 717.65 470.77 745.53 564.42 1.70 0.56 0.49 -4.63 1.02 42.65 0.026 0.000 0.000 1.597 1.00 0.0000000000 0.0000000000 0.7163551824 0.6977358043 True True True False
Pedestrian 0.00 0 -1 859.72 474.65 892.71 571.06 1.71 0.55 0.60 -1.91 1.12 41.74 0.016 0.000 0.000 1.587 1.00 0.0000000000 0.0000000000 0.7128680600 0.7012981742 True True True False
Pedestrian 0.00 0 -1 837.89 469.34 873.38 565.37 1.75 0.51 0.60 -2.48 1.03 43.19 0.078 0.000 0.000 1.649 1.00 0.0000000000 0.0000000000 0.7342082941 0.6789242822 True True True False
Pedestrian 0.00 0 -1 924.32 473.90 979.26 576.07 1.78 0.63 0.99 -0.56 1.17 41.27 0.031 0.000 0.000 1.601 1.00 0.0000000000 0.0000000000 0.7178302749 0.6962181385 True True True False
Pedestrian 0.00 2 -1 784.74 464.02 822.61 568.63 1.87 0.48 0.62 -3.31 1.09 42.49 0.038 0.000 0.000 1.609 1.00 0.0000000000 0.0000000000 0.7205500314 0.6934029509 True True True False
Pedestrian 0.00 0 -1 757.37 470.53 807.26 571.33 1.74 0.84 0.77 -3.57 1.09 40.99 0.035 0.000 0.000 1.606 1.00 0.0000000000 0.0000000000 0.7195385982 0.6944524502 True True True False
Pedestrian 0.00 0 -1 1348.96 418.73 1369.02 468.49 -1.00 -1.00 -1.00 -1000.00 -1000.00 -1000.00 -1.000 -1.000 -1.000 -1.000 1.00 -1000.0000000000 -1000.0000000000 -1000.0000000000 -1000.0000000000 True True False False
Pedestrian 0.00 0 -1 1394.77 446.86 1435.64 543.72 1.81 0.54 0.74 7.93 0.68 44.02 0.038 0.000 0.000 1.609 1.00 0.0000000000 0.0000000000 0.7204851187 0.6934703986 True True True False
Pedestrian 0.00 3 -1 1401.25 445.30 1427.70 549.62 2.02 0.56 0.65 8.31 0.77 45.88 -1.543 0.000 0.000 0.028 1.00 0.0000000000 0.0000000000 0.0139806305 0.9999022662 True True True True
Pedestrian 0.00 2 -1 1813.28 450.27 1844.44 545.54 1.71 0.52 0.44 15.31 0.66 42.90 0.137 0.000 0.000 1.708 1.00 0.0000000000 0.0000000000 0.7537964676 0.6571079709 True False True False
Pedestrian 0.00 1 -1 1855.55 441.37 1909.97 560.77 1.70 0.51 0.70 12.73 0.75 33.52 1.557 0.000 0.000 3.128 1.00 0.0000000000 0.0000000000 0.9999777173 0.0066756963 True False True False
Pedestrian 0.00 0 -1 1254.30 431.86 1381.08 652.64 1.76 0.93 0.91 2.64 1.13 19.10 -1.443 0.000 0.000 0.127 1.00 0.0000000000 0.0000000000 0.0636331488 0.9979733575 True True True False
Pedestrian 0.00 0 -1 1036.02 453.35 1108.37 638.17 1.52 0.59 0.56 0.70 1.08 19.70 -1.571 0.000 0.000 0.000 1.00 0.0000000000 0.0000000000 0.0000000000 1.0000000000 True True True False
Pedestrian 0.00 2 -1 1218.15 426.07 1243.87 487.41 -1.00 -1.00 -1.00 -1000.00 -1000.00 -1000.00 -1.000 -1.000 -1.000 -1.000 1.00 -1000.0000000000 -1000.0000000000 -1000.0000000000 -1000.0000000000 True False False False
Pedestrian 0.00 2 -1 1241.02 433.66 1258.37 478.16 -1.00 -1.00 -1.00 -1000.00 -1000.00 -1000.00 -1.000 -1.000 -1.000 -1.000 1.00 -1000.0000000000 -1000.0000000000 -1000.0000000000 -1000.0000000000 True False False False
