PassengerCar 0.00 0 -1 164.56 519.37 273.25 602.12 1.36 1.74 4.02 -12.94 1.60 40.50 -1.910 -0.007 -0.003 -0.339 1.00 -0.0038531896 -0.0008657912 -0.1686585715 0.9856666219 True False True False
PassengerCar 0.00 0 -1 1386.05 477.35 1668.76 697.04 1.49 1.81 4.11 4.06 1.29 17.34 -1.430 -0.006 0.000 0.141 1.00 -0.0027758933 -0.0001416593 0.0704411140 0.9975120670 True True True False
PassengerCar 0.29 2 -1 1745.55 495.93 1920.00 651.68 1.87 1.86 3.98 11.38 1.75 30.61 -1.454 -0.002 0.003 0.117 1.00 -0.0010881350 0.0016008646 0.0583494370 0.9982943436 True False True False
PassengerCar 0.00 1 -1 1649.21 516.57 1770.98 596.11 1.50 1.81 3.62 13.40 1.63 43.15 -1.435 0.012 -0.005 0.136 1.00 0.0061110340 -0.0021869652 0.0680512148 0.9976607162 True False True False
PassengerCar 0.30 0 -1 0.00 508.99 54.55 574.58 1.77 1.84 4.21 -26.86 1.78 65.10 1.138 0.000 0.000 2.709 1.00 0.0000000000 0.0000000000 0.9767040010 0.2145909934 True False False False
PassengerCar 0.00 3 -1 1611.14 517.79 1722.17 592.37 1.51 1.81 3.71 14.36 1.69 49.55 -1.433 0.000 0.000 0.138 1.00 0.0000000000 0.0000000000 0.0690581168 0.9976126385 True False True True
PassengerCar 0.00 2 -1 1339.81 483.95 1545.26 632.47 -1.00 -1.00 -1.00 -1000.00 -1000.00 -1000.00 -1.000 -1.000 -1.000 -1.000 1.00 -1000.0000000000 -1000.0000000000 -1000.0000000000 -1000.0000000000 True True True False
PassengerCar 0.65 0 -1 1807.73 500.54 1920.00 652.13 1.58 1.85 4.45 10.45 1.52 25.64 -1.422 0.000 0.000 0.149 1.00 0.0000000000 0.0000000000 0.0743186667 0.9972345440 True False True True
DontCare 0.00 -1 -1 1365.16 487.78 1516.82 634.98 1.81 2.61 8.78 8.56 1.45 45.57 -1.393 0.000 0.000 0.178 1.00 0.0000000000 0.0000000000 0.0888377943 0.9960461065 False False False False
Pedestrian 0.00 1 -1 496.08 476.42 559.56 612.01 1.75 0.58 0.68 -5.86 1.35 31.20 0.442 0.000 0.000 2.013 1.00 0.0000000000 0.0000000000 0.8449467027 0.5348505114 True True True True
Pedestrian 0.00 1 -1 676.89 461.30 726.12 591.86 2.06 0.72 0.70 -4.41 1.35 36.34 -0.072 0.000 0.000 1.499 1.00 0.0000000000 0.0000000000 0.6813053015 0.7319993758 True True False False
Pedestrian_is_group 0.00 1 -1 701.43 469.68 766.70 595.17 1.89 0.97 0.58 -3.81 1.31 35.90 -1.505 0.000 0.000 0.066 1.00 0.0000000000 0.0000000000 0.0327804690 0.9994625760 True True True False
