PassengerCar 0.00 0 -1 325.77 423.76 774.49 814.62 1.54 1.77 4.22 -1.99 1.20 11.43 -1.694 -0.001 0.009 -0.124 1.00 -0.0002674754 0.0043191945 -0.0618081657 0.9980786661 True True True False
PassengerCar 0.00 1 -1 1312.52 451.38 1671.09 749.32 1.30 1.85 4.23 2.67 1.05 12.57 -1.440 0.042 0.001 0.130 1.00 0.0210329741 0.0017592244 0.0650975947 0.9976556632 True True True False
PassengerCar 0.82 0 -1 1536.55 330.43 1920.00 878.60 1.59 1.97 4.19 3.19 1.14 6.39 -1.700 0.000 0.000 -0.129 1.00 0.0000000000 0.0000000000 -0.0645796145 0.9979125580 True True True False
PassengerCar 0.00 1 -1 1204.80 456.13 1450.45 673.62 1.55 1.81 4.17 2.77 1.12 18.76 -1.385 0.032 0.020 0.186 1.00 0.0151294912 0.0113956955 0.0927861882 0.9955058814 True True True False
PassengerCar 0.00 2 -1 1088.41 481.62 1318.51 632.07 1.50 1.75 4.03 2.30 1.23 24.18 -1.753 0.025 -0.002 -0.182 1.00 0.0125936167 -0.0021437661 -0.0909278601 0.9957755416 True True True False
PassengerCar 0.00 1 -1 976.11 473.57 1164.79 611.49 1.63 1.72 4.11 1.11 1.33 30.12 -1.789 0.004 -0.017 -0.218 1.00 0.0009561562 -0.0087244533 -0.1089384882 0.9940097462 True True True False
PassengerCar 0.00 0 -1 846.94 497.09 990.60 587.18 1.59 1.52 2.94 -1.07 1.41 43.03 -3.283 0.000 0.000 -1.712 1.00 0.0000000000 0.0000000000 -0.7552558308 0.6554301107 True True True False
PassengerCar 0.00 0 -1 774.49 505.97 873.58 580.30 1.51 1.79 4.21 -3.65 1.54 52.43 -1.778 0.000 -0.001 -0.207 1.00 0.0000646646 -0.0006230718 -0.1032291224 0.9946574063 True True True False
LargeVehicle 0.06 0 -1 0.00 391.96 287.11 638.49 3.15 2.46 8.25 -11.43 1.77 31.59 -1.818 0.000 0.000 -0.248 1.00 0.0000000000 0.0000000000 -0.1235056256 0.9923438721 True False True False
Pedestrian 0.00 0 -1 217.10 460.49 276.25 656.44 1.80 0.55 0.46 -6.90 1.36 21.93 -3.330 0.000 0.000 -1.759 1.00 0.0000000000 0.0000000000 -0.7703333723 0.6376413534 True False True False
Pedestrian_is_group 0.00 1 -1 718.34 497.66 762.50 569.84 1.88 0.99 0.53 -6.67 1.65 62.99 -1.785 0.000 0.000 -0.214 1.00 0.0000000000 0.0000000000 -0.1067231861 0.9942887717 True True True False
Pedestrian_is_group 0.06 1 -1 753.06 497.43 777.10 560.12 1.92 0.47 0.63 -6.66 1.52 71.18 -0.130 0.000 0.000 1.441 1.00 0.0000000000 0.0000000000 0.6598034349 0.7514382391 True True True False
Pedestrian_is_group 0.00 3 -1 770.04 489.57 973.20 562.69 1.99 1.54 15.56 -3.76 1.41 65.96 1.288 0.000 0.000 2.859 1.00 0.0000000000 0.0000000000 0.9900180508 0.1409406225 True True True False
Pedestrian 0.05 2 -1 977.23 483.34 1002.09 558.81 1.85 0.45 0.43 0.06 1.27 50.45 1.420 0.000 0.000 2.991 1.00 0.0000000000 0.0000000000 0.9971504771 0.0754382268 True True True False
