PassengerCar 0.93 0 -1 1612.28 436.79 1920.00 1024.00 1.66 2.06 4.03 2.86 1.33 4.88 -1.571 0.000 0.000 0.000 1.00 0.0000000000 0.0000000000 0.0000000000 1.0000000000 True True True False
PassengerCar 0.29 1 -1 1367.51 505.09 1920.00 891.93 1.41 1.90 3.93 2.84 1.43 9.75 -1.586 0.000 0.000 -0.016 1.00 0.0000000000 0.0000000000 -0.0077573261 0.9999699115 True True True False
PassengerCar 0.00 0 -1 723.55 508.42 1132.07 824.20 1.28 1.65 4.26 -0.30 1.30 11.73 -1.589 -0.000 0.008 -0.019 1.00 -0.0000363358 0.0039011206 -0.0093137297 0.9999490159 True True True False
PassengerCar 0.00 2 -1 1082.96 543.38 1183.77 633.44 1.49 1.54 4.13 2.56 2.22 41.13 -1.560 0.011 -0.013 0.011 1.00 0.0054161483 -0.0064843413 0.0053299761 0.9999501038 True True True False
PassengerCar 0.00 0 -1 638.09 570.96 755.15 646.14 1.32 1.87 4.45 -5.43 2.58 44.72 -4.711 0.013 -0.021 -3.141 1.00 -0.0104110320 -0.0066538705 -0.9999234898 0.0005923834 True True True True
PassengerCar 0.00 3 -1 661.99 563.68 763.70 637.22 1.26 1.89 4.26 -5.65 2.57 49.70 1.569 0.000 0.000 3.140 1.00 0.0000000000 0.0000000000 0.9999996951 0.0007808388 True True True True
PassengerCar 0.00 3 -1 689.26 560.07 781.93 628.59 1.47 1.81 3.86 -5.62 2.87 53.85 1.568 0.000 0.000 3.139 1.00 0.0000000000 0.0000000000 0.9999993344 0.0011538143 True True True True
PassengerCar 0.00 3 -1 727.16 564.29 792.68 625.35 -1.00 -1.00 -1.00 -1000.00 -1000.00 -1000.00 -1.000 -1.000 -1.000 -1.000 1.00 -1000.0000000000 -1000.0000000000 -1000.0000000000 -1000.0000000000 True True False True
PassengerCar 0.00 3 -1 1076.42 540.66 1177.04 621.98 1.59 1.80 3.92 2.31 2.38 45.38 -1.582 0.000 -0.014 -0.011 1.00 0.0001457527 -0.0072435531 -0.0056997725 0.9999575102 True True True True
PassengerCar 0.00 3 -1 1034.00 544.00 1134.00 620.00 1.50 1.80 4.02 1.99 2.28 49.69 -1.612 0.000 0.000 -0.041 1.00 0.0000000000 0.0000000000 -0.0205102763 0.9997896422 True False True False
DontCare 0.00 -1 -1 1206.74 501.44 1439.49 627.28 -1.00 -1.00 -1.00 -1000.00 -1000.00 -1000.00 -1.000 -1.000 -1.000 -1.000 1.00 -1000.0000000000 -1000.0000000000 -1000.0000000000 -1000.0000000000 False False False False
DontCare 0.00 -1 -1 594.66 552.44 715.30 625.23 -1.00 -1.00 -1.00 -1000.00 -1000.00 -1000.00 -1.000 -1.000 -1.000 -1.000 1.00 -1000.0000000000 -1000.0000000000 -1000.0000000000 -1000.0000000000 False False False False
Obstacle 0.16 3 -1 1820.09 441.20 1920.00 698.52 1.76 0.63 0.65 6.23 1.30 16.48 -4.587 0.011 0.022 -3.016 1.00 0.0114747988 -0.0045427399 -0.9979543313 0.0627283440 True False True False
Obstacle 0.00 3 -1 1730.01 459.83 1839.05 697.79 1.78 0.41 0.60 6.03 1.46 18.21 -4.485 0.011 0.025 -2.914 1.00 0.0132587768 -0.0039339583 -0.9934354145 0.1135552995 True False True True
Obstacle 0.00 3 -1 1569.00 463.00 1645.00 692.00 1.82 0.53 0.48 5.02 1.47 19.08 -1.458 0.000 0.000 0.113 1.00 0.0000000000 0.0000000000 0.0565811019 0.9983980063 True False True False
Obstacle 0.00 3 -1 1560.62 456.07 1624.09 652.86 1.73 0.42 0.39 5.33 1.28 21.09 -4.620 0.000 0.000 -3.049 1.00 0.0000000000 0.0000000000 -0.9989362949 0.0461115908 True False True False
Obstacle 0.00 2 -1 1488.29 469.21 1547.20 670.77 1.71 0.44 0.44 4.64 1.39 21.18 -1.545 0.000 0.000 0.025 1.00 0.0000000000 0.0000000000 0.0127471853 0.9999187513 True True True True
Obstacle 0.00 3 -1 1477.63 470.26 1536.96 658.79 1.80 0.45 0.54 4.94 1.48 22.75 -4.650 0.000 0.000 -3.079 1.00 0.0000000000 0.0000000000 -0.9995062282 0.0314213266 True True True True
Obstacle 0.00 3 -1 1628.16 454.34 1693.67 667.54 1.94 0.46 0.52 6.18 1.49 22.06 -1.341 0.000 0.000 0.229 1.00 0.0000000000 0.0000000000 0.1144060046 0.9934340774 True False True True
Pedestrian 0.00 0 -1 1203.76 523.66 1253.78 642.03 1.80 0.66 0.55 3.69 2.07 35.99 1.530 -0.001 -0.001 3.101 1.00 0.0004090585 -0.0003703311 0.9997965503 0.0201631717 True True True True
Pedestrian 0.00 1 -1 1243.99 531.12 1278.04 637.47 1.62 0.42 0.42 4.19 1.98 35.94 1.500 0.000 0.000 3.070 1.00 0.0000000000 0.0000000000 0.9993667966 0.0355809755 True True True True
Pedestrian 0.00 0 -1 1269.47 527.40 1308.60 639.77 1.74 0.48 0.53 4.61 2.03 35.94 -4.481 0.000 0.000 -2.911 1.00 0.0000000000 0.0000000000 -0.9933345284 0.1152671453 True True True True
Pedestrian 0.00 0 -1 1297.06 527.05 1322.80 631.03 1.60 0.43 0.39 4.96 1.88 35.86 -4.492 0.000 -0.003 -2.921 1.00 -0.0014701507 -0.0002964631 -0.9939265367 0.1100354054 True True True True
Pedestrian 0.00 1 -1 1310.60 520.51 1342.13 623.46 1.62 0.39 0.40 5.20 1.77 35.97 -0.691 0.000 0.000 0.880 1.00 0.0000000000 0.0000000000 0.4260358292 0.9047062906 True True True True
Pedestrian 0.00 1 -1 1359.52 514.89 1397.86 626.78 1.64 0.51 0.37 5.94 1.73 35.67 -1.580 0.000 0.000 -0.009 1.00 0.0000000000 0.0000000000 -0.0047255163 0.9999888347 True True True True
Pedestrian 0.00 3 -1 1338.28 519.21 1374.45 620.80 1.71 0.47 0.39 6.08 1.90 38.90 -1.530 0.000 0.000 0.041 1.00 0.0000000000 0.0000000000 0.0203664956 0.9997925814 True True True True
Pedestrian 0.00 3 -1 1298.23 518.00 1334.44 632.59 1.76 0.56 0.32 5.42 1.98 38.73 -1.591 0.000 0.000 -0.020 1.00 0.0000000000 0.0000000000 -0.0101260070 0.9999487307 True True True True
Pedestrian 0.00 3 -1 1205.76 524.96 1382.36 638.63 1.76 2.28 5.60 5.18 2.12 40.71 -1.579 0.000 0.000 -0.009 1.00 0.0000000000 0.0000000000 -0.0042795279 0.9999908428 True True True True
Pedestrian 0.00 1 -1 1360.11 512.82 1415.00 628.85 1.69 0.50 0.59 5.71 1.74 34.02 -1.659 0.000 0.000 -0.088 1.00 0.0000000000 0.0000000000 -0.0441287212 0.9990258535 True True True True
Pedestrian 0.00 2 -1 1413.12 456.02 1506.08 684.38 1.82 0.60 0.66 3.89 1.41 19.66 -1.563 0.000 0.000 0.008 1.00 0.0000000000 0.0000000000 0.0038110151 0.9999927381 True True True False
Pedestrian 0.00 3 -1 1385.06 483.06 1442.73 672.96 1.76 0.42 0.42 4.10 1.50 22.78 -1.347 0.000 0.000 0.224 1.00 0.0000000000 0.0000000000 0.1118068606 0.9937299562 True True True True
Pedestrian 0.00 0 -1 616.50 544.63 647.85 647.08 1.62 0.43 0.43 -5.68 2.21 37.62 -3.449 0.000 0.000 -1.878 1.00 0.0001963607 0.0000958810 -0.8069831354 0.5905744420 True True True False
Pedestrian 0.00 0 -1 571.76 548.58 614.52 650.15 1.59 0.54 0.53 -6.20 2.24 37.29 -1.773 0.000 0.000 -0.202 1.00 0.0000000000 0.0000000000 -0.1009219602 0.9948943451 True True True False
Pedestrian 0.00 2 -1 554.58 541.27 576.38 627.95 1.78 0.54 0.49 -8.61 2.52 47.83 -0.038 0.000 0.000 1.533 1.00 0.0000000000 0.0000000000 0.6936570714 0.7203053986 True True True True
Pedestrian 0.00 3 -1 1394.93 478.27 1446.32 655.61 1.80 0.48 0.51 4.45 1.50 24.21 -1.407 0.000 0.000 0.164 1.00 0.0000000000 0.0000000000 0.0819710525 0.9966347107 True True True False
Pedestrian 0.00 2 -1 1166.31 539.53 1191.76 624.19 1.77 0.50 0.50 4.07 2.43 50.14 1.567 0.000 0.000 3.138 1.00 0.0000000000 0.0000000000 0.9999985862 0.0016815191 True True True True
Pedestrian 0.06 3 -1 1182.98 535.11 1207.67 617.17 1.65 0.41 0.53 4.91 2.32 52.07 -1.592 0.000 0.000 -0.021 1.00 0.0000000000 0.0000000000 -0.0106130740 0.9999436797 True True True True
Pedestrian_is_group 0.45 0 -1 0.00 513.15 86.70 685.11 1.86 1.44 0.85 -10.52 1.90 25.36 -1.559 0.000 0.000 0.012 1.00 0.0000000000 0.0000000000 0.0059619096 0.9999822277 True False True False
Pedestrian 0.00 0 -1 31.96 526.05 104.73 681.01 1.54 0.53 0.72 -9.16 1.69 23.19 -1.571 0.000 0.000 0.000 1.00 0.0000000000 0.0000000000 0.0000000000 1.0000000000 True False True True
Pedestrian 0.29 3 -1 -17.00 513.00 45.00 666.00 1.73 0.49 0.55 -11.14 1.79 26.93 -1.571 0.000 0.000 0.000 1.00 0.0000000000 0.0000000000 0.0000000000 1.0000000000 True False True False
