PassengerCar 0.47 0 -1 1567.23 394.32 1920.00 884.86 1.55 1.78 2.96 3.11 1.11 8.76 -1.581 0.084 0.007 -0.010 1.00 0.0417798525 0.0034679770 -0.0050058539 0.9991082817 True False True False
PassengerCar 0.00 2 -1 1379.53 433.39 1878.54 777.74 1.63 1.82 3.01 3.29 1.29 12.68 -1.590 0.000 0.000 -0.019 1.00 0.0000000000 0.0000000000 -0.0094582701 0.9999552696 True True True False
PassengerCar 0.00 0 -1 1209.36 478.20 1386.73 626.16 1.52 1.84 4.24 3.36 1.20 26.35 -1.602 0.025 0.001 -0.032 1.00 0.0123820174 0.0001958481 -0.0158139486 0.9997982628 True True True False
PassengerCar 0.00 2 -1 1145.88 494.52 1265.70 589.06 1.46 1.82 3.95 3.51 1.23 37.48 -1.558 0.033 0.006 0.013 1.00 0.0163136407 0.0029399816 0.0063579100 0.9998423869 True True True False
PassengerCar 0.00 0 -1 1073.23 506.60 1154.55 563.30 1.50 2.00 4.24 3.41 1.48 64.47 -1.571 0.000 0.000 0.000 1.00 0.0000000000 0.0000000000 0.0000000000 1.0000000000 True True True False
PassengerCar 0.00 3 -1 1056.72 509.30 1118.00 554.06 1.47 1.89 4.20 3.32 1.53 79.56 -1.571 0.000 0.000 0.000 1.00 0.0000000000 0.0000000000 0.0000000000 1.0000000000 True True True False
PassengerCar 0.00 3 -1 1043.35 511.33 1080.48 548.09 -1.00 -1.00 -1.00 -1000.00 -1000.00 -1000.00 -1.000 -1.000 -1.000 -1.000 1.00 -1000.0000000000 -1000.0000000000 -1000.0000000000 -1000.0000000000 True True False False
PassengerCar_is_group 0.35 3 -1 0.00 503.83 459.36 589.17 1.40 31.52 4.74 -17.56 1.30 53.29 -3.162 0.000 0.000 -1.591 1.00 0.0000000000 0.0000000000 -0.7143549825 0.6997835087 True False True False
PassengerCar 0.00 2 -1 350.72 505.23 496.86 563.26 1.55 1.85 4.17 -17.07 1.56 71.42 -3.332 0.042 0.008 -1.761 1.00 0.0164979398 -0.0136196597 -0.7709935038 0.6364835740 True True True False
PassengerCar 0.00 2 -1 440.49 512.24 537.69 556.29 -1.00 -1.00 -1.00 -1000.00 -1000.00 -1000.00 -1.000 -1.000 -1.000 -1.000 1.00 -1000.0000000000 -1000.0000000000 -1000.0000000000 -1000.0000000000 True True False False
PassengerCar 0.00 2 -1 479.27 506.43 578.63 554.72 -1.00 -1.00 -1.00 -1000.00 -1000.00 -1000.00 -1.000 -1.000 -1.000 -1.000 1.00 -1000.0000000000 -1000.0000000000 -1000.0000000000 -1000.0000000000 True True False False
PassengerCar 0.00 2 -1 531.82 514.22 614.38 550.63 -1.00 -1.00 -1.00 -1000.00 -1000.00 -1000.00 -1.000 -1.000 -1.000 -1.000 1.00 -1000.0000000000 -1000.0000000000 -1000.0000000000 -1000.0000000000 True True False False
PassengerCar 0.00 2 -1 572.37 508.48 640.91 549.43 -1.00 -1.00 -1.00 -1000.00 -1000.00 -1000.00 -1.000 -1.000 -1.000 -1.000 1.00 -1000.0000000000 -1000.0000000000 -1000.0000000000 -1000.0000000000 True True False False
PassengerCar 0.00 3 -1 597.25 508.58 664.45 550.11 -1.00 -1.00 -1.00 -1000.00 -1000.00 -1000.00 -1.000 -1.000 -1.000 -1.000 1.00 -1000.0000000000 -1000.0000000000 -1000.0000000000 -1000.0000000000 True True False False
DontCare 0.00 -1 -1 737.93 507.47 959.79 536.59 -1.00 -1.00 -1.00 -1000.00 -1000.00 -1000.00 -1.000 -1.000 -1.000 -1.000 1.00 -1000.0000000000 -1000.0000000000 -1000.0000000000 -1000.0000000000 False False False False
DontCare 0.00 -1 -1 654.40 513.13 716.81 542.85 -1.00 -1.00 -1.00 -1000.00 -1000.00 -1000.00 -1.000 -1.000 -1.000 -1.000 1.00 -1000.0000000000 -1000.0000000000 -1000.0000000000 -1000.0000000000 False False False False
