PassengerCar 0.59 0 -1 1530.97 362.94 1920.00 936.81 1.70 1.80 4.13 3.09 1.19 8.13 -1.528 0.055 -0.002 0.042 1.00 0.0273268271 -0.0005975034 0.0212718629 0.9994000177 True True True False
PassengerCar 0.00 2 -1 1382.05 469.13 1730.35 748.52 1.47 1.68 3.84 3.35 1.21 13.78 -1.541 0.048 -0.001 0.030 1.00 0.0237696104 -0.0000439985 0.0147984917 0.9996079273 True True True False
PassengerCar 0.00 2 -1 1293.25 415.12 1755.10 668.17 1.92 1.79 4.30 4.21 1.18 18.80 -0.768 0.000 0.000 0.802 1.00 0.0000000000 0.0000000000 0.3905370745 0.9205872003 True True True False
PassengerCar 0.00 2 -1 1214.71 492.10 1414.32 656.56 1.45 1.79 4.19 3.16 1.29 22.52 -1.526 0.052 0.014 0.044 1.00 0.0259206818 0.0075605767 0.0220314815 0.9993926004 True True True False
PassengerCar 0.00 2 -1 1168.18 498.98 1341.23 630.86 1.42 1.81 3.99 3.24 1.34 28.58 -1.584 0.000 0.000 -0.014 1.00 0.0000000000 0.0000000000 -0.0068356399 0.9999766367 True True True False
PassengerCar 0.00 0 -1 833.30 483.16 1174.16 762.29 1.47 1.88 3.94 0.11 1.27 13.64 -1.571 -0.010 0.017 0.000 1.00 -0.0051843786 0.0083423719 0.0000680726 0.9999517600 True True True False
PassengerCar 0.00 0 -1 448.64 448.06 789.47 716.65 1.75 1.82 3.99 -2.46 1.35 16.87 -1.515 -0.005 0.000 0.055 1.00 -0.0025331640 0.0000866317 0.0276508035 0.9996144300 True True True False
PassengerCar 0.00 0 -1 26.35 541.84 245.41 622.02 1.58 1.80 4.22 -18.08 2.29 50.07 -0.306 0.000 0.000 1.265 1.00 0.0000000000 0.0000000000 0.5912202320 0.8065101594 True False True False
PassengerCar 0.00 3 -1 743.45 516.89 797.21 549.09 -1.00 -1.00 -1.00 -1000.00 -1000.00 -1000.00 -1.000 -1.000 -1.000 -1.000 1.00 -1000.0000000000 -1000.0000000000 -1000.0000000000 -1000.0000000000 True False False False
DontCare 0.00 -1 -1 1163.38 511.66 1196.63 549.05 1.50 1.00 1.02 5.22 1.32 63.02 -1.571 0.000 0.000 0.000 1.00 0.0000000000 0.0000000000 0.0000000000 1.0000000000 False False False False
Obstacle 0.00 3 -1 1187.93 478.39 1215.61 563.31 1.39 0.52 0.45 3.36 0.92 37.50 -3.254 0.000 0.000 -1.683 1.00 0.0000000000 0.0000000000 -0.7456107665 0.6663817111 True True True False
Obstacle 0.00 3 -1 1239.25 482.67 1258.59 543.40 -1.00 -1.00 -1.00 -1000.00 -1000.00 -1000.00 -1.000 -1.000 -1.000 -1.000 1.00 -1000.0000000000 -1000.0000000000 -1000.0000000000 -1000.0000000000 True False False False
Pedestrian 0.00 0 -1 775.04 500.43 817.55 605.13 1.77 0.63 0.69 -3.19 1.62 39.79 -2.826 0.000 0.000 -1.255 1.00 0.0000000000 0.0000000000 -0.5872643486 0.8093951969 True True True False
Pedestrian 0.00 0 -1 235.81 520.32 281.06 621.57 1.62 0.59 0.71 -11.78 1.79 37.98 -0.191 0.000 0.000 1.380 1.00 0.0000000000 0.0000000000 0.6364818816 0.7712916533 True False True True
Pedestrian 0.00 1 -1 1368.23 452.09 1438.29 677.98 1.70 0.55 0.50 3.09 1.24 17.47 -1.414 0.000 0.000 0.157 1.00 0.0000000000 0.0000000000 0.0783549714 0.9969255230 True True True False
