PassengerCar 0.00 0 -1 636.02 506.31 800.48 622.19 1.36 1.64 3.12 -3.30 1.35 29.24 -1.557 0.000 0.000 0.014 1.00 0.0000000000 0.0000000000 0.0070008248 0.9999754939 True True True False
PassengerCar 0.00 0 -1 914.86 503.10 1028.28 596.73 1.46 1.76 3.74 -0.31 1.39 38.56 -1.602 0.000 0.000 -0.031 1.00 0.0000000000 0.0000000000 -0.0157064407 0.9998766463 True True True True
PassengerCar 0.00 2 -1 879.01 507.32 977.37 577.94 1.50 1.80 3.96 -1.36 1.50 52.14 -1.694 0.000 0.000 -0.123 1.00 0.0000000000 0.0000000000 -0.0613773328 0.9981146342 True True True False
PassengerCar 0.00 2 -1 864.90 514.36 944.74 569.04 1.55 1.90 3.96 -2.47 1.74 68.85 -1.719 0.000 0.000 -0.148 1.00 0.0000000000 0.0000000000 -0.0739393681 0.9972627386 True True True False
PassengerCar 0.00 1 -1 754.91 512.36 822.73 566.18 1.50 1.89 3.99 -5.75 1.64 67.81 -1.664 0.000 0.000 -0.093 1.00 0.0000000000 0.0000000000 -0.0464093569 0.9989225053 True True True False
PassengerCar 0.00 1 -1 801.09 512.97 867.38 549.94 -1.00 -1.00 -1.00 -1000.00 -1000.00 -1000.00 -1.000 -1.000 -1.000 -1.000 1.00 -1000.0000000000 -1000.0000000000 -1000.0000000000 -1000.0000000000 True True False False
PassengerCar 0.98 0 -1 0.00 455.83 93.21 1024.00 1.39 1.58 3.52 -3.28 1.26 4.80 -1.571 0.000 0.000 0.000 1.00 0.0000000000 0.0000000000 0.0000000000 1.0000000000 True False True False
PassengerCar 0.00 0 -1 451.12 517.88 503.64 550.55 -1.00 -1.00 -1.00 -1000.00 -1000.00 -1000.00 -1.000 -1.000 -1.000 -1.000 1.00 -1000.0000000000 -1000.0000000000 -1000.0000000000 -1000.0000000000 True False False False
DontCare 0.08 -1 -1 20.76 499.43 122.05 583.50 1.99 1.46 0.86 -22.76 1.60 56.17 -1.595 0.000 0.000 -0.024 1.00 0.0000000000 0.0000000000 -0.0120758024 0.9999270848 False False False False
DontCare 0.00 -1 -1 1181.79 513.68 1322.53 566.32 1.25 1.82 3.42 6.55 1.39 57.16 -3.234 0.000 0.000 -1.664 1.00 0.0000000000 0.0000000000 -0.7391477431 0.6735433274 False False False False
DontCare 0.84 -1 -1 1822.36 447.58 1920.00 696.56 1.78 2.21 5.09 8.16 1.23 17.75 -1.468 0.000 0.000 0.103 1.00 0.0000000000 0.0000000000 0.0513473862 0.9986808529 False False False False
DontCare 0.37 -1 -1 1695.29 474.77 1920.00 637.24 1.56 1.80 4.41 8.53 1.16 23.15 1.563 0.000 0.000 3.134 1.00 0.0000000000 0.0000000000 0.9999923594 0.0039091111 False False False False
DontCare 0.00 -1 -1 1620.86 487.54 1746.96 558.39 1.89 2.63 7.69 15.65 1.20 50.97 -1.596 0.000 0.000 -0.025 1.00 0.0000000000 0.0000000000 -0.0126589617 0.9999198721 False False False False
DontCare 0.00 -1 -1 1560.93 482.22 1674.52 558.24 -1.00 -1.00 -1.00 -1000.00 -1000.00 -1000.00 -1.000 -1.000 -1.000 -1.000 1.00 -1000.0000000000 -1000.0000000000 -1000.0000000000 -1000.0000000000 False False False False
DontCare 0.00 -1 -1 1157.48 508.41 1296.89 567.12 1.64 1.70 3.65 6.66 1.55 65.53 -2.902 0.000 0.000 -1.331 1.00 0.0000000000 0.0000000000 -0.6174445964 0.7866143721 False False False False
DontCare 0.00 -1 -1 1244.81 496.67 1389.62 569.37 -1.00 -1.00 -1.00 -1000.00 -1000.00 -1000.00 -1.000 -1.000 -1.000 -1.000 1.00 -1000.0000000000 -1000.0000000000 -1000.0000000000 -1000.0000000000 False False False False
DontCare 0.00 -1 -1 1254.09 504.48 1423.75 573.47 1.41 1.69 3.62 7.58 1.35 49.54 -2.655 0.000 0.000 -1.084 1.00 0.0000000000 0.0000000000 -0.5157326396 0.8567495810 False False False False
DontCare 0.00 -1 -1 1362.48 487.78 1386.90 552.62 -1.00 -1.00 -1.00 -1000.00 -1000.00 -1000.00 -1.000 -1.000 -1.000 -1.000 1.00 -1000.0000000000 -1000.0000000000 -1000.0000000000 -1000.0000000000 False False False False
DontCare 0.00 -1 -1 1079.29 489.99 1103.40 543.34 -1.00 -1.00 -1.00 -1000.00 -1000.00 -1000.00 -1.000 -1.000 -1.000 -1.000 1.00 -1000.0000000000 -1000.0000000000 -1000.0000000000 -1000.0000000000 False False False False
DontCare 0.00 -1 -1 980.07 504.59 1048.39 541.58 -1.00 -1.00 -1.00 -1000.00 -1000.00 -1000.00 -1.000 -1.000 -1.000 -1.000 1.00 -1000.0000000000 -1000.0000000000 -1000.0000000000 -1000.0000000000 False False False False
DontCare 0.00 -1 -1 1658.15 467.74 1838.28 536.92 -1.00 -1.00 -1.00 -1000.00 -1000.00 -1000.00 -1.000 -1.000 -1.000 -1.000 1.00 -1000.0000000000 -1000.0000000000 -1000.0000000000 -1000.0000000000 False False False False
Vehicle 0.00 0 -1 522.64 513.09 610.67 566.70 -1.00 -1.00 -1.00 -1000.00 -1000.00 -1000.00 -1.000 -1.000 -1.000 -1.000 1.00 -1000.0000000000 -1000.0000000000 -1000.0000000000 -1000.0000000000 True False False False
Pedestrian_is_group 0.00 0 -1 52.78 499.55 95.25 589.54 2.04 0.66 0.59 -20.93 1.85 53.94 -1.367 0.020 -0.004 0.204 1.00 0.0103666917 -0.0011956541 0.1016348945 0.9947670332 True False True False
Pedestrian 0.06 0 -1 173.40 514.11 196.67 572.29 1.48 0.47 0.38 -19.91 1.63 58.40 1.478 0.000 0.000 3.049 1.00 0.0000000000 0.0000000000 0.9989269316 0.0463139867 True False True False
Pedestrian 0.05 0 -1 142.71 508.72 169.67 580.63 1.66 0.44 0.50 -20.73 1.67 58.26 -0.474 0.000 0.000 1.097 1.00 0.0000000000 0.0000000000 0.5213123612 0.8533659368 True False True False
Pedestrian 0.00 0 -1 210.54 507.73 409.87 568.79 -1.00 -1.00 -1.00 -1000.00 -1000.00 -1000.00 -1.000 -1.000 -1.000 -1.000 1.00 -1000.0000000000 -1000.0000000000 -1000.0000000000 -1000.0000000000 True False False False
Pedestrian 0.00 2 -1 811.78 493.64 862.42 533.44 -1.00 -1.00 -1.00 -1000.00 -1000.00 -1000.00 -1.000 -1.000 -1.000 -1.000 1.00 -1000.0000000000 -1000.0000000000 -1000.0000000000 -1000.0000000000 True True False False
