PassengerCar 0.00 0 -1 6.35 540.65 60.67 592.19 -1.00 -1.00 -1.00 -1000.00 -1000.00 -1000.00 -1.000 -1.000 -1.000 -1.000 1.00 -1000.0000000000 -1000.0000000000 -1000.0000000000 -1000.0000000000 True False False False
PassengerCar 0.00 0 -1 204.36 542.94 248.93 572.76 -1.00 -1.00 -1.00 -1000.00 -1000.00 -1000.00 -1.000 -1.000 -1.000 -1.000 1.00 -1000.0000000000 -1000.0000000000 -1000.0000000000 -1000.0000000000 True False False False
LargeVehicle 0.00 0 -1 253.97 467.58 350.43 591.28 3.42 2.64 10.52 -21.71 2.44 74.04 -1.821 0.000 0.000 -0.251 1.00 0.0000000000 0.0000000000 -0.1249529145 0.9921626727 True True True False
Pedestrian 0.00 0 -1 1338.24 452.86 1449.17 726.34 1.66 0.57 0.57 2.51 1.31 14.59 -1.761 -0.004 0.022 -0.190 1.00 -0.0010747803 0.0112876486 -0.0947825586 0.9954334234 True True True False
Pedestrian 0.00 0 -1 1447.94 447.52 1542.00 707.15 1.63 0.50 0.58 3.35 1.26 15.39 -1.571 -0.000 0.027 -0.001 1.00 -0.0000036138 0.0135701506 -0.0002662771 0.9999078858 True True True False
Pedestrian 0.00 0 -1 1459.15 424.50 1558.35 696.37 1.77 0.50 0.60 3.69 1.19 16.45 -1.793 -0.000 0.000 -0.222 1.00 -0.0000454361 0.0000050580 -0.1106387340 0.9938606887 True True True False
Pedestrian 0.00 0 -1 1522.95 456.34 1605.70 684.22 1.59 0.45 0.54 4.07 1.22 16.73 -1.819 0.019 0.012 -0.248 1.00 0.0100608340 0.0049955649 -0.1239482737 0.9922251002 True False True False
Pedestrian 0.00 0 -1 994.90 490.81 1052.96 632.21 1.56 0.55 0.54 0.45 1.36 26.44 1.220 0.000 0.000 2.791 1.00 0.0000000000 0.0000000000 0.9846468349 0.1745583299 True True True False
Pedestrian 0.00 0 -1 949.81 482.27 1017.60 636.33 1.64 0.62 0.39 -0.07 1.37 25.98 1.209 0.000 0.000 2.780 1.00 0.0000000000 0.0000000000 0.9837222543 0.1796956493 True True True False
Pedestrian 0.00 0 -1 1023.46 472.75 1064.86 625.72 1.91 0.55 0.51 0.70 1.45 29.95 -1.919 0.000 0.000 -0.349 1.00 0.0000000000 0.0000000000 -0.1734689978 0.9848393305 True True True False
Pedestrian 0.00 0 -1 1061.85 488.69 1115.34 627.39 1.74 0.66 0.48 1.28 1.50 29.94 -1.579 0.000 0.000 -0.008 1.00 0.0000000000 0.0000000000 -0.0040982936 0.9999916020 True True True False
Pedestrian 0.00 0 -1 913.59 492.77 948.74 611.31 1.78 0.46 0.45 -0.83 1.58 36.39 -1.846 0.000 0.000 -0.275 1.00 0.0000000000 0.0000000000 -0.1371965404 0.9905438452 True True True False
Pedestrian 0.00 0 -1 885.26 493.14 927.23 615.79 1.78 0.60 0.43 -1.15 1.56 34.92 -1.857 0.000 0.000 -0.286 1.00 0.0000000000 0.0000000000 -0.1426151080 0.9897782231 True True True False
Pedestrian 0.00 0 -1 847.81 495.34 894.70 616.62 1.78 0.64 0.38 -1.74 1.59 35.41 -1.556 0.000 0.000 0.015 1.00 0.0000000000 0.0000000000 0.0073972725 0.9999726398 True True True False
Pedestrian 0.00 0 -1 818.30 491.79 857.55 617.84 1.89 0.56 0.37 -2.29 1.62 35.52 -1.902 0.000 0.000 -0.331 1.00 0.0000000000 0.0000000000 -0.1646927484 0.9863449187 True True True False
Pedestrian 0.31 0 -1 1842.21 426.79 1920.00 683.55 1.74 0.52 0.51 6.26 1.19 16.16 0.736 0.000 0.000 2.307 1.00 0.0000000000 0.0000000000 0.9141346181 0.4054107794 True False True False
Pedestrian 0.00 1 -1 779.99 497.70 816.79 615.97 1.60 0.47 0.51 -2.56 1.45 31.92 -1.642 0.000 0.000 -0.071 1.00 0.0000000000 0.0000000000 -0.0355783400 0.9993668904 True True True True
Pedestrian_is_group 0.00 1 -1 742.59 495.75 780.02 607.73 1.55 0.48 0.31 -3.17 1.38 32.70 -1.957 0.000 0.000 -0.386 1.00 0.0000000000 0.0000000000 -0.1919347354 0.9814076917 True True True False
Pedestrian 0.00 1 -1 700.84 507.53 735.90 610.63 1.84 0.60 0.64 -4.84 1.82 42.23 -1.710 0.000 0.000 -0.139 1.00 0.0000000000 0.0000000000 -0.0696261311 0.9975731562 True True True True
Pedestrian 0.00 0 -1 667.46 507.06 695.69 599.73 1.72 0.50 0.60 -5.50 1.70 42.22 -1.799 0.000 0.000 -0.229 1.00 0.0000000000 0.0000000000 -0.1140787424 0.9934717110 True True True False
