PassengerCar 0.00 0 -1 724.12 450.55 1396.88 981.51 1.19 1.88 4.04 0.15 1.11 7.36 -1.571 0.000 -0.016 0.000 1.00 0.0000000000 -0.0081591599 0.0000000000 0.9999667135 True True True False
PassengerCar 0.88 0 -1 895.39 446.98 1111.39 696.86 1.37 2.06 3.70 3.21 1.11 5.81 -1.571 0.054 -0.000 0.000 1.00 0.0268915514 -0.0000741566 0.0000019949 0.9996383541 True False True False
PassengerCar 0.17 1 -1 1661.26 440.48 1920.00 892.94 1.33 1.83 4.24 3.15 1.19 11.32 -1.544 0.033 -0.020 0.027 1.00 0.0166938795 -0.0097505808 0.0137154341 0.9997190242 True True True False
PassengerCar 0.00 1 -1 1403.79 463.14 1886.28 798.66 1.45 1.86 3.81 3.24 1.26 16.92 -1.571 0.046 0.000 0.000 1.00 0.0230747088 0.0000000000 0.0000000000 0.9997337435 True True True False
PassengerCar 0.00 2 -1 1301.19 481.07 1594.60 691.70 1.82 1.80 4.11 3.36 1.29 22.58 -1.518 0.000 0.000 0.052 1.00 0.0000000000 0.0000000000 0.0261786538 0.9996572803 True True True False
PassengerCar 0.00 3 -1 1241.98 456.21 1451.55 638.09 1.62 1.98 3.83 0.09 1.13 16.31 -1.571 0.000 0.000 0.000 1.00 0.0000000000 0.0000000000 0.0000000000 1.0000000000 False False True False
DontCare 0.00 -1 -1 403.83 525.05 531.68 591.23 -1.00 -1.00 -1.00 -1000.00 -1000.00 -1000.00 -1.000 -1.000 -1.000 -1.000 1.00 -1000.0000000000 -1000.0000000000 -1000.0000000000 -1000.0000000000 -1 -1 -1 -1
DontCare 0.00 -1 -1 264.41 530.41 299.20 603.83 -1.00 -1.00 -1.00 -1000.00 -1000.00 -1000.00 -1.000 -1.000 -1.000 -1.000 1.00 -1000.0000000000 -1000.0000000000 -1000.0000000000 -1000.0000000000 -1 -1 -1 -1
DontCare 0.00 -1 -1 748.66 528.19 823.18 554.98 -1.00 -1.00 -1.00 -1000.00 -1000.00 -1000.00 -1.000 -1.000 -1.000 -1.000 1.00 -1000.0000000000 -1000.0000000000 -1000.0000000000 -1000.0000000000 -1 -1 -1 -1
DontCare 0.00 -1 -1 0.00 549.31 71.71 627.91 -1.00 -1.00 -1.00 -1000.00 -1000.00 -1000.00 -1.000 -1.000 -1.000 -1.000 1.00 -1000.0000000000 -1000.0000000000 -1000.0000000000 -1000.0000000000 -1 -1 -1 -1
DontCare 0.00 -1 -1 231.92 544.91 262.20 586.09 -1.00 -1.00 -1.00 -1000.00 -1000.00 -1000.00 -1.000 -1.000 -1.000 -1.000 1.00 -1000.0000000000 -1000.0000000000 -1000.0000000000 -1000.0000000000 -1 -1 -1 -1
DontCare 0.00 -1 -1 216.16 545.23 231.64 588.06 -1.00 -1.00 -1.00 -1000.00 -1000.00 -1000.00 -1.000 -1.000 -1.000 -1.000 1.00 -1000.0000000000 -1000.0000000000 -1000.0000000000 -1000.0000000000 -1 -1 -1 -1
Obstacle 0.00 -1 -1 1759.18 428.96 1832.50 548.59 -1.00 -1.00 -1.00 -1000.00 -1000.00 -1000.00 -1.000 -1.000 -1.000 -1.000 1.00 -1000.0000000000 -1000.0000000000 -1000.0000000000 -1000.0000000000 -1 -1 -1 -1
Obstacle 0.00 -1 -1 1456.22 464.38 1488.75 541.09 -1.00 -1.00 -1.00 -1000.00 -1000.00 -1000.00 -1.000 -1.000 -1.000 -1.000 1.00 -1000.0000000000 -1000.0000000000 -1000.0000000000 -1000.0000000000 -1 -1 -1 -1
Pedestrian 0.00 -1 -1 539.72 533.22 574.07 581.45 -1.00 -1.00 -1.00 -1000.00 -1000.00 -1000.00 -1.000 -1.000 -1.000 -1.000 1.00 -1000.0000000000 -1000.0000000000 -1000.0000000000 -1000.0000000000 -1 -1 -1 -1
