PassengerCar 0.47 0 -1 0.00 484.09 472.62 937.83 1.40 1.83 3.68 -3.06 1.31 8.40 -1.571 0.000 0.000 0.000 1.00 0.0000000000 0.0000000000 0.0000000000 1.0000000000 True True True False
PassengerCar 0.00 0 -1 694.75 518.84 831.18 618.04 1.41 1.83 4.03 -3.23 1.50 34.75 -1.599 0.000 0.000 -0.028 1.00 0.0000000000 0.0000000000 -0.0141666859 0.9998996475 True True True False
PassengerCar 0.00 0 -1 819.81 522.29 894.78 577.28 1.46 1.86 4.21 -3.50 1.75 62.43 -1.571 0.000 0.000 0.000 1.00 0.0000000000 0.0000000000 0.0000000000 1.0000000000 True True True False
PassengerCar 0.00 0 -1 911.34 511.82 1053.85 630.32 1.40 1.82 4.25 -0.11 1.44 30.26 -1.571 0.000 0.000 0.000 1.00 0.0000000000 0.0000000000 0.0000000000 1.0000000000 True True True False
PassengerCar 0.00 0 -1 1306.95 464.24 1494.21 599.19 1.65 1.86 4.38 5.45 1.09 31.01 -1.604 0.054 0.002 -0.034 1.00 0.0267631704 0.0004511096 -0.0168471772 0.9994997258 True True True False
PassengerCar 0.00 2 -1 861.37 522.87 912.41 559.87 -1.00 -1.00 -1.00 -1000.00 -1000.00 -1000.00 -1.000 -1.000 -1.000 -1.000 1.00 -1000.0000000000 -1000.0000000000 -1000.0000000000 -1000.0000000000 True True False False
PassengerCar 0.00 2 -1 296.45 537.17 439.62 624.12 1.48 1.82 3.80 -10.90 1.97 41.17 -4.698 0.000 0.000 -3.127 1.00 0.0000000000 0.0000000000 -0.9999734271 0.0072900726 True True True False
PassengerCar 0.00 1 -1 620.62 529.44 714.42 586.34 -1.00 -1.00 -1.00 -1000.00 -1000.00 -1000.00 -1.000 -1.000 -1.000 -1.000 1.00 -1000.0000000000 -1000.0000000000 -1000.0000000000 -1000.0000000000 True False False False
PassengerCar 0.00 1 -1 431.20 540.19 502.73 594.15 -1.00 -1.00 -1.00 -1000.00 -1000.00 -1000.00 -1.000 -1.000 -1.000 -1.000 1.00 -1000.0000000000 -1000.0000000000 -1000.0000000000 -1000.0000000000 True False False False
PassengerCar 0.00 2 -1 483.82 535.02 535.73 579.93 -1.00 -1.00 -1.00 -1000.00 -1000.00 -1000.00 -1.000 -1.000 -1.000 -1.000 1.00 -1000.0000000000 -1000.0000000000 -1000.0000000000 -1000.0000000000 True False False False
PassengerCar 0.00 0 -1 532.80 531.56 623.11 589.97 -1.00 -1.00 -1.00 -1000.00 -1000.00 -1000.00 -1.000 -1.000 -1.000 -1.000 1.00 -1000.0000000000 -1000.0000000000 -1000.0000000000 -1000.0000000000 True False False False
PassengerCar 0.00 2 -1 1288.34 494.12 1454.49 566.20 1.63 1.74 3.44 8.78 1.30 53.32 -0.208 0.000 0.000 1.363 1.00 0.0000000000 0.0000000000 0.6298415114 0.7767236771 True True True False
Obstacle 0.00 3 -1 447.54 531.91 463.14 581.08 -1.00 -1.00 -1.00 -1000.00 -1000.00 -1000.00 -1.000 -1.000 -1.000 -1.000 1.00 -1000.0000000000 -1000.0000000000 -1000.0000000000 -1000.0000000000 True False False False
Obstacle 0.00 3 -1 458.07 534.12 472.54 580.56 -1.00 -1.00 -1.00 -1000.00 -1000.00 -1000.00 -1.000 -1.000 -1.000 -1.000 1.00 -1000.0000000000 -1000.0000000000 -1000.0000000000 -1000.0000000000 True False False False
Obstacle 0.00 3 -1 433.46 533.14 448.28 582.63 -1.00 -1.00 -1.00 -1000.00 -1000.00 -1000.00 -1.000 -1.000 -1.000 -1.000 1.00 -1000.0000000000 -1000.0000000000 -1000.0000000000 -1000.0000000000 True False False False
Pedestrian 0.05 0 -1 1234.66 493.96 1258.19 563.76 1.80 0.51 0.43 6.48 1.43 59.39 -3.673 0.000 0.000 -2.103 1.00 0.0000000000 0.0000000000 -0.8680522369 0.4964728734 True True True False
Pedestrian 0.06 0 -1 1250.76 498.08 1268.95 560.32 1.57 0.45 0.49 6.88 1.35 59.36 -1.571 0.000 0.000 0.000 1.00 0.0000000000 0.0000000000 0.0000000000 1.0000000000 False True True False
Pedestrian 0.00 0 -1 1221.50 499.79 1239.42 557.10 -1.00 -1.00 -1.00 -1000.00 -1000.00 -1000.00 -1.000 -1.000 -1.000 -1.000 1.00 -1000.0000000000 -1000.0000000000 -1000.0000000000 -1000.0000000000 True True False False
Pedestrian 0.00 0 -1 1144.67 497.75 1165.07 549.88 -1.00 -1.00 -1.00 -1000.00 -1000.00 -1000.00 -1.000 -1.000 -1.000 -1.000 1.00 -1000.0000000000 -1000.0000000000 -1000.0000000000 -1000.0000000000 True True False False
