PassengerCar 0.79 1 -1 1552.31 435.15 1920.00 1024.00 1.48 1.87 3.61 2.71 1.31 6.13 -1.550 0.000 -0.013 0.020 1.00 0.0001878552 -0.0067175232 0.0102302700 0.9999250878 True True True False
PassengerCar 0.08 1 -1 1351.11 457.02 1920.00 839.90 1.57 1.85 3.85 2.90 1.38 11.10 -1.568 0.000 0.000 0.003 1.00 0.0000000000 0.0000000000 0.0016351767 0.9999986631 True True True False
PassengerCar 0.00 1 -1 1257.70 516.00 1648.44 753.96 1.42 1.82 3.65 2.91 1.44 15.55 -1.571 0.000 -0.015 0.000 1.00 0.0000000000 -0.0076653385 0.0000000000 0.9999706209 True True True False
PassengerCar 0.00 1 -1 1193.33 512.55 1487.57 699.35 1.38 1.84 3.67 2.85 1.50 20.15 -1.571 0.000 0.000 0.000 1.00 0.0000000000 0.0000000000 0.0000000000 1.0000000000 True True True False
PassengerCar 0.00 1 -1 1161.75 518.81 1380.36 670.02 1.45 1.80 3.66 2.99 1.55 25.87 -1.665 0.000 0.000 -0.094 1.00 0.0000000000 0.0000000000 -0.0469337686 0.9988980035 True True True False
PassengerCar 0.00 2 -1 1134.90 521.18 1313.92 645.72 1.52 1.78 3.68 2.88 1.72 30.69 -1.622 0.000 0.000 -0.051 1.00 0.0000000000 0.0000000000 -0.0254178423 0.9996769145 True True True False
PassengerCar 0.00 2 -1 922.72 532.89 1054.78 607.04 1.46 1.83 3.60 -0.13 1.91 48.59 -1.924 0.000 0.000 -0.354 1.00 0.0000000000 0.0000000000 -0.1758921181 0.9844094487 True True True False
PassengerCar 0.00 3 -1 810.64 536.82 895.59 589.56 1.48 1.84 3.83 -3.83 2.30 68.11 -1.481 0.000 0.000 0.089 1.00 0.0000000000 0.0000000000 0.0447211967 0.9989995068 True True True False
PassengerCar 0.00 0 -1 919.99 529.66 1174.91 724.64 1.37 2.04 3.80 0.44 1.49 17.70 -1.571 -0.010 -0.003 0.000 1.00 -0.0047936651 -0.0014358848 -0.0000068832 0.9999874794 True True True False
PassengerCar 0.86 0 -1 0.00 341.64 216.75 1024.00 1.56 1.92 4.42 -3.91 1.15 5.83 -2.474 0.000 0.000 -0.904 1.00 0.0000000000 0.0000000000 -0.4365582468 0.8996759957 True True True False
PassengerCar 0.41 2 -1 0.00 456.21 551.01 876.84 1.40 1.70 3.73 -3.36 1.21 8.50 -2.457 0.000 0.000 -0.886 1.00 0.0000000000 0.0000000000 -0.4285808511 0.9035034334 True True True False
PassengerCar 0.17 2 -1 0.00 428.03 604.84 811.41 1.59 1.79 3.89 -3.72 1.27 11.78 -2.500 0.000 0.000 -0.930 1.00 0.0000000000 0.0000000000 -0.4482732267 0.8938965904 True True True False
PassengerCar 0.00 2 -1 80.65 512.11 741.76 739.41 1.34 1.75 3.62 -3.25 1.33 14.20 -2.536 0.002 0.022 -0.965 1.00 0.0061357712 0.0093534145 -0.4640324826 0.8857475493 True True True False
PassengerCar 0.00 2 -1 331.36 506.74 857.88 714.00 1.47 1.64 3.82 -2.78 1.45 17.17 -2.444 -0.043 -0.001 -0.873 1.00 -0.0198312394 0.0087059055 -0.4226720725 0.9060238674 True True True False
PassengerCar 0.00 2 -1 621.63 510.78 855.42 690.88 1.49 1.85 3.85 -2.02 1.46 21.15 -1.549 0.002 -0.013 0.021 1.00 0.0010920266 -0.0066458209 0.0106967635 0.9999201067 True True True False
PassengerCar 0.00 2 -1 551.79 531.11 927.99 664.78 1.51 1.72 4.23 -2.72 1.71 25.70 -2.456 0.012 -0.010 -0.886 1.00 0.0032618649 -0.0068793326 -0.4284208210 0.9035472512 True True True False
PassengerCar 0.00 3 -1 800.51 536.25 900.91 621.04 -1.00 -1.00 -1.00 -1000.00 -1000.00 -1000.00 -1.000 -1.000 -1.000 -1.000 1.00 -1000.0000000000 -1000.0000000000 -1000.0000000000 -1000.0000000000 True False True False
Vehicle 0.00 3 -1 1083.00 529.00 1202.00 616.00 1.42 1.78 3.83 2.61 1.78 40.26 -1.571 0.000 0.000 0.000 1.00 0.0000000000 0.0000000000 0.0000000000 1.0000000000 False False True True
Vehicle 0.00 3 -1 1025.00 528.00 1127.00 609.00 1.47 1.80 3.88 1.65 1.86 44.98 -1.571 0.000 0.000 0.000 1.00 0.0000000000 0.0000000000 0.0000000000 1.0000000000 False False True True
