PassengerCar 0.40 0 -1 0.00 427.29 444.67 762.95 1.54 1.80 4.19 -4.90 1.16 12.66 -2.655 0.000 0.000 -1.084 1.00 0.0000000000 0.0000000000 -0.5157417947 0.8567440698 True True True False
PassengerCar 0.00 0 -1 1045.11 498.13 1176.74 592.58 1.36 1.82 4.18 1.78 1.20 35.06 -1.543 0.000 0.000 0.028 1.00 0.0000000000 0.0000000000 0.0138494669 0.9999040915 True True True False
PassengerCar 0.00 1 -1 994.50 494.25 1075.47 563.40 1.67 2.14 4.23 1.38 1.34 61.28 -1.552 0.000 0.000 0.019 1.00 0.0000000000 0.0000000000 0.0092769553 0.9999569681 True True True False
PassengerCar 0.00 2 -1 0.00 479.41 540.99 681.09 1.45 1.81 3.92 -5.59 1.26 18.66 -2.844 0.000 0.000 -1.273 1.00 0.0000000000 0.0000000000 -0.5943418566 0.8042125077 True True True False
PassengerCar 0.00 3 -1 126.41 478.01 576.66 625.85 1.49 1.81 4.11 -6.44 1.22 24.82 -3.025 0.000 0.000 -1.454 1.00 0.0000000000 0.0000000000 -0.6645538310 0.7472403936 True True True False
PassengerCar 0.00 2 -1 52.79 475.34 559.76 635.66 1.38 1.85 4.07 -6.33 1.11 21.71 -2.847 0.000 0.000 -1.276 1.00 0.0000000000 0.0000000000 -0.5956210117 0.8032655915 True True True True
PassengerCar 0.00 0 -1 355.96 503.52 628.80 593.28 -1.00 -1.00 -1.00 -1000.00 -1000.00 -1000.00 -1.000 -1.000 -1.000 -1.000 1.00 -1000.0000000000 -1000.0000000000 -1000.0000000000 -1000.0000000000 True True False False
PassengerCar 0.00 2 -1 308.65 492.83 609.46 590.30 1.45 1.82 4.16 -8.02 1.23 35.95 -3.116 0.000 0.000 -1.545 1.00 0.0000000000 0.0000000000 -0.6979010503 0.7161941943 True True True True
PassengerCar 0.00 0 -1 251.13 489.17 591.75 598.74 1.47 1.86 4.24 -7.84 1.23 32.81 -3.044 0.000 0.000 -1.473 1.00 0.0000000000 0.0000000000 -0.6717455978 0.7407819192 True True True True
PassengerCar 0.90 0 -1 0.00 321.87 190.08 1024.00 1.37 1.81 4.20 -4.30 1.04 6.01 -2.709 0.000 0.000 -1.138 1.00 0.0000000000 0.0000000000 -0.5387271168 0.8424803224 True False True False
PassengerCar 0.00 3 -1 722.77 517.82 844.39 567.70 -1.00 -1.00 -1.00 -1000.00 -1000.00 -1000.00 -1.000 -1.000 -1.000 -1.000 1.00 -1000.0000000000 -1000.0000000000 -1000.0000000000 -1000.0000000000 True True False False
PassengerCar 0.00 2 -1 761.77 519.50 876.59 568.01 1.55 1.86 4.22 -5.96 1.92 76.69 -2.876 0.000 0.000 -1.305 1.00 0.0000000000 0.0000000000 -0.6071188300 0.7946110534 True True True False
PassengerCar 0.00 0 -1 645.96 510.83 802.77 565.02 1.36 1.69 3.65 -6.80 1.45 60.76 -2.770 0.000 0.000 -1.199 1.00 0.0000000000 0.0000000000 -0.5641340293 0.8256832304 True True True False
PassengerCar 0.00 3 -1 679.20 516.47 830.52 567.18 1.52 1.80 4.25 -7.14 1.79 72.33 -2.823 0.000 0.000 -1.252 1.00 0.0000000000 0.0000000000 -0.5860922216 0.8102443507 True True True False
Pedestrian 0.06 0 -1 967.27 500.84 988.20 567.41 1.74 0.48 0.44 -0.27 1.55 61.69 -2.894 0.000 0.000 -1.323 1.00 0.0000000000 0.0000000000 -0.6144947415 0.7889209166 True True True False
