PassengerCar 0.00 0 -1 914.98 511.39 1025.67 593.54 1.28 1.93 4.26 -0.30 1.45 42.58 -1.572 0.048 -0.015 -0.001 1.00 0.0238747060 -0.0076604864 -0.0001829494 0.9996855915 True True True False
PassengerCar 0.00 0 -1 1072.34 502.72 1170.47 582.96 1.39 1.66 4.21 2.43 1.30 43.59 -1.571 0.020 -0.005 -0.000 1.00 0.0099143214 -0.0024738992 -0.0000245283 0.9999477914 True True True False
PassengerCar 0.81 1 -1 1800.33 480.66 1920.00 659.82 1.51 2.00 4.18 8.61 1.25 18.46 -1.973 0.006 0.013 -0.403 1.00 0.0040020928 0.0057023033 -0.2000044398 0.9797702236 True False True False
PassengerCar 0.00 1 -1 1035.25 501.55 1101.33 560.59 1.65 1.71 4.26 2.09 1.34 57.52 -1.571 0.000 0.000 0.000 1.00 0.0000000000 0.0000000000 0.0000000000 1.0000000000 True True True False
PassengerCar 0.00 1 -1 1169.55 477.17 1260.05 552.74 1.82 1.57 3.98 5.66 1.04 59.14 -1.673 0.000 0.000 -0.102 1.00 0.0000000000 0.0000000000 -0.0508818467 0.9987046799 True True True False
PassengerCar 0.00 2 -1 1145.15 481.88 1229.53 548.96 1.86 1.83 4.27 5.45 1.12 64.75 -1.652 0.000 0.000 -0.081 1.00 0.0000000000 0.0000000000 -0.0405683358 0.9991767662 True True True False
PassengerCar 0.00 2 -1 1104.16 474.08 1182.96 545.19 2.06 2.12 4.24 4.80 1.09 72.75 -1.571 0.000 0.000 0.000 1.00 0.0000000000 0.0000000000 0.0000000000 1.0000000000 True True True False
PassengerCar 0.00 3 -1 1055.48 492.16 1122.56 541.59 -1.00 -1.00 -1.00 -1000.00 -1000.00 -1000.00 -1.000 -1.000 -1.000 -1.000 1.00 -1000.0000000000 -1000.0000000000 -1000.0000000000 -1000.0000000000 True True False False
PassengerCar 0.00 1 -1 975.90 497.67 1037.54 542.96 -1.00 -1.00 -1.00 -1000.00 -1000.00 -1000.00 -1.000 -1.000 -1.000 -1.000 1.00 -1000.0000000000 -1000.0000000000 -1000.0000000000 -1000.0000000000 True True False False
PassengerCar 0.00 1 -1 860.47 499.78 906.46 532.87 -1.00 -1.00 -1.00 -1000.00 -1000.00 -1000.00 -1.000 -1.000 -1.000 -1.000 1.00 -1000.0000000000 -1000.0000000000 -1000.0000000000 -1000.0000000000 True True False False
PassengerCar 0.00 2 -1 602.84 511.16 655.90 551.37 -1.00 -1.00 -1.00 -1000.00 -1000.00 -1000.00 -1.000 -1.000 -1.000 -1.000 1.00 -1000.0000000000 -1000.0000000000 -1000.0000000000 -1000.0000000000 True True False False
PassengerCar 0.00 3 -1 595.49 507.92 643.70 543.80 -1.00 -1.00 -1.00 -1000.00 -1000.00 -1000.00 -1.000 -1.000 -1.000 -1.000 1.00 -1000.0000000000 -1000.0000000000 -1000.0000000000 -1000.0000000000 True True False False
PassengerCar 0.00 2 -1 612.30 498.34 660.00 546.13 -1.00 -1.00 -1.00 -1000.00 -1000.00 -1000.00 -1.000 -1.000 -1.000 -1.000 1.00 -1000.0000000000 -1000.0000000000 -1000.0000000000 -1000.0000000000 True True False False
Pedestrian 0.00 0 -1 678.07 456.98 739.91 693.41 1.76 0.54 0.39 -2.04 1.34 16.95 0.019 0.002 -0.000 1.590 1.00 0.0007207266 0.0007073472 0.7136999038 0.7004508744 True True True False
Pedestrian 0.00 1 -1 687.40 464.28 750.15 693.17 1.69 0.50 0.37 -1.94 1.35 17.40 0.095 0.000 0.000 1.666 1.00 0.0000000000 0.0000000000 0.7399087642 0.6727072326 True True True False
Pedestrian 0.00 1 -1 723.15 453.57 771.98 682.16 1.83 0.42 0.39 -1.86 1.34 18.12 -0.006 0.000 0.000 1.565 1.00 0.0000000000 0.0000000000 0.7049118854 0.7092948850 True True True False
Pedestrian 0.00 2 -1 749.21 469.72 788.34 671.94 1.65 0.33 0.38 -1.84 1.23 19.32 0.027 -0.007 0.000 1.598 1.00 -0.0023328355 -0.0022696779 0.7167386772 0.6973342635 True True True False
Pedestrian 0.05 0 -1 1334.09 466.81 1356.22 538.74 2.10 0.65 0.35 10.40 0.91 68.38 -1.571 0.000 0.000 0.000 1.00 0.0000000000 0.0000000000 0.0000000000 1.0000000000 True True True False
Pedestrian 0.00 0 -1 1312.62 466.07 1342.13 538.25 2.09 0.75 0.45 9.79 0.89 68.02 -1.554 0.004 -0.000 0.016 1.00 0.0020829411 -0.0000426677 0.0081725080 0.9999644342 True True True False
Pedestrian 0.00 0 -1 338.70 506.77 370.49 588.14 1.79 0.53 0.52 -13.64 1.75 50.71 -1.541 0.000 0.000 0.030 1.00 0.0000000000 0.0000000000 0.0147765514 0.9998908208 True False True False
Pedestrian 0.00 0 -1 364.82 497.54 393.36 595.68 1.74 0.34 0.55 -11.85 1.59 45.88 -0.627 0.000 0.000 0.944 1.00 0.0000000000 0.0000000000 0.4547548668 0.8906166465 True True True False
Pedestrian 0.00 1 -1 380.53 498.80 413.96 594.04 1.88 0.53 0.47 -11.70 1.69 46.63 1.544 -0.001 -0.000 3.115 1.00 0.0000053768 -0.0003338225 0.9999100394 0.0134090162 True True True False
Pedestrian 0.07 1 -1 520.80 493.29 539.69 554.63 1.56 0.52 0.51 -14.70 1.05 75.66 1.569 0.000 0.000 3.140 1.00 0.0000000000 0.0000000000 0.9999996798 0.0008002798 True False True True
Pedestrian 0.00 1 -1 445.46 492.63 501.23 557.08 -1.00 -1.00 -1.00 -1000.00 -1000.00 -1000.00 -1.000 -1.000 -1.000 -1.000 1.00 -1000.0000000000 -1000.0000000000 -1000.0000000000 -1000.0000000000 True True False False
Pedestrian 0.00 1 -1 414.26 498.01 440.59 571.06 -1.00 -1.00 -1.00 -1000.00 -1000.00 -1000.00 -1.000 -1.000 -1.000 -1.000 1.00 -1000.0000000000 -1000.0000000000 -1000.0000000000 -1000.0000000000 True False False False
