PassengerCar 0.00 0 -1 974.89 461.96 1291.10 688.20 1.54 1.65 3.86 1.19 1.18 18.00 -1.321 0.000 0.014 0.250 1.00 -0.0006546670 0.0069294014 0.1246162148 0.9921806054 True True True False
PassengerCar 0.00 0 -1 1492.89 480.70 1621.45 599.63 1.62 1.89 4.58 8.29 1.38 33.78 -1.315 -0.007 -0.026 0.256 1.00 -0.0017124586 -0.0132952331 0.1277356649 0.9917176535 True True True False
PassengerCar 0.00 0 -1 1716.97 456.12 1892.94 609.84 1.65 1.96 4.30 9.77 1.16 28.05 -1.260 -0.005 -0.016 0.310 1.00 -0.0012640486 -0.0080827432 0.1545053383 0.9879580820 True True True False
PassengerCar 0.00 2 -1 1684.61 498.58 1810.70 589.61 1.37 1.53 3.78 12.09 1.25 37.56 -1.379 0.000 0.000 0.192 1.00 0.0000000000 0.0000000000 0.0956140612 0.9954184805 True False True False
PassengerCar 0.00 0 -1 1670.88 472.47 1786.90 578.51 1.87 1.85 4.71 13.48 1.17 43.15 -1.315 0.007 0.027 0.256 1.00 0.0018030489 0.0140383680 0.1273780292 0.9917532510 True True True False
PassengerCar 0.00 2 -1 1589.52 506.92 1642.69 552.16 -1.00 -1.00 -1.00 -1000.00 -1000.00 -1000.00 -1.000 -1.000 -1.000 -1.000 1.00 -1000.0000000000 -1000.0000000000 -1000.0000000000 -1000.0000000000 True False False False
PassengerCar 0.00 0 -1 1634.67 510.13 1674.74 540.83 -1.00 -1.00 -1.00 -1000.00 -1000.00 -1000.00 -1.000 -1.000 -1.000 -1.000 1.00 -1000.0000000000 -1000.0000000000 -1000.0000000000 -1000.0000000000 True False False False
DontCare 0.00 -1 -1 61.00 471.83 555.82 714.69 1.60 1.71 3.73 -4.69 1.34 16.83 -4.459 0.006 0.020 -2.888 1.00 0.0105285643 -0.0015504065 -0.9919373472 0.1262816095 False False False False
DontCare 0.00 -1 -1 526.44 499.08 708.03 599.08 1.47 1.49 3.50 -5.69 1.35 36.52 -4.451 0.000 0.000 -2.880 1.00 0.0000000000 0.0000000000 -0.9914524203 0.1304687638 False False False False
DontCare 0.00 -1 -1 644.67 494.27 822.20 589.65 1.51 1.72 4.17 -4.33 1.30 40.91 -4.453 0.002 0.008 -2.882 1.00 0.0042387294 -0.0005536095 -0.9915693882 0.1295062742 False False False False
DontCare 0.00 -1 -1 925.43 502.58 1028.94 578.46 1.39 1.61 3.78 -0.03 1.31 45.20 -4.408 0.000 0.000 -2.837 1.00 0.0000000000 0.0000000000 -0.9884235026 0.1517200697 False False False False
DontCare 0.00 -1 -1 1212.66 496.80 1308.18 563.75 1.54 1.75 3.44 6.51 1.31 56.46 -4.398 0.000 0.000 -2.828 1.00 0.0000000000 0.0000000000 -0.9876990660 0.1563667326 False False False False
DontCare 0.00 -1 -1 812.60 483.21 937.03 549.96 -1.00 -1.00 -1.00 -1000.00 -1000.00 -1000.00 -1.000 -1.000 -1.000 -1.000 1.00 -1000.0000000000 -1000.0000000000 -1000.0000000000 -1000.0000000000 False False False False
DontCare 0.00 -1 -1 1424.06 493.18 1545.37 533.08 -1.00 -1.00 -1.00 -1000.00 -1000.00 -1000.00 -1.000 -1.000 -1.000 -1.000 1.00 -1000.0000000000 -1000.0000000000 -1000.0000000000 -1000.0000000000 False False False False
