PassengerCar 0.00 0 -1 668.11 543.99 738.38 591.44 1.46 1.87 4.12 -9.04 2.54 74.17 -4.672 0.001 -0.002 -3.101 1.00 -0.0011083650 -0.0004704621 -0.9997903559 0.0204400218 True True True False
PassengerCar 0.00 2 -1 702.93 544.68 756.93 586.58 -1.00 -1.00 -1.00 -1000.00 -1000.00 -1000.00 -1.000 -1.000 -1.000 -1.000 1.00 -1000.0000000000 -1000.0000000000 -1000.0000000000 -1000.0000000000 True True False False
PassengerCar 0.00 2 -1 732.58 544.75 786.62 584.94 -1.00 -1.00 -1.00 -1000.00 -1000.00 -1000.00 -1.000 -1.000 -1.000 -1.000 1.00 -1000.0000000000 -1000.0000000000 -1000.0000000000 -1000.0000000000 True True False False
PassengerCar 0.00 1 -1 773.16 539.97 860.49 579.90 -1.00 -1.00 -1.00 -1000.00 -1000.00 -1000.00 -1.000 -1.000 -1.000 -1.000 1.00 -1000.0000000000 -1000.0000000000 -1000.0000000000 -1000.0000000000 True True False False
DontCare 0.00 -1 -1 1664.65 432.41 1920.00 566.01 -1.00 -1.00 -1.00 -1000.00 -1000.00 -1000.00 -1.000 -1.000 -1.000 -1.000 1.00 -1000.0000000000 -1000.0000000000 -1000.0000000000 -1000.0000000000 False False False False
Pedestrian 0.00 0 -1 854.47 538.18 870.85 575.22 -1.00 -1.00 -1.00 -1000.00 -1000.00 -1000.00 -1.000 -1.000 -1.000 -1.000 1.00 -1000.0000000000 -1000.0000000000 -1000.0000000000 -1000.0000000000 True True False False
Pedestrian 0.00 0 -1 1257.65 526.73 1271.35 567.01 -1.00 -1.00 -1.00 -1000.00 -1000.00 -1000.00 -1.000 -1.000 -1.000 -1.000 1.00 -1000.0000000000 -1000.0000000000 -1000.0000000000 -1000.0000000000 True True False False
Pedestrian 0.00 0 -1 1230.95 528.46 1246.18 566.77 -1.00 -1.00 -1.00 -1000.00 -1000.00 -1000.00 -1.000 -1.000 -1.000 -1.000 1.00 -1000.0000000000 -1000.0000000000 -1000.0000000000 -1000.0000000000 True True False False
Pedestrian 0.00 1 -1 1415.82 515.26 1436.19 565.07 -1.00 -1.00 -1.00 -1000.00 -1000.00 -1000.00 -1.000 -1.000 -1.000 -1.000 1.00 -1000.0000000000 -1000.0000000000 -1000.0000000000 -1000.0000000000 True True False False
Pedestrian 0.00 2 -1 1396.44 514.79 1418.86 562.00 -1.00 -1.00 -1.00 -1000.00 -1000.00 -1000.00 -1.000 -1.000 -1.000 -1.000 1.00 -1000.0000000000 -1000.0000000000 -1000.0000000000 -1000.0000000000 True True False False
Pedestrian 0.00 2 -1 1486.59 499.42 1518.21 573.14 -1.00 -1.00 -1.00 -1000.00 -1000.00 -1000.00 -1.000 -1.000 -1.000 -1.000 1.00 -1000.0000000000 -1000.0000000000 -1000.0000000000 -1000.0000000000 True True False False
Pedestrian 0.00 0 -1 1490.82 508.20 1519.98 592.48 1.71 0.95 0.53 9.70 1.60 43.81 -3.281 0.003 -0.018 -1.710 1.00 -0.0059122086 -0.0068011627 -0.7546763086 0.6560354100 True True True False
Pedestrian 0.00 0 -1 1540.81 502.80 1571.29 601.64 1.58 0.61 0.59 9.31 1.48 38.39 1.556 0.000 0.000 3.127 1.00 0.0000000000 0.0000000000 0.9999732822 0.0073099126 True True True False
Pedestrian 0.00 1 -1 417.24 544.28 442.30 595.39 -1.00 -1.00 -1.00 -1000.00 -1000.00 -1000.00 -1.000 -1.000 -1.000 -1.000 1.00 -1000.0000000000 -1000.0000000000 -1000.0000000000 -1000.0000000000 True True False False
Pedestrian 0.00 0 -1 431.37 540.31 455.94 595.61 -1.00 -1.00 -1.00 -1000.00 -1000.00 -1000.00 -1.000 -1.000 -1.000 -1.000 1.00 -1000.0000000000 -1000.0000000000 -1000.0000000000 -1000.0000000000 True True False False
Pedestrian 0.00 0 -1 456.12 542.63 474.46 590.87 -1.00 -1.00 -1.00 -1000.00 -1000.00 -1000.00 -1.000 -1.000 -1.000 -1.000 1.00 -1000.0000000000 -1000.0000000000 -1000.0000000000 -1000.0000000000 True True False False
Pedestrian 0.00 0 -1 474.80 539.87 508.12 591.91 -1.00 -1.00 -1.00 -1000.00 -1000.00 -1000.00 -1.000 -1.000 -1.000 -1.000 1.00 -1000.0000000000 -1000.0000000000 -1000.0000000000 -1000.0000000000 True True False False
Pedestrian 0.00 0 -1 116.19 551.17 162.51 639.11 1.63 0.77 0.75 -17.66 2.67 48.69 -4.686 0.000 0.000 -3.115 1.00 0.0000000000 0.0000000000 -0.9999108595 0.0133518940 True False True False
Pedestrian 0.00 0 -1 1580.54 496.13 1610.60 598.87 1.93 0.83 0.57 11.96 1.29 44.98 -3.192 0.002 -0.038 -1.621 1.00 -0.0130685324 -0.0137407147 -0.7244778949 0.6890371442 True False True False
Pedestrian 0.00 0 -1 1614.17 494.19 1648.03 586.47 -1.00 -1.00 -1.00 -1000.00 -1000.00 -1000.00 -1.000 -1.000 -1.000 -1.000 1.00 -1000.0000000000 -1000.0000000000 -1000.0000000000 -1000.0000000000 True False False False
Pedestrian 0.00 1 -1 1446.92 508.40 1462.88 555.62 -1.00 -1.00 -1.00 -1000.00 -1000.00 -1000.00 -1.000 -1.000 -1.000 -1.000 1.00 -1000.0000000000 -1000.0000000000 -1000.0000000000 -1000.0000000000 True True False False
