PassengerCar 0.00 0 -1 1100.86 510.56 1416.95 597.49 1.51 1.82 4.87 4.31 1.31 36.10 -3.443 -0.009 -0.004 -1.873 1.00 -0.0042318380 0.0026712968 -0.8053416340 0.5927898517 True True True False
PassengerCar 0.37 2 -1 1635.14 509.94 1920.00 649.91 1.41 1.71 4.13 8.38 1.31 22.58 -3.646 -0.021 0.004 -2.075 1.00 -0.0038519753 0.0100762973 -0.8610619220 0.5083856774 True False True False
DontCare 0.00 -1 -1 744.88 495.40 894.85 561.93 1.77 1.41 2.56 -3.88 1.20 59.74 -2.638 0.000 0.000 -1.068 1.00 0.0000000000 0.0000000000 -0.5088421515 0.8608598404 False False False False
DontCare 0.00 -1 -1 322.05 499.81 410.30 547.74 -1.00 -1.00 -1.00 -1000.00 -1000.00 -1000.00 -1.000 -1.000 -1.000 -1.000 1.00 -1000.0000000000 -1000.0000000000 -1000.0000000000 -1000.0000000000 False False False False
Pedestrian 0.00 0 -1 1502.91 431.03 1574.03 640.61 1.90 0.55 0.42 5.05 1.20 21.60 -1.571 0.000 0.000 0.000 1.00 0.0000000000 0.0000000000 0.0000000000 1.0000000000 True True True False
Pedestrian 0.00 2 -1 1449.05 442.58 1516.51 642.17 1.80 0.49 0.58 4.51 1.21 21.49 -1.571 0.000 0.000 0.000 1.00 0.0000000000 0.0000000000 0.0000000000 1.0000000000 True True True False
Pedestrian 0.00 0 -1 1795.82 414.38 1901.56 710.20 1.62 0.34 0.57 4.81 1.11 13.17 1.490 0.000 0.000 3.061 1.00 0.0000000000 0.0000000000 0.9991831748 0.0404101864 True False True False
Pedestrian 0.00 0 -1 1265.41 459.84 1324.00 633.65 1.76 0.55 0.46 3.13 1.27 24.03 -4.682 0.000 0.000 -3.111 1.00 0.0000000000 0.0000000000 -0.9998859913 0.0150998158 True True True False
Pedestrian 0.00 1 -1 1211.13 460.50 1267.92 629.59 1.60 0.46 0.37 2.53 1.26 24.11 1.542 0.000 0.000 3.113 1.00 0.0000000000 0.0000000000 0.9998962895 0.0144017441 True True True False
Pedestrian 0.00 0 -1 811.69 480.33 847.65 591.45 1.71 0.52 0.59 -2.39 1.24 34.89 1.521 0.000 0.000 3.091 1.00 0.0000000000 0.0000000000 0.9996855320 0.0250766254 True True True False
Pedestrian 0.00 0 -1 753.74 485.15 790.43 590.05 1.59 0.45 0.65 -3.21 1.12 34.68 1.545 0.000 0.000 3.116 1.00 0.0000000000 0.0000000000 0.9999183508 0.0127785644 True True True False
Pedestrian 0.00 0 -1 701.70 471.51 744.95 593.04 1.74 0.59 0.56 -3.90 1.20 34.37 1.527 0.000 0.000 3.098 1.00 0.0000000000 0.0000000000 0.9997593384 0.0219377605 True True True False
Pedestrian 0.00 1 -1 686.31 478.40 719.71 571.55 1.68 0.45 0.40 -5.19 1.15 42.87 0.724 0.000 0.000 2.295 1.00 0.0000000000 0.0000000000 0.9116437452 0.4109813644 True True True False
Pedestrian 0.00 0 -1 542.23 494.63 580.33 574.93 1.32 0.57 0.49 -7.17 1.11 39.88 1.227 0.000 0.000 2.797 1.00 0.0000000000 0.0000000000 0.9852299343 0.1712366100 True True True False
Pedestrian 0.00 2 -1 551.69 475.40 590.24 573.40 1.69 0.58 0.54 -7.26 1.13 40.99 1.238 0.000 0.000 2.808 1.00 0.0000000000 0.0000000000 0.9861493367 0.1658598374 True True True False
Pedestrian 0.00 0 -1 513.49 468.44 551.90 572.51 1.78 0.53 0.77 -7.90 1.11 40.85 1.213 0.000 0.000 2.783 1.00 0.0000000000 0.0000000000 0.9840075081 0.1781269885 True True True False
Pedestrian 0.00 0 -1 255.70 476.71 285.91 557.69 1.66 0.40 0.58 -14.90 1.02 48.71 0.882 0.000 0.000 2.452 1.00 0.0000000000 0.0000000000 0.9412077785 0.3378282369 True False True False
Pedestrian 0.00 0 -1 192.40 469.49 239.09 559.43 1.82 0.56 0.54 -15.81 1.04 48.18 0.704 0.000 0.000 2.275 1.00 0.0000000000 0.0000000000 0.9075105167 0.4200293587 True False True True
Pedestrian 0.00 0 -1 214.94 471.93 250.79 554.93 1.82 0.59 0.54 -16.67 1.03 51.99 0.875 0.000 0.000 2.446 1.00 0.0000000000 0.0000000000 0.9400979354 0.3409044909 True False True True
