PassengerCar 0.75 0 -1 0.00 409.13 409.61 1005.27 1.39 1.84 4.49 -3.26 1.21 7.09 -1.543 0.004 -0.000 0.028 1.00 0.0021395066 -0.0000301136 0.0140736084 0.9998986724 True True True False
PassengerCar 0.00 1 -1 140.73 459.88 650.81 742.66 1.40 1.76 4.15 -3.13 1.12 13.14 -1.544 0.000 0.018 0.027 1.00 0.0001229581 0.0091111033 0.0134936271 0.9998674386 True True True False
PassengerCar 0.00 0 -1 831.73 479.57 931.51 563.18 1.47 1.66 3.91 -1.92 0.98 43.47 -1.571 0.000 0.000 0.000 1.00 0.0000000000 0.0000000000 0.0000000000 1.0000000000 True True True False
PassengerCar 0.00 1 -1 599.85 473.44 813.59 558.47 1.56 1.72 3.63 -5.84 0.96 43.96 -2.980 0.000 0.000 -1.409 1.00 0.0000000000 0.0000000000 -0.6476567185 0.7619322640 True True True True
PassengerCar 0.00 3 -1 608.92 480.98 831.92 555.80 1.44 1.81 4.15 -5.36 0.93 47.04 -2.626 0.000 0.000 -1.055 1.00 0.0000000000 0.0000000000 -0.5034040620 0.8640511272 True True True False
PassengerCar 0.00 3 -1 643.10 476.58 851.62 554.29 1.58 1.81 4.12 -5.00 0.96 50.09 -2.651 0.000 0.000 -1.080 1.00 0.0000000000 0.0000000000 -0.5143088923 0.8576050159 True True True False
PassengerCar 0.00 2 -1 1032.54 441.03 1092.66 513.98 -1.00 -1.00 -1.00 -1000.00 -1000.00 -1000.00 -1.000 -1.000 -1.000 -1.000 1.00 -1000.0000000000 -1000.0000000000 -1000.0000000000 -1000.0000000000 True True False False
PassengerCar 0.00 2 -1 1050.24 462.06 1117.37 519.52 -1.00 -1.00 -1.00 -1000.00 -1000.00 -1000.00 -1.000 -1.000 -1.000 -1.000 1.00 -1000.0000000000 -1000.0000000000 -1000.0000000000 -1000.0000000000 True True False False
PassengerCar 0.00 2 -1 1057.00 479.86 1131.18 527.37 1.52 1.62 3.94 3.29 0.75 67.33 -1.601 -0.001 0.028 -0.030 1.00 -0.0002118036 0.0140809911 -0.0150386157 0.9997877379 True True True False
PassengerCar 0.00 2 -1 1091.05 467.70 1188.66 546.14 1.86 1.87 4.28 3.80 0.91 57.77 -1.595 0.000 0.000 -0.024 1.00 0.0000000000 0.0000000000 -0.0121550592 0.9999261245 True True True False
PassengerCar 0.00 0 -1 1125.63 477.07 1208.77 547.67 1.45 1.58 3.63 3.68 0.85 48.51 -1.590 0.000 0.000 -0.019 1.00 0.0000000000 0.0000000000 -0.0097475741 0.9999524913 True True True False
LargeVehicle 0.00 0 -1 930.96 427.32 1041.32 552.52 2.70 2.25 6.19 -0.12 0.94 55.19 -1.627 0.000 0.000 -0.056 1.00 0.0000000000 0.0000000000 -0.0279819770 0.9996084278 True True True False
LargeVehicle 0.98 0 -1 1362.15 0.00 1920.00 1024.00 3.10 3.02 13.32 3.90 1.14 8.57 -1.563 -0.028 0.030 0.007 1.00 -0.0138793601 0.0147049101 0.0039351763 0.9997877992 True True True False
Pedestrian 0.05 0 -1 1311.80 453.56 1336.37 524.11 1.68 0.49 0.64 8.06 0.39 56.57 -1.581 0.000 0.000 -0.010 1.00 0.0000000000 0.0000000000 -0.0049140570 0.9999879259 True True True False
Pedestrian 0.00 0 -1 1333.82 448.92 1363.66 524.15 1.80 0.60 0.60 8.69 0.39 56.74 -1.612 0.000 0.000 -0.042 1.00 0.0000000000 0.0000000000 -0.0207746593 0.9997841835 True True True False
Pedestrian 0.00 2 -1 1277.50 457.12 1289.80 494.91 -1.00 -1.00 -1.00 -1000.00 -1000.00 -1000.00 -1.000 -1.000 -1.000 -1.000 1.00 -1000.0000000000 -1000.0000000000 -1000.0000000000 -1000.0000000000 True False False False
Pedestrian 0.00 2 -1 565.94 461.17 599.25 559.48 -1.00 -1.00 -1.00 -1000.00 -1000.00 -1000.00 -1.000 -1.000 -1.000 -1.000 1.00 -1000.0000000000 -1000.0000000000 -1000.0000000000 -1000.0000000000 True False False False
