PassengerCar 0.28 0 -1 0.00 432.76 392.29 763.25 1.53 1.88 4.50 -4.44 1.22 12.79 -1.738 0.006 -0.036 -0.167 1.00 0.0013944835 -0.0182162513 -0.0835718962 0.9963342621 True False True False
PassengerCar 0.06 3 -1 0.00 494.91 456.22 646.51 1.44 2.00 4.32 -7.85 1.33 23.99 -2.844 0.000 0.000 -1.273 1.00 0.0000000000 0.0000000000 -0.5944128532 0.8041600338 True True True False
PassengerCar 0.00 3 -1 201.85 500.07 479.37 596.25 1.56 1.90 4.24 -10.45 1.45 37.68 -2.791 0.000 0.000 -1.220 1.00 0.0000000000 0.0000000000 -0.5729222298 0.8196097356 True True True False
PassengerCar 0.00 3 -1 744.05 509.69 904.14 617.75 1.47 1.84 3.93 -2.53 1.51 34.99 -1.841 0.000 0.000 -0.270 1.00 0.0000000000 0.0000000000 -0.1346778701 0.9908894345 True True True False
PassengerCar 0.00 2 -1 841.45 510.17 1060.40 663.98 1.47 1.78 3.57 -0.42 1.54 24.10 -1.802 0.006 -0.004 -0.231 1.00 0.0029656988 -0.0026095664 -0.1154352863 0.9933071476 True True True True
PassengerCar 0.00 0 -1 911.26 498.02 1187.36 691.75 1.55 1.77 4.08 0.48 1.52 19.58 -1.733 0.003 -0.016 -0.162 1.00 0.0010212979 -0.0080768317 -0.0810902767 0.9966735116 True True True False
PassengerCar 0.00 0 -1 453.92 484.14 882.37 798.38 1.28 2.00 4.48 -1.53 1.18 11.97 1.524 0.026 0.018 3.095 1.00 -0.0087964775 0.0133524437 0.9995969259 0.0234588975 True True True False
PassengerCar 0.94 0 -1 1568.53 439.06 1920.00 1024.00 1.37 1.81 4.40 2.73 1.25 4.56 -1.705 0.004 0.000 -0.134 1.00 0.0018993111 0.0001189396 -0.0671860310 0.9977386510 True True True False
Vehicle 0.00 3 -1 283.64 505.65 494.26 579.23 1.68 1.84 3.54 -12.53 1.58 52.49 -2.774 0.000 0.000 -1.203 1.00 0.0000000000 0.0000000000 -0.5657696433 0.8245633455 True False True True
Vehicle 0.00 3 -1 686.00 507.00 769.00 570.00 1.51 1.81 4.21 -6.53 1.51 58.78 -1.739 0.000 0.000 -0.168 1.00 0.0000000000 0.0000000000 -0.0840481978 0.9964616904 False False True True
Vehicle 0.00 3 -1 723.00 499.00 836.00 583.00 1.51 1.81 4.21 -3.96 1.37 44.36 -1.733 0.000 0.000 -0.162 1.00 0.0000000000 0.0000000000 -0.0808048738 0.9967299395 False False True True
Pedestrian 0.00 0 -1 495.19 510.94 514.98 561.12 -1.00 -1.00 -1.00 -1000.00 -1000.00 -1000.00 -1.000 -1.000 -1.000 -1.000 1.00 -1000.0000000000 -1000.0000000000 -1000.0000000000 -1000.0000000000 True False False False
