PassengerCar 0.00 1 -1 480.48 469.29 631.11 552.63 1.52 1.92 4.12 -8.20 0.65 45.89 1.069 0.013 0.027 2.640 1.00 -0.0113397305 0.0093748597 0.9685310213 0.2484576085 True True True False
PassengerCar 0.00 2 -1 359.26 472.32 485.92 551.38 1.43 1.82 4.12 -10.21 0.55 43.07 1.066 -0.013 0.024 2.637 1.00 -0.0133239102 -0.0031678880 0.9682348414 0.2496672382 True False True False
PassengerCar 0.00 1 -1 310.57 468.60 419.68 547.31 1.42 1.81 4.07 -12.63 0.40 47.51 1.039 -0.002 0.003 2.609 1.00 -0.0018625898 -0.0005076589 0.9648040950 0.2629626045 True False True False
PassengerCar 0.00 1 -1 253.47 457.48 349.29 533.94 1.52 1.83 4.17 -15.50 0.42 52.86 0.963 -0.004 0.006 2.534 1.00 -0.0036594017 -0.0011467305 0.9542376080 0.2990248840 True False True False
PassengerCar 0.00 3 -1 205.88 468.31 292.88 527.56 -1.00 -1.00 -1.00 -1000.00 -1000.00 -1000.00 -1.000 -1.000 -1.000 -1.000 1.00 -1000.0000000000 -1000.0000000000 -1000.0000000000 -1000.0000000000 True False False False
PassengerCar 0.00 0 -1 771.96 479.99 930.72 554.33 1.47 1.83 4.20 -2.73 0.71 49.03 -1.132 -0.002 -0.004 0.438 1.00 -0.0004787851 -0.0020066369 0.2174590829 0.9760672576 True True True False
PassengerCar 0.00 2 -1 737.33 476.90 893.85 549.42 1.44 1.81 4.04 -3.72 0.74 52.18 -1.108 0.000 0.000 0.463 1.00 0.0000000000 0.0000000000 0.2295341641 0.9733006049 True True True False
PassengerCar 0.00 2 -1 699.91 469.47 850.29 545.03 1.57 1.81 4.12 -5.02 0.73 55.76 -1.153 0.000 0.000 0.418 1.00 0.0000000000 0.0000000000 0.2072795695 0.9782817488 True True True False
PassengerCar 0.00 2 -1 619.01 476.40 760.22 537.68 1.52 1.83 4.23 -7.84 0.48 60.84 -0.918 0.000 0.000 0.653 1.00 0.0000000000 0.0000000000 0.3206292604 0.9472047706 True True False False
PassengerCar 0.00 1 -1 227.92 433.60 286.48 471.25 -1.00 -1.00 -1.00 -1000.00 -1000.00 -1000.00 -1.000 -1.000 -1.000 -1.000 1.00 -1000.0000000000 -1000.0000000000 -1000.0000000000 -1000.0000000000 True False False True
Obstacle 0.00 3 -1 796.65 463.85 811.61 510.78 -1.00 -1.00 -1.00 -1000.00 -1000.00 -1000.00 -1.000 -1.000 -1.000 -1.000 1.00 -1000.0000000000 -1000.0000000000 -1000.0000000000 -1000.0000000000 True True False True
Pedestrian 0.00 0 -1 432.52 462.30 489.69 632.94 1.72 0.44 0.45 -5.32 1.23 24.08 0.497 -0.003 0.001 2.068 1.00 -0.0013001510 -0.0007738248 0.8593135503 0.5114469015 True True True False
Pedestrian 0.00 0 -1 473.82 445.65 531.12 625.55 1.95 0.69 0.53 -5.06 1.28 24.74 0.534 0.000 0.000 2.105 1.00 0.0000000000 0.0000000000 0.8685489619 0.4956033704 True True True False
Pedestrian 0.00 0 -1 97.29 422.04 146.50 571.08 1.75 0.64 0.47 -11.86 0.50 32.24 1.035 0.000 0.000 2.606 1.00 0.0000000000 0.0000000000 0.9643552611 0.2646109037 True False True False
Pedestrian 0.00 0 -1 58.81 416.48 102.14 570.36 1.80 0.57 0.38 -12.32 0.49 31.75 1.021 0.000 0.000 2.592 1.00 0.0000000000 0.0000000000 0.9625090006 0.2712497444 True False True False
Pedestrian 0.00 0 -1 1234.08 463.03 1298.30 629.62 1.69 0.98 0.61 2.95 1.19 24.26 0.202 0.000 0.000 1.773 1.00 0.0000000000 0.0000000000 0.7749462476 0.6320271460 True True True False
Pedestrian 0.00 0 -1 1160.90 465.35 1236.15 635.74 1.69 0.65 0.82 2.24 1.16 25.22 0.228 0.012 -0.016 1.799 1.00 0.0101368457 -0.0004367621 0.7829896049 0.6219520337 True True True False
Pedestrian 0.00 1 -1 1214.34 465.88 1273.45 616.39 1.68 0.57 0.66 2.90 1.18 26.31 0.256 0.000 0.000 1.827 1.00 0.0000000000 0.0000000000 0.7915760655 0.6110706445 True True True False
Pedestrian 0.00 1 -1 363.03 437.65 382.27 487.55 -1.00 -1.00 -1.00 -1000.00 -1000.00 -1000.00 -1.000 -1.000 -1.000 -1.000 1.00 -1000.0000000000 -1000.0000000000 -1000.0000000000 -1000.0000000000 True False False False
Pedestrian 0.00 1 -1 378.26 436.96 398.79 488.12 -1.00 -1.00 -1.00 -1000.00 -1000.00 -1000.00 -1.000 -1.000 -1.000 -1.000 1.00 -1000.0000000000 -1000.0000000000 -1000.0000000000 -1000.0000000000 True False False False
Pedestrian 0.00 1 -1 396.13 437.65 417.27 488.42 -1.00 -1.00 -1.00 -1000.00 -1000.00 -1000.00 -1.000 -1.000 -1.000 -1.000 1.00 -1000.0000000000 -1000.0000000000 -1000.0000000000 -1000.0000000000 True False False False
