PassengerCar 0.67 0 -1 0.00 448.38 128.52 617.92 1.52 1.81 3.79 -10.71 0.87 23.83 -2.874 -0.082 0.023 -1.303 1.00 -0.0258689821 0.0339452359 -0.6055790628 0.7946398653 True False True False
PassengerCar 0.49 2 -1 0.55 443.86 168.38 594.59 1.63 1.82 4.22 -11.12 0.86 26.77 -2.877 -0.076 0.021 -1.306 1.00 -0.0238176293 0.0311639321 -0.6067637472 0.7939139027 True False True False
PassengerCar 0.18 2 -1 17.51 468.51 235.34 571.25 1.52 1.83 3.87 -12.09 0.90 32.39 -2.843 -0.061 0.013 -1.272 1.00 -0.0206288974 0.0233225920 -0.5934781836 0.8042475682 True False True False
PassengerCar 0.00 2 -1 101.70 468.15 287.19 555.08 1.72 1.84 3.96 -12.68 0.78 35.65 -2.846 0.000 0.000 -1.275 1.00 0.0000000000 0.0000000000 -0.5951842157 0.8035892915 True False True False
PassengerCar 0.00 3 -1 137.05 434.77 346.49 523.87 1.66 1.82 3.53 -14.87 0.25 46.65 -2.748 -0.012 0.006 -1.177 1.00 -0.0035727046 0.0058834682 -0.5551513677 0.8317208544 True False True False
PassengerCar 0.00 1 -1 283.44 449.64 437.36 511.12 1.52 1.81 4.23 -18.07 -0.01 67.72 -3.151 0.000 0.000 -1.580 1.00 0.0000000000 0.0000000000 -0.7104154822 0.7037825251 True True True False
PassengerCar 0.00 0 -1 432.64 417.77 618.16 503.91 2.33 2.19 6.53 -12.45 -0.16 64.53 -2.334 -0.017 0.020 -0.763 1.00 -0.0042593593 0.0124595692 -0.3722481747 0.9280398232 True True True False
PassengerCar 0.00 2 -1 577.84 444.12 668.77 525.52 1.85 1.87 4.24 -8.48 0.24 57.12 -1.791 -0.009 0.044 -0.220 1.00 -0.0019800830 0.0224611316 -0.1098719253 0.9936899601 True True True True
PassengerCar 0.00 0 -1 473.72 481.07 607.66 591.28 1.36 1.84 4.26 -6.00 0.98 32.98 -1.754 -0.006 0.029 -0.183 1.00 -0.0017515702 0.0144783274 -0.0914051027 0.9957069937 True True True True
PassengerCar 0.00 1 -1 657.00 456.93 812.87 586.87 1.76 1.87 4.25 -3.40 1.04 33.75 -1.786 -0.004 0.020 -0.215 1.00 -0.0010988531 0.0101721832 -0.1073948464 0.9941638025 True True True False
PassengerCar 0.00 0 -1 681.95 470.42 869.45 601.93 1.46 1.84 4.27 -2.28 1.03 27.71 -1.835 0.016 -0.018 -0.264 1.00 0.0066724881 -0.0098749620 -0.1317716478 0.9912084523 True True True False
PassengerCar 0.00 3 -1 585.18 472.53 704.07 565.79 1.69 1.86 4.25 -4.47 1.15 38.93 -1.773 0.000 0.000 -0.202 1.00 0.0000000000 0.0000000000 -0.1007772516 0.9949090137 True True True True
PassengerCar 0.00 2 -1 573.44 467.35 666.91 549.54 1.74 1.81 4.24 -6.71 0.98 45.81 -1.757 0.000 0.000 -0.186 1.00 0.0000000000 0.0000000000 -0.0928824706 0.9956770795 True True True True
PassengerCar 0.00 2 -1 110.28 446.71 312.34 542.30 1.64 1.58 3.21 -13.63 0.59 41.31 -2.848 0.000 0.000 -1.277 1.00 0.0000000000 0.0000000000 -0.5960226199 0.8029676435 True False True False
DontCare 0.00 -1 -1 591.35 465.14 686.98 544.97 1.67 1.87 3.71 -7.63 0.79 51.31 -1.771 0.000 0.000 -0.200 1.00 0.0000000000 0.0000000000 -0.0998378729 0.9950037182 False False False False
Vehicle 0.00 3 -1 177.00 439.00 396.00 523.00 1.71 1.80 4.28 -14.82 0.30 49.76 -2.712 -0.014 0.007 -1.141 1.00 -0.0042426562 0.0066114111 -0.5400619597 0.8415885983 False False True False
Vehicle 0.35 3 -1 0.00 464.10 199.76 581.24 1.35 1.85 3.83 -11.66 0.69 29.65 -2.920 -0.078 0.018 -1.349 1.00 -0.0248098417 0.0310502000 -0.6237366050 0.7806234716 False False True False
Obstacle 0.06 1 -1 658.34 436.82 678.64 491.20 1.94 0.82 0.62 -9.02 -0.28 70.47 -0.206 0.000 0.000 1.364 1.00 0.0000000000 0.0000000000 0.6304731447 0.7762110627 True False True True
Pedestrian 0.00 0 -1 621.40 460.25 668.85 572.75 1.67 0.71 0.72 -4.63 1.02 32.26 -1.774 0.000 0.000 -0.203 1.00 0.0000000000 0.0000000000 -0.1013832964 0.9948474392 True True True False
Pedestrian 0.00 0 -1 969.62 437.92 1014.56 558.53 1.64 0.68 0.51 0.12 0.64 33.73 -1.684 0.000 0.000 -0.113 1.00 0.0000000000 0.0000000000 -0.0566696719 0.9983929829 True True True False
Pedestrian 0.00 0 -1 1344.66 408.41 1399.37 589.71 1.99 0.42 0.69 4.45 0.90 25.34 -0.012 0.000 0.000 1.558 1.00 0.0000000000 0.0000000000 0.7027386748 0.7114480691 True True True True
Pedestrian 0.00 0 -1 1388.19 422.72 1443.96 592.91 1.78 0.63 0.55 4.52 0.90 24.76 0.043 0.000 0.000 1.614 1.00 0.0000000000 0.0000000000 0.7222465656 0.6916356689 True True True False
Pedestrian 0.00 0 -1 1210.30 427.61 1252.76 556.59 1.84 0.43 0.56 3.55 0.70 34.28 -3.954 0.000 0.000 -2.383 1.00 0.0000000000 0.0000000000 -0.9289221100 0.3702751861 True True True False
Pedestrian 0.00 0 -1 1810.42 406.39 1883.92 634.46 1.81 0.47 0.68 6.81 1.02 18.62 -4.551 -0.001 -0.007 -2.980 1.00 -0.0033020056 0.0000451680 -0.9967450805 0.0805502284 True False True False
Pedestrian 0.72 0 -1 1878.87 386.27 1920.00 678.22 1.90 0.62 0.56 6.53 1.06 16.07 -4.561 0.000 0.000 -2.990 1.00 0.0000000000 0.0000000000 -0.9971218692 0.0758154206 True False True False
Pedestrian 0.00 0 -1 1726.79 413.62 1842.30 738.06 1.68 0.66 0.68 4.36 1.19 12.61 -4.276 0.000 0.000 -2.705 1.00 0.0000000000 0.0000000000 -0.9763020879 0.2164121835 True False True False
