PassengerCar 0.00 0 -1 230.97 481.32 628.97 755.58 1.32 1.64 3.58 -2.94 1.21 13.20 -1.632 0.000 0.000 -0.061 1.00 0.0000000000 0.0000000000 -0.0304168986 0.9995372991 True True True True
PassengerCar 0.00 1 -1 558.78 492.56 707.43 607.14 1.35 1.70 3.60 -4.43 1.18 29.79 -1.672 0.000 0.000 -0.101 1.00 0.0000000000 0.0000000000 -0.0504827266 0.9987249343 True True True False
PassengerCar 0.00 2 -1 621.46 489.70 717.76 560.60 1.50 1.82 4.00 -6.97 1.13 51.94 -1.682 0.000 -0.003 -0.112 1.00 0.0000716915 -0.0012831892 -0.0557827672 0.9984421021 True True True False
PassengerCar 0.00 0 -1 778.35 486.40 883.72 567.37 1.40 1.75 3.87 -2.89 1.02 42.80 -1.680 -0.002 0.012 -0.109 1.00 -0.0005279562 0.0060228264 -0.0544447777 0.9984984792 True True True False
PassengerCar 0.00 2 -1 748.93 493.15 825.08 545.55 1.40 1.80 4.15 -5.58 1.01 65.02 -1.727 0.000 0.000 -0.156 1.00 0.0000000000 0.0000000000 -0.0779948192 0.9969537643 True True True False
PassengerCar 0.00 3 -1 740.52 492.76 793.20 537.30 -1.00 -1.00 -1.00 -1000.00 -1000.00 -1000.00 -1.000 -1.000 -1.000 -1.000 1.00 -1000.0000000000 -1000.0000000000 -1000.0000000000 -1000.0000000000 True True False False
PassengerCar 0.00 0 -1 1249.32 407.99 1668.66 689.44 1.67 1.92 4.22 3.04 1.09 16.15 -1.623 0.000 0.000 -0.052 1.00 0.0000000000 0.0000000000 -0.0259697239 0.9996627298 True True True True
PassengerCar 0.00 2 -1 1128.32 448.71 1428.57 638.61 1.58 1.88 4.53 2.56 1.10 21.90 -1.655 0.000 0.000 -0.084 1.00 0.0000000000 0.0000000000 -0.0421384520 0.9991117810 True True True False
PassengerCar 0.00 0 -1 1045.77 435.11 1244.24 593.92 1.91 1.78 4.49 1.88 1.08 29.57 -1.666 0.000 0.000 -0.095 1.00 0.0000000000 0.0000000000 -0.0475237213 0.9988701096 True True True False
PassengerCar 0.00 3 -1 976.72 482.18 1114.30 572.60 1.40 1.47 3.14 0.89 1.01 38.25 -1.808 0.000 0.000 -0.238 1.00 0.0000000000 0.0000000000 -0.1185512484 0.9929479349 True True True False
PassengerCar 0.00 2 -1 947.39 486.57 1057.85 567.00 1.37 1.48 3.08 0.23 1.00 43.02 -1.745 -0.005 0.029 -0.174 1.00 -0.0012745637 0.0146045161 -0.0869320864 0.9961063678 True True True True
PassengerCar 0.00 1 -1 871.09 487.87 940.75 543.53 1.49 1.72 4.01 -2.24 0.96 65.09 -1.555 0.000 0.000 0.016 1.00 0.0000000000 0.0000000000 0.0078501459 0.9999691871 True True True False
PassengerCar 0.00 3 -1 1018.50 491.52 1179.84 580.98 1.22 1.66 3.71 1.50 1.01 34.07 -1.713 0.000 0.000 -0.142 1.00 0.0000000000 0.0000000000 -0.0708488748 0.9974870610 True True True False
DontCare 0.00 -1 -1 61.68 497.27 191.74 572.83 1.51 1.32 3.62 -16.63 1.22 45.61 1.529 0.000 0.000 3.100 1.00 0.0000000000 0.0000000000 0.9997862705 0.0206739781 False False False False
DontCare 0.00 -1 -1 125.43 495.62 254.48 568.99 1.58 1.82 4.98 -17.40 1.30 50.76 1.529 0.000 0.000 3.100 1.00 0.0000000000 0.0000000000 0.9997834992 0.0208075641 False False False False
DontCare 0.00 -1 -1 178.42 478.85 311.13 560.13 2.23 2.06 6.70 -18.36 1.25 58.22 1.470 0.000 0.000 3.040 1.00 0.0000000000 0.0000000000 0.9987219751 0.0505412345 False False False False
DontCare 0.00 -1 -1 235.29 483.47 430.48 555.90 1.96 2.12 10.12 -20.05 1.33 68.88 1.486 0.000 0.000 3.057 1.00 0.0000000000 0.0000000000 0.9991047535 0.0423047452 False False False False
Pedestrian 0.00 3 -1 947.80 486.34 961.18 528.77 -1.00 -1.00 -1.00 -1000.00 -1000.00 -1000.00 -1.000 -1.000 -1.000 -1.000 1.00 -1000.0000000000 -1000.0000000000 -1000.0000000000 -1000.0000000000 True False False False
