PassengerCar 0.00 0 -1 44.56 509.80 304.17 636.74 1.55 1.83 4.28 -9.56 1.31 27.82 -4.709 0.000 0.000 -3.138 1.00 0.0000000000 0.0000000000 -0.9999987323 0.0015922877 True False True False
PassengerCar 0.00 0 -1 369.33 499.02 557.22 631.21 1.50 1.81 4.26 -6.38 1.18 28.33 -1.588 0.000 0.000 -0.017 1.00 0.0000000000 0.0000000000 -0.0085998028 0.9999630210 True True True False
PassengerCar 0.00 1 -1 461.57 493.43 634.57 603.24 1.55 1.84 4.26 -6.42 1.25 34.66 -1.571 0.000 0.000 0.000 1.00 0.0000000000 0.0000000000 0.0000000000 1.0000000000 True True True False
PassengerCar 0.00 0 -1 646.30 513.88 734.22 582.11 1.50 1.80 4.05 -6.30 1.44 49.55 -1.660 0.000 0.000 -0.089 1.00 0.0000000000 0.0000000000 -0.0444571312 0.9990112930 True True True False
PassengerCar 0.00 2 -1 667.65 513.70 763.04 578.45 1.44 1.88 4.23 -6.27 1.55 55.13 -1.571 0.000 0.000 0.000 1.00 0.0000000000 0.0000000000 0.0000605290 0.9999999982 True True True False
PassengerCar 0.00 2 -1 714.02 520.16 792.38 569.37 1.52 1.87 4.22 -6.21 1.32 62.10 -1.571 0.000 0.000 0.000 1.00 0.0000000000 0.0000000000 0.0000000000 1.0000000000 True True True False
PassengerCar 0.00 1 -1 783.73 516.55 825.12 550.89 -1.00 -1.00 -1.00 -1000.00 -1000.00 -1000.00 -1.000 -1.000 -1.000 -1.000 1.00 -1000.0000000000 -1000.0000000000 -1000.0000000000 -1000.0000000000 True True False False
PassengerCar 0.00 2 -1 800.53 514.70 840.98 545.97 -1.00 -1.00 -1.00 -1000.00 -1000.00 -1000.00 -1.000 -1.000 -1.000 -1.000 1.00 -1000.0000000000 -1000.0000000000 -1000.0000000000 -1000.0000000000 True True False False
PassengerCar 0.51 0 -1 0.00 546.41 61.92 626.85 1.50 1.86 4.22 -18.78 2.15 44.94 1.342 0.000 0.000 2.913 1.00 0.0000000000 0.0000000000 0.9934706321 0.1140881375 True False True False
PassengerCar 0.00 1 -1 257.41 526.74 386.26 599.84 1.52 1.82 4.29 -15.80 1.75 55.97 1.526 0.000 0.000 3.096 1.00 0.0000000000 0.0000000000 0.9997456813 0.0225515557 True True True False
