PassengerCar 0.92 0 -1 0.00 461.11 168.95 1024.00 1.37 1.64 3.81 -4.09 1.29 5.81 -2.727 0.000 0.000 -1.156 1.00 0.0000000000 0.0000000000 -0.5464766887 0.8374743153 True False True False
PassengerCar 0.73 3 -1 0.00 464.72 328.10 932.78 1.49 1.81 3.67 -4.58 1.36 8.75 -2.929 0.000 0.000 -1.359 1.00 0.0000000000 0.0000000000 -0.6282105197 0.7780434069 True False True False
PassengerCar 0.31 2 -1 0.00 386.67 611.68 764.53 1.89 2.01 4.36 -4.17 1.35 12.23 -2.727 0.000 0.000 -1.157 1.00 0.0000000000 0.0000000000 -0.5465858722 0.8374030597 True True True False
PassengerCar 0.00 3 -1 49.04 486.32 668.37 726.12 1.51 1.74 3.91 -4.00 1.36 14.85 -2.770 0.000 0.000 -1.199 1.00 0.0000000000 0.0000000000 -0.5641811953 0.8256510030 True True True False
PassengerCar 0.00 3 -1 230.97 496.56 714.46 706.20 1.40 1.63 2.98 -3.67 1.33 16.93 -2.846 0.000 0.000 -1.275 1.00 0.0000000000 0.0000000000 -0.5951371072 0.8036241806 True True True False
PassengerCar 0.00 2 -1 290.35 473.34 766.72 673.48 1.59 1.64 3.59 -3.79 1.32 19.75 -3.023 0.000 0.000 -1.452 1.00 0.0000000000 0.0000000000 -0.6639850443 0.7477458532 True True True False
PassengerCar 0.00 2 -1 650.22 490.44 857.88 583.95 1.66 1.73 3.59 -4.34 1.36 43.54 -2.502 0.000 0.000 -0.931 1.00 0.0000000000 0.0000000000 -0.4490041263 0.8935296831 True True True False
PassengerCar 0.00 3 -1 612.18 504.32 804.04 596.84 1.41 1.56 2.63 -4.46 1.36 37.50 -2.564 -0.012 0.000 -0.993 1.00 -0.0052127439 0.0028235999 -0.4762787257 0.8792743770 True True True False
PassengerCar 0.00 0 -1 846.11 485.59 1117.75 694.53 1.41 1.98 4.29 -0.04 1.26 17.33 -1.571 0.000 0.000 0.000 1.00 0.0000000000 0.0000000000 0.0000000000 1.0000000000 True True True False
PassengerCar 0.90 0 -1 1806.04 464.91 1920.00 941.30 1.30 1.65 3.88 4.83 1.19 8.14 -0.531 0.000 0.000 1.039 1.00 0.0000000000 0.0000000000 0.4965964007 0.8679815751 True False True False
PassengerCar 0.62 2 -1 1559.92 448.87 1920.00 835.73 1.53 1.85 4.20 4.95 1.31 11.12 -0.496 0.000 0.000 1.075 1.00 0.0000000000 0.0000000000 0.5119253544 0.8590299363 True False True False
PassengerCar 0.35 2 -1 1463.01 482.92 1920.00 728.71 1.44 1.81 3.99 4.92 1.25 14.21 -0.353 0.000 0.000 1.218 1.00 0.0000000000 0.0000000000 0.5720178398 0.8202411785 True True True False
PassengerCar 0.00 0 -1 1340.98 469.66 1826.97 704.75 1.56 1.52 3.15 4.30 1.31 17.02 -0.441 0.000 0.000 1.130 1.00 0.0000000000 0.0000000000 0.5353275388 0.8446445561 True True True False
PassengerCar 0.00 3 -1 1282.00 498.39 1734.68 677.20 1.42 1.70 3.63 4.51 1.35 20.34 -0.537 0.000 0.000 1.033 1.00 0.0000000000 0.0000000000 0.4939689358 0.8694795515 True True True False
PassengerCar 0.00 3 -1 1255.99 502.19 1688.97 650.31 1.41 1.74 4.21 4.84 1.24 24.08 -0.543 0.000 0.000 1.027 1.00 0.0000000000 0.0000000000 0.4914200182 0.8709227094 True True True False
PassengerCar 0.00 3 -1 1214.10 497.72 1535.01 637.91 1.48 1.68 3.18 4.32 1.38 26.31 -0.509 0.000 0.000 1.062 1.00 0.0000000000 0.0000000000 0.5065105821 0.8622337445 True True True False
PassengerCar 0.00 3 -1 1187.49 503.72 1512.73 634.55 1.55 1.81 3.87 4.60 1.51 29.79 -0.604 0.000 0.000 0.967 1.00 0.0000000000 0.0000000000 0.4649654325 0.8853288353 True True True False
PassengerCar 0.00 2 -1 1107.23 472.91 1384.35 608.53 1.84 1.81 4.33 3.78 1.26 32.65 -0.579 0.000 0.000 0.992 1.00 0.0000000000 0.0000000000 0.4757279498 0.8795924725 True True True False
