PassengerCar 0.53 0 -1 0.00 530.10 502.49 972.93 1.52 1.83 4.35 -3.58 1.57 9.35 -4.453 -0.002 -0.008 -2.882 1.00 -0.0043319613 0.0005648826 -0.9915955127 0.1293029554 True True True False
PassengerCar 0.00 1 -1 354.26 564.43 880.70 823.53 1.32 1.64 3.72 -2.05 1.66 14.11 -4.409 0.012 -0.013 -2.838 1.00 -0.0057636578 -0.0067999948 -0.9884932798 0.1510019076 True True True False
PassengerCar 0.00 0 -1 1000.99 575.67 1213.62 712.16 1.37 1.81 4.19 1.40 2.13 26.70 -4.388 0.020 -0.009 -2.817 1.00 -0.0028171185 -0.0103437472 -0.9867732289 0.1617518639 True True True False
PassengerCar 0.00 1 -1 1129.11 582.30 1278.40 694.89 1.37 1.48 2.97 2.97 2.40 31.77 -4.439 0.001 0.001 -2.868 1.00 0.0004861029 -0.0004949894 -0.9906792085 0.1362138926 True True True False
PassengerCar 0.00 2 -1 1212.33 592.37 1323.94 679.56 1.21 1.35 2.94 4.43 2.59 36.97 -4.450 -0.002 -0.006 -2.880 1.00 -0.0032406656 0.0004405075 -0.9914303060 0.1305957598 True True True False
PassengerCar 0.00 2 -1 1277.23 582.80 1376.90 671.85 1.45 1.42 3.38 6.22 2.86 43.01 -4.446 -0.000 -0.001 -2.875 1.00 -0.0005116714 -0.0000233203 -0.9911514664 0.1327347288 True True True False
PassengerCar 0.00 3 -1 1207.72 583.02 1405.20 667.01 1.54 1.72 3.64 6.34 3.06 46.64 0.251 0.000 0.000 1.822 1.00 0.0000000000 0.0000000000 0.7900622169 0.6130266661 True True True False
PassengerCar_is_group 0.00 3 -1 1368.93 584.82 1458.27 647.30 1.38 1.90 4.64 8.57 2.96 51.33 -4.456 -0.010 -0.042 -2.886 1.00 -0.0215126451 0.0024309573 -0.9916043182 0.1274840099 True True True False
PassengerCar 0.00 0 -1 1566.31 580.71 1657.46 652.47 1.42 1.89 4.12 12.62 2.82 47.51 -1.321 -0.004 -0.011 0.250 1.00 -0.0015156312 -0.0056658226 0.1244427025 0.9922094613 True False True False
PassengerCar 0.63 0 -1 1777.55 528.12 1920.00 766.01 1.51 1.77 4.09 6.34 1.61 15.63 -1.310 0.004 -0.015 0.260 1.00 0.0031169666 -0.0073874662 0.1298262758 0.9915043358 True False True False
PassengerCar 0.31 3 -1 1736.49 561.69 1920.00 731.02 1.35 1.85 3.93 7.62 1.83 20.69 -1.301 -0.005 -0.024 0.269 1.00 -0.0009131463 -0.0122686335 0.1342888064 0.9908658654 True False True False
PassengerCar_is_group 0.14 3 -1 1671.96 570.32 1831.14 672.94 1.71 1.92 12.03 10.30 2.15 29.41 -1.290 -0.007 -0.031 0.281 1.00 -0.0012179722 -0.0158456339 0.1397964232 0.9900527221 True False True False
PassengerCar 0.00 1 -1 1466.33 601.78 1514.26 643.33 -1.00 -1.00 -1.00 -1000.00 -1000.00 -1000.00 -1.000 -1.000 -1.000 -1.000 1.00 -1000.0000000000 -1000.0000000000 -1000.0000000000 -1000.0000000000 True True False False
Obstacle 0.00 3 -1 306.50 495.04 386.66 731.19 1.52 0.57 0.46 -4.23 1.44 15.48 -0.334 0.000 0.000 1.237 1.00 0.0000000000 0.0000000000 0.5797839834 0.8147702330 True False True False
Obstacle 0.00 3 -1 400.28 519.75 440.57 688.33 1.40 0.33 0.53 -4.80 1.50 19.90 -1.821 0.000 0.000 -0.250 1.00 0.0000000000 0.0000000000 -0.1245756126 0.9922101172 True True True False
Obstacle 0.00 3 -1 605.53 538.16 658.02 686.64 1.60 0.59 0.63 -3.97 1.95 26.20 1.428 0.000 0.000 2.999 1.00 0.0000000000 0.0000000000 0.9974673917 0.0711252588 True True True False
Obstacle 0.00 3 -1 749.44 541.42 801.05 679.62 1.57 0.58 0.56 -2.48 1.98 27.46 1.494 0.000 0.000 3.064 1.00 0.0000000000 0.0000000000 0.9992565798 0.0385524029 True True True False
Obstacle 0.00 3 -1 1165.22 561.72 1192.08 652.82 1.77 0.48 0.65 3.44 2.52 42.27 -4.569 0.000 0.000 -2.999 1.00 0.0000000000 0.0000000000 -0.9974485381 0.0713891713 True True True False
Obstacle 0.06 3 -1 1136.68 567.33 1156.73 653.71 1.49 0.30 0.59 2.86 2.58 42.34 -4.572 0.000 0.000 -3.002 1.00 0.0000000000 0.0000000000 -0.9975493521 0.0699663494 True True True False
Obstacle 0.00 3 -1 1194.57 576.06 1269.05 650.59 -1.00 -1.00 -1.00 -1000.00 -1000.00 -1000.00 -1.000 -1.000 -1.000 -1.000 1.00 -1000.0000000000 -1000.0000000000 -1000.0000000000 -1000.0000000000 True False False True
Obstacle 0.00 3 -1 1466.82 600.38 1480.00 637.71 -1.00 -1.00 -1.00 -1000.00 -1000.00 -1000.00 -1.000 -1.000 -1.000 -1.000 1.00 -1000.0000000000 -1000.0000000000 -1000.0000000000 -1000.0000000000 True True False True
Pedestrian 0.00 0 -1 1425.69 579.04 1454.50 656.40 1.74 0.60 0.59 10.63 3.44 55.39 -2.966 0.000 0.000 -1.395 1.00 0.0000000000 0.0000000000 -0.6423786005 0.7663874566 True True True True
Pedestrian 0.00 0 -1 1509.60 566.49 1539.73 647.59 1.80 0.52 0.66 12.42 3.19 54.51 -2.943 0.002 0.000 -1.372 1.00 0.0009772086 -0.0007310295 -0.6335968604 0.7736624129 True True True False
Pedestrian 0.00 0 -1 1499.63 567.64 1524.91 643.67 1.84 0.57 0.54 12.37 3.18 55.31 -3.340 0.000 0.000 -1.769 1.00 0.0000000000 0.0000000000 -0.7735822430 0.6336959155 True True True False
Pedestrian 0.00 2 -1 830.72 549.08 870.80 678.17 1.64 0.64 0.47 -1.81 2.19 30.95 -0.076 0.000 0.000 1.495 1.00 0.0000000000 0.0000000000 0.6797491367 0.7334446885 True True True False
Pedestrian 0.00 1 -1 1022.42 530.78 1057.22 652.17 2.07 0.58 0.57 0.88 2.45 40.19 0.020 0.000 0.000 1.591 1.00 0.0000000000 0.0000000000 0.7141898557 0.6999520341 True True True False
