PassengerCar 0.66 0 -1 0.00 513.78 359.32 946.90 1.38 1.83 4.12 -4.34 1.36 8.57 -2.634 0.000 0.000 -1.064 1.00 0.0000000000 0.0000000000 -0.5070438668 0.8619202498 True False True False
PassengerCar 0.33 2 -1 0.00 519.37 491.38 845.28 1.47 1.58 3.83 -4.40 1.53 12.08 -2.662 0.000 0.000 -1.091 1.00 0.0000000000 0.0000000000 -0.5188361240 0.8548737196 True True True False
PassengerCar 0.00 2 -1 162.61 509.34 737.54 784.17 1.45 1.48 3.36 -3.12 1.47 13.85 -2.612 0.000 0.000 -1.041 1.00 0.0000000000 0.0000000000 -0.4974770282 0.8674771504 True True True False
PassengerCar 0.00 3 -1 526.80 526.95 774.78 706.72 1.47 1.78 4.16 -2.74 1.62 20.19 -1.644 0.000 0.000 -0.073 1.00 0.0000000000 0.0000000000 -0.0364434380 0.9993357173 True True True False
PassengerCar 0.00 3 -1 553.44 537.94 805.04 634.13 1.28 1.73 3.10 -4.26 1.70 32.73 -2.984 0.000 0.000 -1.413 1.00 0.0000000000 0.0000000000 -0.6493015215 0.7605310869 True True True False
PassengerCar 0.00 0 -1 887.79 538.42 971.61 602.32 1.50 1.91 4.18 -1.28 2.14 55.30 -1.571 0.000 0.000 0.000 1.00 0.0000000000 0.0000000000 0.0000000000 1.0000000000 True True True False
PassengerCar 0.62 0 -1 1525.10 533.49 1920.00 950.93 1.35 1.81 4.31 3.42 1.44 8.71 -1.641 0.000 0.000 -0.070 1.00 0.0000000000 0.0000000000 -0.0348682174 0.9993919188 True True True False
PassengerCar 0.00 1 -1 1345.65 499.56 1744.42 793.08 1.52 1.79 3.82 3.21 1.54 13.85 -1.542 0.000 0.000 0.029 1.00 0.0000000000 0.0000000000 0.0143021463 0.9998977191 True True True False
PassengerCar 0.00 2 -1 1218.97 536.32 1518.97 718.31 1.37 1.76 3.89 3.11 1.61 18.88 -1.605 0.001 -0.015 -0.034 1.00 0.0001270145 -0.0074711260 -0.0169977873 0.9998276058 True True True False
PassengerCar 0.00 2 -1 1002.42 526.30 1126.01 593.35 1.90 1.92 4.22 2.57 2.39 66.15 -0.732 0.000 0.000 0.839 1.00 0.0000000000 0.0000000000 0.4071060485 0.9133808982 True True True False
PassengerCar 0.00 3 -1 697.34 538.26 837.44 598.23 1.45 1.81 2.99 -5.53 2.22 59.07 -2.662 0.000 0.000 -1.091 1.00 0.0000000000 0.0000000000 -0.5188965113 0.8548370667 True True True False
PassengerCar 0.00 2 -1 742.33 537.13 877.47 596.63 1.63 1.74 3.41 -5.03 2.45 66.53 -2.648 0.000 0.000 -1.078 1.00 0.0000000000 0.0000000000 -0.5130958557 0.8583313130 True True True False
PassengerCar 0.94 0 -1 0.00 532.23 120.02 1024.00 1.34 1.55 3.32 -3.83 1.34 5.71 -2.561 0.000 0.000 -0.991 1.00 0.0000000000 0.0000000000 -0.4753200994 0.8798129364 True False True False
PassengerCar 0.00 3 -1 1118.32 541.29 1335.39 615.49 1.49 1.80 4.17 5.10 2.18 49.30 -0.387 0.000 0.000 1.184 1.00 0.0000000000 0.0000000000 0.5581033941 0.8297714152 True True True False
PassengerCar 0.00 3 -1 1227.30 527.88 1629.86 687.17 1.50 1.76 3.96 4.58 1.72 23.66 -0.325 0.000 -0.015 1.246 1.00 0.0044730315 -0.0062284568 0.5833031286 0.8122183564 True True True False
PassengerCar 0.00 3 -1 1039.77 537.28 1226.18 607.79 1.53 1.99 4.17 3.53 2.31 54.19 -0.371 0.000 0.000 1.200 1.00 0.0000000000 0.0000000000 0.5645958257 0.8253675264 True True True True
Vehicle 0.00 3 -1 1063.30 530.76 1220.84 604.70 1.58 1.74 4.23 4.16 2.12 63.54 -0.713 0.000 0.000 0.858 1.00 0.0000000000 0.0000000000 0.4160146074 0.9093579309 True True True True
Pedestrian 0.00 0 -1 1067.05 466.50 1143.76 712.75 1.89 0.66 0.69 0.96 1.58 18.29 -1.571 0.000 0.000 0.000 1.00 0.0000000000 0.0000000000 0.0000000000 1.0000000000 True True True False
Pedestrian 0.00 0 -1 1184.54 488.69 1271.54 717.52 1.73 0.68 0.64 1.84 1.57 18.00 -1.554 0.000 0.000 0.017 1.00 0.0000000000 0.0000000000 0.0082711904 0.9999657931 True True True False
Pedestrian 0.08 1 -1 880.46 533.39 897.81 588.04 1.55 0.46 0.43 -2.97 2.26 70.29 1.511 0.000 0.000 3.082 1.00 0.0000000000 0.0000000000 0.9995577972 0.0297356687 True True True False
Pedestrian 0.00 3 -1 1104.27 513.77 1151.40 649.82 1.65 0.59 0.47 1.76 1.71 28.38 -1.571 0.000 0.000 0.000 1.00 0.0000000000 0.0000000000 0.0000000000 1.0000000000 True True True False
