PassengerCar 0.00 0 -1 1087.18 528.48 1396.44 687.26 1.39 1.60 3.38 2.31 1.60 22.02 -4.033 0.009 -0.007 -2.463 1.00 -0.0016803259 -0.0056095442 -0.9428956453 0.3330368021 True True True True
PassengerCar 0.00 0 -1 1452.62 519.54 1692.95 652.10 1.54 1.71 3.28 7.42 1.72 29.71 -4.022 0.012 -0.004 -2.451 1.00 0.0001871862 -0.0061783182 -0.9409614856 0.3384571995 True True True True
PassengerCar 0.00 3 -1 1045.99 530.06 1298.24 675.85 1.61 1.86 3.57 2.54 1.91 28.04 -4.001 0.000 0.000 -2.430 1.00 0.0000000000 0.0000000000 -0.9373930505 0.3482732675 True True True True
DontCare 0.19 -1 -1 0.00 554.69 220.26 645.91 1.39 1.89 3.88 -15.30 2.21 40.06 -0.836 0.000 0.000 0.735 1.00 0.0000000000 0.0000000000 0.3593166822 0.9332156888 False False False False
Pedestrian 0.00 0 -1 841.38 463.51 949.73 732.99 1.76 0.61 0.62 -0.61 1.47 15.49 -2.344 0.000 0.000 -0.773 1.00 0.0000000000 0.0000000000 -0.3771458157 0.9261538931 True True True True
Pedestrian 0.00 0 -1 478.04 509.14 553.94 715.27 1.77 0.55 0.60 -4.01 1.73 19.82 -2.226 0.000 0.000 -0.656 1.00 0.0000000000 0.0000000000 -0.3219363786 0.9467613047 True True True False
Pedestrian 0.00 0 -1 752.69 531.90 816.56 694.32 1.52 0.57 0.61 -2.04 1.84 23.41 1.506 0.000 0.000 3.077 1.00 0.0000000000 0.0000000000 0.9994791291 0.0322718228 True True True False
Pedestrian 0.00 0 -1 595.47 510.00 657.47 686.11 1.70 0.62 0.61 -3.65 1.73 23.89 1.479 0.000 0.000 3.050 1.00 0.0000000000 0.0000000000 0.9989449899 0.0459228397 True True True False
Pedestrian 0.00 0 -1 547.36 514.26 619.90 710.55 1.71 0.45 0.55 -3.51 1.72 20.16 -2.214 0.000 0.000 -0.643 1.00 0.0000000000 0.0000000000 -0.3161498084 0.9487092804 True True True True
Pedestrian 0.00 0 -1 661.99 517.26 717.12 683.75 1.67 0.61 0.81 -2.97 1.75 23.93 1.462 0.000 0.000 3.032 1.00 0.0000000000 0.0000000000 0.9985102774 0.0545639627 True True True True
