PassengerCar 0.91 0 -1 1589.73 484.55 1920.00 1000.16 1.33 1.91 3.88 2.82 1.29 5.15 -1.602 -0.005 -0.005 -0.031 1.00 -0.0026849337 -0.0025910756 -0.0153612256 0.9998750473 True False True False
PassengerCar 0.06 1 -1 1332.11 484.76 1885.23 841.05 1.40 1.68 3.98 2.75 1.33 10.86 -1.599 -0.000 -0.001 -0.028 1.00 -0.0000353905 -0.0003461657 -0.0139611393 0.9999024780 True True True False
PassengerCar 0.00 2 -1 1226.76 495.44 1587.13 737.28 1.46 1.81 3.63 2.71 1.39 15.88 -1.570 0.000 0.000 0.001 1.00 0.0000000000 0.0000000000 0.0004568621 0.9999998956 True True True False
PassengerCar 0.27 0 -1 0.00 509.54 564.29 894.75 1.37 1.77 4.31 -2.89 1.36 9.59 -1.544 0.017 -0.004 0.026 1.00 0.0085181809 -0.0018484460 0.0132609637 0.9998740774 True True True False
PassengerCar 0.00 2 -1 304.97 518.26 698.62 769.53 1.36 1.81 4.39 -2.88 1.39 14.49 -1.557 0.000 0.000 0.014 1.00 0.0000000000 0.0000000000 0.0068680158 0.9999764149 True True True False
PassengerCar 0.00 2 -1 494.47 516.66 770.74 720.15 1.50 1.75 4.22 -2.89 1.56 19.49 -1.571 0.000 0.000 0.000 1.00 0.0000000000 0.0000000000 0.0000000000 1.0000000000 True True True False
PassengerCar 0.00 3 -1 610.19 524.38 803.20 676.77 1.51 1.81 3.80 -3.03 1.65 25.12 -1.571 0.000 0.000 0.000 1.00 0.0000000000 0.0000000000 0.0000000000 1.0000000000 True True True False
PassengerCar 0.00 3 -1 665.27 531.25 821.68 644.18 1.31 1.54 3.94 -2.98 1.63 29.35 -1.571 0.000 -0.017 0.000 1.00 0.0000000000 -0.0085013043 0.0000000000 0.9999638633 True True True True
PassengerCar 0.00 1 -1 819.97 532.35 892.24 593.19 1.41 1.53 3.84 -3.16 2.00 56.94 -1.571 0.000 0.000 0.000 1.00 0.0000000000 0.0000000000 0.0000000000 1.0000000000 True True True False
PassengerCar 0.00 2 -1 827.87 531.56 898.43 585.65 1.34 1.62 3.68 -3.20 1.95 60.79 -1.571 0.000 0.000 0.000 1.00 0.0000000000 0.0000000000 0.0000000000 1.0000000000 True True True False
PassengerCar 0.00 2 -1 855.20 523.18 908.82 577.88 -1.00 -1.00 -1.00 -1000.00 -1000.00 -1000.00 -1.000 -1.000 -1.000 -1.000 1.00 -1000.0000000000 -1000.0000000000 -1000.0000000000 -1000.0000000000 True True False False
PassengerCar 0.00 2 -1 860.24 516.22 919.36 571.93 -1.00 -1.00 -1.00 -1000.00 -1000.00 -1000.00 -1.000 -1.000 -1.000 -1.000 1.00 -1000.0000000000 -1000.0000000000 -1000.0000000000 -1000.0000000000 True True False False
PassengerCar 0.00 3 -1 872.56 524.32 926.36 567.79 -1.00 -1.00 -1.00 -1000.00 -1000.00 -1000.00 -1.000 -1.000 -1.000 -1.000 1.00 -1000.0000000000 -1000.0000000000 -1000.0000000000 -1000.0000000000 True True False False
PassengerCar 0.00 2 -1 894.43 524.64 935.41 562.64 -1.00 -1.00 -1.00 -1000.00 -1000.00 -1000.00 -1.000 -1.000 -1.000 -1.000 1.00 -1000.0000000000 -1000.0000000000 -1000.0000000000 -1000.0000000000 True True False False
PassengerCar 0.00 0 -1 944.13 521.34 984.74 559.23 -1.00 -1.00 -1.00 -1000.00 -1000.00 -1000.00 -1.000 -1.000 -1.000 -1.000 1.00 -1000.0000000000 -1000.0000000000 -1000.0000000000 -1000.0000000000 True True False False
PassengerCar 0.00 1 -1 1121.96 471.24 1352.54 672.38 1.72 1.79 4.40 2.32 1.38 22.68 -1.595 0.000 0.000 -0.024 1.00 0.0000000000 0.0000000000 -0.0118939546 0.9999292644 True True True False
PassengerCar 0.00 3 -1 1101.31 518.66 1271.17 643.83 1.43 1.79 3.84 2.37 1.55 28.86 -1.571 0.000 0.000 0.000 1.00 0.0000000000 0.0000000000 0.0000000000 1.0000000000 True True True False
PassengerCar 0.00 3 -1 1081.31 523.84 1234.37 629.23 1.46 1.69 3.84 2.44 1.69 34.68 -1.649 0.000 0.000 -0.078 1.00 0.0000000000 0.0000000000 -0.0388850126 0.9992436919 True True True False
PassengerCar 0.00 2 -1 1060.10 523.65 1171.73 615.10 1.43 1.55 3.85 2.06 1.69 38.88 -1.593 0.000 0.000 -0.022 1.00 0.0000000000 0.0000000000 -0.0110335034 0.9999391290 True True True False
PassengerCar 0.00 2 -1 1037.49 526.83 1117.10 590.47 1.51 1.69 3.83 2.17 1.98 58.10 -1.606 0.000 0.000 -0.035 1.00 0.0000000000 0.0000000000 -0.0173683881 0.9998491582 True True True False
PassengerCar 0.00 2 -1 1018.71 524.46 1067.96 572.49 -1.00 -1.00 -1.00 -1000.00 -1000.00 -1000.00 -1.000 -1.000 -1.000 -1.000 1.00 -1000.0000000000 -1000.0000000000 -1000.0000000000 -1000.0000000000 True True False False
PassengerCar 0.00 2 -1 997.80 513.46 1067.59 563.03 -1.00 -1.00 -1.00 -1000.00 -1000.00 -1000.00 -1.000 -1.000 -1.000 -1.000 1.00 -1000.0000000000 -1000.0000000000 -1000.0000000000 -1000.0000000000 True True False False
RidableVehicle 0.00 0 -1 685.03 448.05 793.76 756.96 1.76 0.62 1.29 -1.50 1.41 14.22 1.568 0.000 -0.001 3.139 1.00 0.0006642957 0.0000007964 0.9999990608 0.0011988204 True True True False
RidableVehicle 0.00 0 -1 790.21 467.08 884.36 712.85 1.75 0.60 1.01 -1.11 1.42 17.20 1.553 0.000 0.000 3.124 1.00 0.0000000000 0.0000000000 0.9999591289 0.0090410424 True True True False
Vehicle 0.00 3 -1 682.00 514.00 820.00 618.00 1.50 1.72 3.84 -3.55 1.61 35.92 -1.571 0.000 0.000 0.000 1.00 0.0000000000 0.0000000000 0.0000000000 1.0000000000 True False False True
Obstacle 0.00 3 -1 1776.95 425.19 1882.48 705.25 1.57 0.45 0.42 4.79 1.11 13.42 -1.540 0.000 0.000 0.031 1.00 0.0000000000 0.0000000000 0.0156317373 0.9998778169 True False True False
Obstacle 0.00 3 -1 1695.98 476.84 1762.62 696.68 1.27 0.29 0.29 4.34 1.09 13.78 -1.592 0.000 0.000 -0.021 1.00 0.0000000000 0.0000000000 -0.0104389280 0.9999455129 True False True False
Obstacle 0.00 3 -1 610.55 501.94 649.56 619.16 1.70 0.46 0.38 -5.24 1.62 34.49 -1.366 0.000 0.000 0.204 1.00 0.0000000000 0.0000000000 0.1020589398 0.9947783536 True False True False
