PassengerCar 0.65 0 -1 1507.01 487.46 1920.00 941.09 1.50 1.91 4.52 3.29 1.25 8.12 -1.637 0.000 0.000 -0.066 1.00 0.0000000000 0.0000000000 -0.0330833578 0.9994525959 True True True False
PassengerCar 0.00 1 -1 1313.60 476.23 1708.40 762.75 1.49 1.88 4.24 3.16 1.27 13.69 -1.611 -0.045 -0.002 -0.040 1.00 -0.0225842920 -0.0004490694 -0.0198751458 0.9995472608 True True True False
PassengerCar 0.00 1 -1 1185.96 510.37 1413.60 675.25 1.43 1.82 4.24 2.99 1.34 21.70 -1.642 0.000 0.000 -0.071 1.00 0.0000000000 0.0000000000 -0.0357252728 0.9993616487 True True True False
PassengerCar 0.00 1 -1 1116.65 513.32 1278.14 634.31 1.42 1.85 3.90 2.78 1.37 30.85 -1.670 -0.017 -0.002 -0.099 1.00 -0.0084156134 -0.0004162405 -0.0493983722 0.9987436133 True True True False
PassengerCar 0.00 1 -1 1090.89 478.20 1226.28 611.89 1.79 1.93 4.26 2.60 1.37 35.22 -1.621 -0.033 -0.002 -0.050 1.00 -0.0167463207 -0.0004173635 -0.0249114683 0.9995493011 True True True False
PassengerCar_is_group 0.00 2 -1 1076.73 504.35 1174.29 606.88 1.50 2.04 5.89 2.47 1.39 41.66 -1.604 0.000 0.000 -0.034 1.00 0.0000000000 0.0000000000 -0.0168179750 0.9998585679 True True True False
PassengerCar_is_group 0.00 2 -1 1037.45 519.13 1116.94 591.43 1.47 2.03 5.97 2.18 1.41 48.66 -1.608 0.000 0.000 -0.038 1.00 0.0000000000 0.0000000000 -0.0188120977 0.9998230368 True True True False
PassengerCar 0.00 1 -1 1000.98 482.56 1090.89 580.40 1.97 2.12 5.37 1.43 1.42 55.85 -1.675 0.000 -0.023 -0.105 1.00 -0.0005886118 -0.0112505134 -0.0522438838 0.9985708067 True True True False
PassengerCar 0.00 1 -1 653.95 506.59 743.29 600.18 1.86 1.98 4.80 -6.02 1.51 48.40 1.504 0.000 0.000 3.075 1.00 0.0000000000 0.0000000000 0.9994441588 0.0333372670 True True True False
PassengerCar 0.00 1 -1 608.70 525.46 716.35 610.15 1.47 1.90 4.11 -5.76 1.60 41.50 1.519 0.000 0.000 3.090 1.00 0.0000000000 0.0000000000 0.9996707922 0.0256574984 True True True False
PassengerCar 0.00 1 -1 575.48 525.77 687.18 619.07 1.40 1.73 4.07 -5.56 1.49 36.33 1.516 0.000 0.000 3.087 1.00 0.0000000000 0.0000000000 0.9996308250 0.0271700870 True True True False
PassengerCar 0.00 1 -1 533.86 524.60 663.51 644.04 1.50 1.85 4.35 -5.21 1.49 30.04 1.508 -0.007 0.022 3.079 1.00 -0.0111395148 -0.0030212401 0.9994399926 0.0314083502 True True True False
PassengerCar 0.00 1 -1 430.96 525.84 603.38 672.19 1.40 1.87 4.25 -5.14 1.48 24.80 1.567 0.000 0.000 3.138 1.00 0.0000000000 0.0000000000 0.9999981213 0.0019383806 True True True False
PassengerCar 0.00 0 -1 290.71 524.38 536.57 710.38 1.47 1.81 3.91 -4.91 1.48 19.63 1.562 0.000 0.000 3.133 1.00 0.0000000000 0.0000000000 0.9999908524 0.0042772900 True True True False
PassengerCar 0.97 0 -1 0.00 312.40 284.90 1024.00 1.82 2.02 4.60 -2.68 1.27 4.00 -4.700 -0.001 -0.012 -3.129 1.00 -0.0061186917 0.0002327711 -0.9999611394 0.0063424927 True False True False
DontCare 0.00 -1 -1 1253.50 530.67 1389.07 688.38 1.22 1.09 1.95 2.54 1.31 18.01 -1.571 0.000 0.000 0.000 1.00 0.0000000000 0.0000000000 0.0000000000 1.0000000000 False False False False
DontCare 0.00 -1 -1 539.82 510.47 610.47 600.28 1.67 0.83 1.13 -9.35 1.41 51.24 -1.648 0.000 0.000 -0.077 1.00 0.0000000000 0.0000000000 -0.0384455586 0.9992606962 False False False False
Obstacle 0.00 3 -1 359.38 508.66 392.64 629.45 1.70 0.57 0.54 -7.96 1.47 30.69 -1.577 -0.000 -0.007 -0.006 1.00 -0.0001554278 -0.0036482320 -0.0029041816 0.9999891159 True False True False
Obstacle 0.00 2 -1 303.39 498.93 353.68 628.83 1.72 0.55 0.53 -8.62 1.48 30.65 -1.600 0.000 0.000 -0.029 1.00 0.0000000000 0.0000000000 -0.0147096718 0.9998918069 True False True False
Obstacle 0.22 2 -1 1809.72 435.50 1898.41 662.82 1.72 0.77 0.79 6.90 1.11 18.23 -1.571 0.000 0.000 0.000 1.00 0.0000000000 0.0000000000 0.0000000000 1.0000000000 True False True False
Obstacle 0.00 3 -1 1553.00 449.00 1634.00 621.00 1.69 0.64 0.63 6.02 1.12 23.44 -1.571 0.000 0.000 0.000 1.00 0.0000000000 0.0000000000 0.0000000000 1.0000000000 False False False False
Pedestrian 0.00 0 -1 951.31 529.25 966.12 570.80 -1.00 -1.00 -1.00 -1000.00 -1000.00 -1000.00 -1.000 -1.000 -1.000 -1.000 1.00 -1000.0000000000 -1000.0000000000 -1000.0000000000 -1000.0000000000 True True False False
Pedestrian 0.00 0 -1 959.09 528.21 976.99 570.53 -1.00 -1.00 -1.00 -1000.00 -1000.00 -1000.00 -1.000 -1.000 -1.000 -1.000 1.00 -1000.0000000000 -1000.0000000000 -1000.0000000000 -1000.0000000000 True True False False
