PassengerCar 0.00 0 -1 1183.96 490.54 1595.30 619.09 1.37 1.90 4.46 4.66 1.04 26.54 -2.571 0.016 -0.010 -1.000 1.00 0.0045221224 -0.0082786336 -0.4793621018 0.8775665160 True True True False
PassengerCar 0.00 0 -1 336.81 514.43 483.84 603.77 1.74 1.77 3.62 -11.11 1.76 45.54 -4.551 -0.006 0.000 -2.981 1.00 -0.0001820156 0.0030918143 -0.9967576900 0.0804022081 True True True False
PassengerCar 0.00 1 -1 519.59 517.97 628.70 597.97 1.54 1.97 4.05 -7.91 1.60 44.83 1.404 0.003 -0.014 2.975 1.00 0.0072376904 0.0008513206 0.9964989877 0.0832866053 True True True False
PassengerCar 0.00 1 -1 145.29 531.25 349.16 619.59 1.46 1.85 3.86 -15.45 1.81 46.95 -1.382 0.000 0.000 0.189 1.00 0.0000000000 0.0000000000 0.0941652524 0.9955565806 True True True True
DontCare 0.00 -1 -1 835.45 491.42 1070.37 534.35 -1.00 -1.00 -1.00 -1000.00 -1000.00 -1000.00 -1.000 -1.000 -1.000 -1.000 1.00 -1000.0000000000 -1000.0000000000 -1000.0000000000 -1000.0000000000 False False False False
DontCare 0.00 -1 -1 116.02 522.76 305.31 600.69 -1.00 -1.00 -1.00 -1000.00 -1000.00 -1000.00 -1.000 -1.000 -1.000 -1.000 1.00 -1000.0000000000 -1000.0000000000 -1000.0000000000 -1000.0000000000 False False False False
DontCare 0.00 -1 -1 367.67 501.33 482.94 565.40 -1.00 -1.00 -1.00 -1000.00 -1000.00 -1000.00 -1.000 -1.000 -1.000 -1.000 1.00 -1000.0000000000 -1000.0000000000 -1000.0000000000 -1000.0000000000 False False False False
DontCare 0.00 -1 -1 641.92 493.30 729.76 536.54 -1.00 -1.00 -1.00 -1000.00 -1000.00 -1000.00 -1.000 -1.000 -1.000 -1.000 1.00 -1000.0000000000 -1000.0000000000 -1000.0000000000 -1000.0000000000 False False False False
DontCare 0.00 -1 -1 730.15 495.88 787.62 530.76 -1.00 -1.00 -1.00 -1000.00 -1000.00 -1000.00 -1.000 -1.000 -1.000 -1.000 1.00 -1000.0000000000 -1000.0000000000 -1000.0000000000 -1000.0000000000 False False False False
Pedestrian 0.00 0 -1 713.14 397.63 850.56 799.57 1.72 0.90 0.64 -0.95 1.22 10.41 -3.160 0.000 0.000 -1.589 1.00 0.0000000000 0.0000000000 -0.7136751641 0.7004768092 True True True True
Pedestrian 0.00 2 -1 1450.88 458.58 1485.19 546.42 1.84 0.76 0.56 10.08 0.77 49.01 -1.554 0.000 0.000 0.017 1.00 0.0000000000 0.0000000000 0.0083650027 0.9999650128 True True True False
Pedestrian 0.00 2 -1 1481.18 453.22 1510.83 548.13 1.80 0.60 0.42 9.56 0.75 43.96 -1.437 0.000 0.000 0.133 1.00 0.0000000000 0.0000000000 0.0666192919 0.9977784674 True True True False
Pedestrian 0.00 2 -1 1426.36 452.19 1455.15 542.26 1.92 0.73 0.73 9.73 0.71 50.16 -1.467 0.000 0.000 0.104 1.00 0.0000000000 0.0000000000 0.0519139328 0.9986515626 True True True False
Pedestrian 0.00 2 -1 1388.86 461.10 1417.83 540.23 1.65 0.57 0.44 8.78 0.68 50.05 -1.482 0.000 0.000 0.089 1.00 0.0000000000 0.0000000000 0.0444877068 0.9990099319 True True True False
Pedestrian 0.00 2 -1 1357.25 462.03 1390.06 540.02 1.66 0.65 0.48 8.00 0.67 48.88 -1.571 0.000 0.000 0.000 1.00 0.0000000000 0.0000000000 0.0000000000 1.0000000000 True True True False
Pedestrian 0.00 2 -1 1325.55 472.33 1347.23 543.53 1.75 0.58 0.50 8.58 0.88 57.51 -1.113 0.000 0.000 0.458 1.00 0.0000000000 0.0000000000 0.2268119707 0.9739385658 True True True False
Pedestrian 0.00 2 -1 1305.67 474.79 1330.51 547.51 1.86 0.61 0.52 8.34 1.00 59.29 -1.533 0.001 -0.016 0.038 1.00 0.0004870633 -0.0078563120 0.0190362188 0.9997878092 True True True False
Pedestrian 0.00 0 -1 1642.63 431.97 1703.87 597.53 2.02 0.72 0.79 8.18 1.08 27.97 -4.509 0.002 0.015 -2.938 1.00 0.0074233814 -0.0000647168 -0.9948052385 0.1015254975 True False True False
Pedestrian_is_group 0.00 0 -1 1534.05 438.44 1593.31 553.36 1.76 0.94 0.40 9.07 0.53 36.44 1.189 0.000 0.000 2.759 1.00 0.0000000000 0.0000000000 0.9817879627 0.1899799891 True True True True
Pedestrian 0.00 2 -1 809.86 486.53 850.95 588.59 1.63 0.40 0.66 -2.38 1.23 36.20 0.147 0.000 0.000 1.718 1.00 0.0000000000 0.0000000000 0.7571022918 0.6532963491 True True True False
Pedestrian 0.00 2 -1 548.06 490.13 594.22 606.56 1.78 0.52 0.69 -6.37 1.50 35.91 -3.203 0.001 -0.016 -1.632 1.00 -0.0055967946 -0.0059509091 -0.7284237391 0.6850781845 True True True False
