PassengerCar 0.00 0 -1 1136.22 471.08 1379.64 676.09 1.78 1.81 4.03 2.57 1.43 22.65 -1.677 -0.002 -0.000 -0.107 1.00 -0.0008710522 -0.0000464601 -0.0532622243 0.9985801793 True True True False
PassengerCar 0.00 0 -1 927.71 539.30 1022.45 605.57 1.45 1.81 4.05 -0.25 2.08 53.27 -1.662 0.000 0.000 -0.091 1.00 0.0000000000 0.0000000000 -0.0456400342 0.9989579507 True True True False
PassengerCar 0.00 1 -1 285.05 516.06 513.59 657.59 1.52 1.84 4.03 -6.28 1.58 25.64 1.502 -0.011 -0.007 3.073 1.00 0.0032640051 -0.0057583812 0.9993818084 0.0345280807 True True True False
PassengerCar 0.86 0 -1 0.00 518.29 53.32 683.89 1.41 1.81 3.77 -9.41 1.51 19.77 1.561 0.000 0.000 3.132 1.00 0.0000000000 0.0000000000 0.9999872917 0.0050414757 True False True False
PassengerCar 0.00 1 -1 479.08 544.82 591.71 624.78 1.37 1.80 4.03 -7.72 1.97 40.13 1.421 0.003 -0.021 2.991 1.00 0.0105994764 0.0007971595 0.9971275267 0.0749914066 True True True False
PassengerCar 0.00 2 -1 538.29 541.79 628.05 604.88 1.40 1.86 4.02 -9.16 2.18 53.51 1.431 -0.018 -0.010 3.001 1.00 0.0042929459 -0.0090876722 0.9974933116 0.0700434023 True True True False
PassengerCar 0.00 3 -1 1081.13 547.11 1132.36 588.44 -1.00 -1.00 -1.00 -1000.00 -1000.00 -1000.00 -1.000 -1.000 -1.000 -1.000 1.00 -1000.0000000000 -1000.0000000000 -1000.0000000000 -1000.0000000000 True True False False
PassengerCar 0.00 1 -1 1676.73 555.18 1813.55 618.09 1.63 1.84 4.01 19.99 2.86 62.90 -1.942 -0.051 0.010 -0.371 1.00 -0.0242134098 0.0095209762 -0.1842463119 0.9825356779 True False True False
PassengerCar 0.00 0 -1 701.85 552.74 753.17 592.06 -1.00 -1.00 -1.00 -1000.00 -1000.00 -1000.00 -1.000 -1.000 -1.000 -1.000 1.00 -1000.0000000000 -1000.0000000000 -1000.0000000000 -1000.0000000000 True True False False
PassengerCar 0.00 2 -1 1005.03 545.35 1058.79 584.57 -1.00 -1.00 -1.00 -1000.00 -1000.00 -1000.00 -1.000 -1.000 -1.000 -1.000 1.00 -1000.0000000000 -1000.0000000000 -1000.0000000000 -1000.0000000000 True False False False
PassengerCar 0.00 1 -1 1521.02 557.30 1656.90 617.82 -1.00 -1.00 -1.00 -1000.00 -1000.00 -1000.00 -1.000 -1.000 -1.000 -1.000 1.00 -1000.0000000000 -1000.0000000000 -1000.0000000000 -1000.0000000000 True False False False
LargeVehicle 0.00 0 -1 751.15 415.70 931.06 620.62 3.37 2.87 12.31 -2.83 1.96 45.14 -1.700 -0.006 -0.011 -0.129 1.00 -0.0033982689 -0.0055239603 -0.0645474282 0.9978935650 True True True False
