PassengerCar 0.99 0 -1 0.00 486.22 192.64 1024.00 1.34 1.74 3.79 -2.45 1.25 2.86 -1.583 0.018 0.000 -0.012 1.00 0.0090368097 -0.0000546623 -0.0060484956 0.9999408726 True False True True
PassengerCar 0.35 1 -1 0.00 482.60 588.72 941.51 1.37 1.72 3.54 -2.63 1.29 8.21 -1.526 0.025 -0.001 0.045 1.00 0.0126642848 -0.0002845877 0.0224642072 0.9996673918 True True True False
PassengerCar 0.00 2 -1 756.54 511.16 923.29 599.34 1.52 1.80 2.84 -2.72 1.63 41.73 -2.779 -0.004 -0.011 -1.208 1.00 -0.0046733647 -0.0032672430 -0.5679131952 0.8230687015 True True True False
PassengerCar 0.64 0 -1 1602.01 467.73 1920.00 810.04 1.31 1.76 4.02 4.59 1.16 10.04 -0.662 0.020 -0.025 0.908 1.00 0.0144882530 -0.0068238049 0.4387985559 0.8984427380 True False True False
PassengerCar 0.31 2 -1 1453.62 500.67 1920.00 733.46 1.27 1.85 4.01 4.74 1.26 13.80 -0.620 0.008 -0.012 0.950 1.00 0.0063303002 -0.0032570050 0.4574944231 0.8891839923 True True True True
PassengerCar 0.00 3 -1 1107.83 515.77 1242.62 577.79 1.35 1.51 2.66 4.25 1.53 53.27 -0.520 0.005 -0.004 1.051 1.00 0.0032940094 -0.0004007922 0.5014968083 0.8651531310 True True True False
PassengerCar 0.00 3 -1 852.65 512.81 925.47 578.93 1.63 1.81 4.01 -2.53 1.76 60.53 -1.629 0.001 0.009 -0.058 1.00 0.0004375311 0.0043192123 -0.0290145614 0.9995695615 True True True False
PassengerCar 0.00 3 -1 900.08 515.74 954.52 560.18 -1.00 -1.00 -1.00 -1000.00 -1000.00 -1000.00 -1.000 -1.000 -1.000 -1.000 1.00 -1000.0000000000 -1000.0000000000 -1000.0000000000 -1000.0000000000 True True False False
PassengerCar 0.00 2 -1 1081.89 518.84 1195.49 575.35 -1.00 -1.00 -1.00 -1000.00 -1000.00 -1000.00 -1.000 -1.000 -1.000 -1.000 1.00 -1000.0000000000 -1000.0000000000 -1000.0000000000 -1000.0000000000 True True False False
PassengerCar 0.00 3 -1 185.22 494.85 518.81 611.77 1.77 1.88 4.08 -8.51 1.61 31.39 -3.439 0.000 0.000 -1.868 1.00 0.0000000000 0.0000000000 -0.8041201323 0.5944668307 True True True False
PassengerCar 0.00 3 -1 1083.34 518.62 1213.54 571.87 -1.00 -1.00 -1.00 -1000.00 -1000.00 -1000.00 -1.000 -1.000 -1.000 -1.000 1.00 -1000.0000000000 -1000.0000000000 -1000.0000000000 -1000.0000000000 True True False False
PassengerCar 0.00 3 -1 1051.18 511.07 1138.66 556.20 -1.00 -1.00 -1.00 -1000.00 -1000.00 -1000.00 -1.000 -1.000 -1.000 -1.000 1.00 -1000.0000000000 -1000.0000000000 -1000.0000000000 -1000.0000000000 True True False False
Vehicle 0.00 2 -1 1080.48 473.29 1261.36 557.17 2.30 2.16 4.90 4.76 1.35 62.75 -0.610 0.009 -0.012 0.960 1.00 0.0066776364 -0.0032944847 0.4619673517 0.8868656727 True True True True
Vehicle 0.57 3 -1 0.00 479.18 173.42 607.85 1.64 1.87 4.49 -13.28 1.28 30.99 -3.142 0.000 0.000 -1.571 1.00 0.0000000000 0.0000000000 -0.7071033915 0.7071101708 False False True False
