PassengerCar 0.00 0 -1 1108.75 511.87 1260.87 628.73 1.39 1.60 4.08 2.44 1.45 30.04 -1.571 -0.004 0.000 0.000 1.00 -0.0017608969 0.0000000000 0.0000000000 0.9999984496 True True True False
PassengerCar 0.00 1 -1 1065.44 509.13 1168.96 592.24 1.52 1.81 4.22 2.57 1.46 46.75 -1.608 0.000 0.000 -0.038 1.00 0.0000000000 0.0000000000 -0.0187939157 0.9998233788 True True True False
PassengerCar 0.00 0 -1 921.22 511.69 1015.01 592.28 1.50 1.70 4.08 -0.43 1.58 45.88 -1.611 0.000 0.000 -0.040 1.00 0.0000000000 0.0000000000 -0.0201431600 0.9997971060 True True True False
PassengerCar 0.00 1 -1 497.76 527.15 611.43 607.69 1.51 1.83 4.02 -8.82 1.88 47.57 1.550 0.044 0.001 3.120 1.00 -0.0003938291 0.0221059754 0.9996996569 0.0105719783 True True True False
PassengerCar 0.00 2 -1 145.60 542.79 322.61 603.55 1.52 1.81 4.02 -19.42 2.43 60.80 -3.192 0.000 0.000 -1.621 1.00 0.0000000000 0.0000000000 -0.7247779786 0.6889824974 True False True False
PassengerCar 0.00 3 -1 211.92 538.14 377.41 596.40 1.53 1.86 4.11 -19.03 2.37 64.66 -3.592 0.000 0.000 -2.021 1.00 0.0000000000 0.0000000000 -0.8471661474 0.5313280707 True False True False
Pedestrian 0.00 1 -1 1283.25 498.87 1311.23 590.08 1.72 0.37 0.45 5.87 1.55 44.72 -3.241 0.000 0.000 -1.671 1.00 0.0000000000 0.0000000000 -0.7414693818 0.6709867031 True True True False
Pedestrian 0.00 0 -1 1253.12 497.81 1280.37 588.27 1.77 0.37 0.47 5.46 1.57 46.18 -3.206 0.000 0.000 -1.635 1.00 0.0000000000 0.0000000000 -0.7294860675 0.6839956705 True True True False
Pedestrian 0.00 1 -1 1298.28 504.22 1328.32 584.13 1.45 0.44 0.46 5.93 1.38 42.96 -3.203 0.000 0.000 -1.632 1.00 0.0000000000 0.0000000000 -0.7284101096 0.6851413812 True True True False
Pedestrian 0.00 1 -1 1306.48 488.52 1336.65 585.11 1.78 0.35 0.48 6.16 1.42 43.53 -3.232 0.000 0.000 -1.661 1.00 0.0000000000 0.0000000000 -0.7384343117 0.6743254164 True True True False
Pedestrian 0.00 2 -1 1232.35 506.74 1259.73 596.49 -1.00 -1.00 -1.00 -1000.00 -1000.00 -1000.00 -1.000 -1.000 -1.000 -1.000 1.00 -1000.0000000000 -1000.0000000000 -1000.0000000000 -1000.0000000000 True True False False
Pedestrian 0.00 0 -1 309.65 523.54 338.69 620.29 1.65 0.23 0.44 -11.41 1.92 40.50 -1.000 0.000 0.000 0.571 1.00 0.0000000000 0.0000000000 0.2816592136 0.9595145061 True False True False
Pedestrian 0.00 0 -1 96.62 533.16 145.12 630.04 1.71 0.54 0.61 -15.50 2.16 42.09 -4.086 0.000 0.000 -2.515 1.00 0.0000000000 0.0000000000 -0.9512885697 0.3083018930 True False True False
Pedestrian 0.00 0 -1 817.44 511.28 847.84 597.20 1.50 0.38 0.53 -2.73 1.56 41.34 -0.060 0.000 0.000 1.511 1.00 0.0000000000 0.0000000000 0.6856882322 0.7278953553 True True True False
Pedestrian 0.00 2 -1 822.23 503.20 853.03 593.21 1.59 0.37 0.54 -2.67 1.51 41.86 -0.067 0.000 0.000 1.504 1.00 0.0000000000 0.0000000000 0.6831268790 0.7302997105 True True True False
