PassengerCar 0.44 1 -1 0.00 501.69 261.81 675.13 1.59 1.91 4.32 -8.60 1.46 21.60 -4.636 0.000 0.000 -3.065 1.00 0.0000000000 0.0000000000 -0.9992629856 0.0383860069 True False True False
PassengerCar 0.00 1 -1 1042.80 496.20 1107.77 548.57 1.73 1.76 4.21 2.74 1.15 72.44 -1.442 -0.002 -0.012 0.129 1.00 -0.0004034967 -0.0062354164 0.0645741421 0.9978933495 True True True False
PassengerCar 0.00 1 -1 352.56 529.88 461.23 583.27 1.59 1.90 4.22 -17.99 2.26 72.85 -4.631 0.000 0.000 -3.060 1.00 0.0000000000 0.0000000000 -0.9991631924 0.0409012835 True True True False
PassengerCar 0.00 2 -1 474.35 530.93 561.57 573.85 -1.00 -1.00 -1.00 -1000.00 -1000.00 -1000.00 -1.000 -1.000 -1.000 -1.000 1.00 -1000.0000000000 -1000.0000000000 -1000.0000000000 -1000.0000000000 True True False False
PassengerCar 0.00 3 -1 1402.54 467.83 1575.25 550.03 1.59 1.84 3.79 10.09 0.81 47.42 -0.821 0.000 0.000 0.749 1.00 0.0000000000 0.0000000000 0.3660109639 0.9306105385 True True True False
PassengerCar 0.00 2 -1 1490.27 468.36 1701.11 553.01 1.52 1.90 3.87 11.22 0.87 43.40 0.293 0.000 0.000 1.863 1.00 0.0000000000 0.0000000000 0.8026360661 0.5964690649 True True True False
DontCare 0.00 -1 -1 560.69 511.69 809.56 558.81 -1.00 -1.00 -1.00 -1000.00 -1000.00 -1000.00 -1.000 -1.000 -1.000 -1.000 1.00 -1000.0000000000 -1000.0000000000 -1000.0000000000 -1000.0000000000 False False False False
DontCare 0.00 -1 -1 813.96 506.49 859.33 545.46 -1.00 -1.00 -1.00 -1000.00 -1000.00 -1000.00 -1.000 -1.000 -1.000 -1.000 1.00 -1000.0000000000 -1000.0000000000 -1000.0000000000 -1000.0000000000 False False False False
DontCare 0.00 -1 -1 862.23 507.46 910.77 540.63 -1.00 -1.00 -1.00 -1000.00 -1000.00 -1000.00 -1.000 -1.000 -1.000 -1.000 1.00 -1000.0000000000 -1000.0000000000 -1000.0000000000 -1000.0000000000 False False False False
DontCare 0.00 -1 -1 912.31 506.53 937.83 537.73 -1.00 -1.00 -1.00 -1000.00 -1000.00 -1000.00 -1.000 -1.000 -1.000 -1.000 1.00 -1000.0000000000 -1000.0000000000 -1000.0000000000 -1000.0000000000 False False False False
DontCare 0.00 -1 -1 943.97 506.38 967.00 536.33 -1.00 -1.00 -1.00 -1000.00 -1000.00 -1000.00 -1.000 -1.000 -1.000 -1.000 1.00 -1000.0000000000 -1000.0000000000 -1000.0000000000 -1000.0000000000 False False False False
DontCare 0.00 -1 -1 444.51 516.06 504.87 558.93 -1.00 -1.00 -1.00 -1000.00 -1000.00 -1000.00 -1.000 -1.000 -1.000 -1.000 1.00 -1000.0000000000 -1000.0000000000 -1000.0000000000 -1000.0000000000 False False False False
DontCare 0.00 -1 -1 347.18 516.61 427.65 564.37 -1.00 -1.00 -1.00 -1000.00 -1000.00 -1000.00 -1.000 -1.000 -1.000 -1.000 1.00 -1000.0000000000 -1000.0000000000 -1000.0000000000 -1000.0000000000 False False False False
DontCare 0.00 -1 -1 223.80 506.87 283.89 579.27 -1.00 -1.00 -1.00 -1000.00 -1000.00 -1000.00 -1.000 -1.000 -1.000 -1.000 1.00 -1000.0000000000 -1000.0000000000 -1000.0000000000 -1000.0000000000 False False False False
Pedestrian 0.00 0 -1 1070.85 478.05 1112.69 561.97 1.74 0.48 0.75 2.21 1.13 50.51 -3.208 0.000 0.000 -1.637 1.00 0.0000000000 0.0000000000 -0.7300715324 0.6833707321 True True True False
Pedestrian_is_group 0.00 0 -1 1112.41 472.39 1164.63 562.99 1.84 0.55 0.94 3.07 1.12 48.13 -3.372 0.002 -0.010 -1.801 1.00 -0.0031402548 -0.0039621713 -0.7836953311 0.6211248409 True True True False
Pedestrian 0.00 0 -1 1574.58 428.81 1620.12 564.65 1.76 0.34 0.63 8.00 0.72 30.13 -3.174 0.001 -0.044 -1.603 1.00 -0.0154339720 -0.0159448671 -0.7183474056 0.6953305391 True False True False
Pedestrian 0.00 1 -1 1616.64 422.47 1660.67 561.00 1.75 0.52 0.55 8.29 0.68 29.51 -1.251 -0.006 -0.017 0.320 1.00 -0.0014406765 -0.0089332728 0.1592071636 0.9872037278 True False True False
Pedestrian 0.06 1 -1 1872.54 372.59 1920.00 592.74 1.68 0.41 0.36 7.14 0.73 18.66 -0.988 0.001 -0.012 0.583 1.00 0.0023913759 -0.0054799154 0.2871961216 0.9578531409 True False True False
Pedestrian 0.00 2 -1 1801.37 389.13 1875.66 593.35 1.72 0.49 0.48 7.26 0.72 19.94 -0.911 0.000 0.000 0.660 1.00 0.0000000000 0.0000000000 0.3239286870 0.9460815006 True False True False
Pedestrian 0.00 1 -1 1729.02 405.84 1785.53 591.11 1.78 0.43 0.40 7.48 0.77 21.82 -0.839 0.000 0.000 0.732 1.00 0.0000000000 0.0000000000 0.3579779762 0.9337300298 True False True False
Pedestrian 0.00 2 -1 1702.69 398.78 1757.39 598.05 1.69 0.36 0.54 6.44 0.75 20.11 -0.461 0.004 -0.018 1.110 1.00 0.0063041332 -0.0065577500 0.5267731882 0.8499572119 True False True False
