PassengerCar 0.00 0 -1 722.84 474.96 1268.69 908.05 1.50 1.98 4.22 0.05 1.28 8.81 -1.571 0.000 0.000 0.000 1.00 0.0002290538 0.0000000000 0.0000000000 0.9999999738 True True True False
PassengerCar 0.17 2 -1 0.00 462.26 668.29 784.73 1.53 1.89 4.24 -3.45 1.12 11.36 -2.519 -0.003 0.011 -0.949 1.00 0.0012033290 0.0053080534 -0.4566936829 0.8896073609 True True True False
PassengerCar 0.64 0 -1 0.00 398.71 350.39 831.70 1.53 1.66 4.06 -4.48 1.11 9.19 -2.608 -0.009 -0.011 -1.037 1.00 -0.0066918776 -0.0027429736 -0.4956277568 0.8685049347 True True True False
PassengerCar 0.00 3 -1 180.58 453.15 700.90 725.72 1.53 1.82 4.17 -3.82 1.12 14.54 -2.544 0.000 0.000 -0.973 1.00 0.0000000000 0.0000000000 -0.4676894581 0.8838928503 True True True False
PassengerCar 0.00 3 -1 218.06 448.21 739.90 681.73 1.51 1.80 4.11 -3.84 1.03 17.10 -2.545 0.000 0.000 -0.974 1.00 0.0000000000 0.0000000000 -0.4680503971 0.8837017742 True False True False
PassengerCar 0.00 3 -1 576.66 476.73 812.26 663.43 1.51 1.81 4.15 -3.56 1.21 19.89 -2.525 -0.008 -0.012 -0.955 1.00 -0.0062707267 -0.0032437046 -0.4594366451 0.8881824843 True False True False
PassengerCar 0.00 3 -1 682.09 501.27 834.50 623.30 1.51 1.82 4.15 -3.90 1.10 23.17 -2.545 0.019 -0.017 -0.974 1.00 0.0043230014 -0.0117293464 -0.4679683106 0.8836568307 True False True False
PassengerCar 0.00 3 -1 588.15 507.23 824.21 656.91 1.52 1.82 4.12 -3.35 1.09 25.89 -2.554 0.000 0.000 -0.984 1.00 0.0000000000 0.0000000000 -0.4722286380 0.8814760992 True False True False
PassengerCar 0.00 3 -1 565.22 501.71 847.55 635.41 1.51 1.82 4.14 -2.98 1.10 28.57 -2.552 0.000 0.000 -0.981 1.00 0.0000000000 0.0000000000 -0.4712538667 0.8819976152 True False True False
PassengerCar 0.59 0 -1 1463.55 476.30 1920.00 992.32 1.50 2.01 5.41 2.86 0.94 8.11 -1.570 0.000 0.000 0.001 1.00 0.0000000000 0.0000000000 0.0005452118 0.9999998514 True True True False
PassengerCar 0.00 1 -1 1318.68 477.81 1674.72 766.67 1.52 1.81 4.13 2.91 1.23 13.47 -1.582 0.000 0.000 -0.011 1.00 0.0000000000 0.0000000000 -0.0053714447 0.9999855737 True True True False
PassengerCar 0.00 0 -1 1216.07 486.63 1442.32 698.18 1.56 1.86 3.64 2.79 1.27 17.84 -1.575 0.000 -0.004 -0.005 1.00 0.0000039669 -0.0019332627 -0.0022551675 0.9999955883 False False False False
PassengerCar 0.00 3 -1 1179.46 484.44 1368.02 684.98 1.51 1.83 4.17 2.95 1.33 22.99 -1.571 0.000 0.000 0.000 1.00 0.0000000000 0.0000000000 0.0000000000 1.0000000000 True True True False
PassengerCar 0.00 3 -1 1038.50 507.76 1244.20 680.41 1.52 1.82 4.13 2.99 1.36 27.73 -1.571 0.000 0.000 0.000 1.00 0.0000000000 0.0000000000 0.0000000000 1.0000000000 True True True False
Vehicle 0.00 3 -1 1126.00 501.00 1290.00 620.00 1.51 1.85 4.10 2.92 1.44 31.94 -1.571 0.000 0.000 0.000 1.00 0.0000000000 0.0000000000 0.0000000000 1.0000000000 False False True False
Pedestrian 0.00 3 -1 1705.55 428.90 1779.10 606.69 1.78 0.72 0.41 4.96 1.25 15.10 -1.571 0.000 0.000 0.000 1.00 0.0000000000 0.0000000000 0.0000000000 1.0000000000 True False True False
Pedestrian 0.00 3 -1 1560.88 422.27 1650.63 613.42 1.87 0.66 0.37 4.17 1.25 15.41 1.556 0.000 0.000 3.127 1.00 0.0000000000 0.0000000000 0.9999724475 0.0074232270 True False True False
Pedestrian 0.00 3 -1 1484.65 446.68 1536.02 591.10 1.88 0.61 0.33 4.67 1.27 20.51 -1.571 0.000 0.000 0.000 1.00 0.0000000000 0.0000000000 0.0000000000 1.0000000000 True False True False
Pedestrian 0.00 3 -1 1677.07 451.79 1717.30 606.97 1.76 0.40 0.56 6.11 1.27 20.24 -1.571 0.000 0.000 0.000 1.00 0.0000000000 0.0000000000 0.0000000000 1.0000000000 True False True False
