PassengerCar 0.00 1 -1 1187.82 390.51 1538.32 649.93 1.79 1.69 4.44 2.89 0.98 18.90 -1.740 0.000 0.000 -0.169 1.00 0.0000000000 0.0000000000 -0.0844251028 0.9964298279 True True True True
PassengerCar 0.00 1 -1 1270.80 433.52 1729.08 760.33 1.48 1.40 4.07 2.60 1.16 12.79 -1.614 0.000 0.000 -0.043 1.00 0.0000000000 0.0000000000 -0.0214985968 0.9997688785 True True True False
PassengerCar 0.68 0 -1 1463.27 387.73 1920.00 1024.00 1.50 1.81 4.56 2.88 1.14 7.27 -1.584 0.030 0.015 -0.013 1.00 0.0148136701 0.0075285761 -0.0067016837 0.9998394687 True False True False
PassengerCar 0.00 1 -1 163.38 471.14 594.34 626.89 1.39 1.83 3.77 -5.84 1.07 22.73 -2.656 0.000 0.000 -1.085 1.00 0.0000000000 0.0000000000 -0.5163044451 0.8564051144 True True True False
PassengerCar 0.00 0 -1 14.88 462.97 526.18 650.65 1.48 1.74 4.25 -6.16 1.14 20.52 -2.659 0.000 0.000 -1.088 1.00 0.0000000000 0.0000000000 -0.5175294093 0.8556654197 True True True False
PassengerCar 0.35 3 -1 0.00 468.73 445.52 684.69 1.26 1.70 3.83 -5.62 1.07 15.09 -2.866 0.000 0.000 -1.295 1.00 0.0000000000 0.0000000000 -0.6031416927 0.7976340631 True True True False
PassengerCar 0.49 2 -1 0.00 339.47 375.21 745.25 1.85 2.01 4.41 -5.27 0.95 12.45 -2.524 -0.045 0.053 -0.953 1.00 -0.0077269834 0.0335387768 -0.4579831232 0.8882943786 True False True True
PassengerCar 0.90 0 -1 0.00 319.41 99.01 831.10 1.71 1.66 4.17 -5.72 1.09 9.62 -2.607 0.000 0.000 -1.036 1.00 0.0000000000 0.0000000000 -0.4953371688 0.8687008054 True False True False
LargeVehicle 0.00 0 -1 842.27 350.17 1283.40 604.85 2.45 2.39 6.47 1.01 0.86 26.83 -2.126 0.052 0.043 -0.555 1.00 0.0310614535 0.0132688171 -0.2742858389 0.9610548388 True True True False
LargeVehicle 0.00 1 -1 488.04 346.03 918.06 618.97 2.63 2.34 5.43 -3.09 1.05 24.70 -2.201 0.000 0.000 -0.631 1.00 0.0000000000 0.0000000000 -0.3100594108 0.9507171828 True True True False
