PassengerCar 0.33 0 -1 0.00 477.66 288.78 759.96 1.53 1.64 2.69 -5.32 1.38 14.06 1.528 -0.018 0.002 3.099 1.00 -0.0014146709 -0.0091475849 0.9997330480 0.0211696268 True True True False
PassengerCar 0.00 0 -1 1299.97 447.33 1693.06 735.23 1.64 1.78 4.06 3.20 1.31 14.96 -1.571 0.000 -0.008 0.000 1.00 0.0000000000 -0.0037665211 0.0000000000 0.9999929066 True True True False
PassengerCar 0.00 1 -1 1182.44 467.57 1458.52 669.08 1.67 1.73 4.23 2.83 1.36 21.31 -1.615 0.000 0.000 -0.045 1.00 0.0000000000 0.0000000000 -0.0223173324 0.9997509373 True True True False
PassengerCar 0.00 2 -1 1121.53 513.88 1271.23 621.40 1.41 1.78 3.83 2.84 1.53 32.95 -1.571 0.000 0.000 0.000 1.00 0.0000000000 0.0000000000 0.0000000000 1.0000000000 True True True False
PassengerCar 0.00 2 -1 1089.24 517.22 1216.09 611.46 1.41 1.73 4.22 2.67 1.57 37.52 -1.571 0.000 0.000 0.000 1.00 0.0000000000 0.0000000000 0.0000000000 1.0000000000 True True True False
PassengerCar 0.00 0 -1 771.70 524.86 828.72 564.83 -1.00 -1.00 -1.00 -1000.00 -1000.00 -1000.00 -1.000 -1.000 -1.000 -1.000 1.00 -1000.0000000000 -1000.0000000000 -1000.0000000000 -1000.0000000000 True True False False
PassengerCar 0.00 0 -1 871.48 528.72 918.98 558.65 -1.00 -1.00 -1.00 -1000.00 -1000.00 -1000.00 -1.000 -1.000 -1.000 -1.000 1.00 -1000.0000000000 -1000.0000000000 -1000.0000000000 -1000.0000000000 True True False False
PassengerCar 0.00 0 -1 996.06 524.53 1038.74 558.30 -1.00 -1.00 -1.00 -1000.00 -1000.00 -1000.00 -1.000 -1.000 -1.000 -1.000 1.00 -1000.0000000000 -1000.0000000000 -1000.0000000000 -1000.0000000000 True True False False
PassengerCar 0.00 0 -1 943.56 523.99 1000.73 568.78 -1.00 -1.00 -1.00 -1000.00 -1000.00 -1000.00 -1.000 -1.000 -1.000 -1.000 1.00 -1000.0000000000 -1000.0000000000 -1000.0000000000 -1000.0000000000 True True False False
Pedestrian 0.06 0 -1 725.11 506.02 746.64 561.50 1.70 0.62 0.48 -7.96 1.61 73.87 -1.571 0.000 0.000 0.000 1.00 0.0000000000 0.0000000000 0.0000000000 1.0000000000 True True True False
Pedestrian 0.06 0 -1 700.15 505.75 720.10 562.28 1.73 0.55 0.50 -8.72 1.63 74.07 -1.571 0.000 0.000 0.000 1.00 0.0000000000 0.0000000000 0.0000000000 1.0000000000 True True True False
Pedestrian 0.00 0 -1 1064.37 505.80 1084.86 562.48 -1.00 -1.00 -1.00 -1000.00 -1000.00 -1000.00 -1.000 -1.000 -1.000 -1.000 1.00 -1000.0000000000 -1000.0000000000 -1000.0000000000 -1000.0000000000 True True False False
