PassengerCar 0.83 0 -1 0.00 323.78 503.28 1024.00 1.40 1.82 4.10 -2.39 1.17 5.23 -1.588 0.035 -0.001 -0.018 1.00 0.0173099959 -0.0006260339 -0.0088268886 0.9998110112 True True True False
PassengerCar 0.00 1 -1 228.42 468.06 736.24 806.13 1.42 1.62 3.82 -2.29 1.28 11.64 -1.556 -0.015 -0.005 0.014 1.00 -0.0075704800 -0.0025913230 0.0072237249 0.9999418936 True True True False
PassengerCar 0.00 1 -1 543.35 499.04 823.85 705.19 1.33 1.61 3.48 -2.10 1.31 17.03 -1.583 0.000 -0.009 -0.012 1.00 0.0000273460 -0.0046646730 -0.0058621942 0.9999719370 True True True False
PassengerCar 0.00 2 -1 673.36 493.68 869.00 657.99 1.46 1.56 3.69 -2.06 1.36 22.93 -1.630 0.029 0.002 -0.059 1.00 0.0142738718 0.0004032133 -0.0295720898 0.9994606473 True True True False
PassengerCar 0.00 3 -1 718.39 492.82 878.36 634.75 1.62 1.83 3.82 -2.26 1.46 28.97 -1.619 -0.004 0.000 -0.048 1.00 -0.0022267197 0.0000981489 -0.0239829509 0.9997098830 True True True False
Pedestrian 0.00 0 -1 1007.33 476.74 1066.10 617.71 1.73 0.41 0.71 0.61 1.35 29.32 -3.141 0.000 0.000 -1.570 1.00 0.0000000000 0.0000000000 -0.7068483202 0.7073651477 True True True False
Pedestrian 0.00 0 -1 948.02 477.35 1027.46 617.48 1.77 0.62 1.00 -0.01 1.39 30.17 -3.165 0.000 0.000 -1.594 1.00 0.0000000000 0.0000000000 -0.7152519219 0.6988667171 True True True False
Pedestrian 0.00 2 -1 994.31 490.72 1037.81 616.03 1.61 0.53 0.56 0.36 1.39 30.95 -3.145 0.000 0.000 -1.575 1.00 0.0000000000 0.0000000000 -0.7084533527 0.7057576405 True True True False
Pedestrian 0.00 0 -1 1058.70 479.05 1110.45 609.99 1.74 0.52 0.66 1.29 1.35 31.15 -3.122 0.000 0.000 -1.551 1.00 0.0000000000 0.0000000000 -0.7001309545 0.7140144582 True True True False
Pedestrian 0.00 0 -1 1258.43 452.77 1313.53 594.27 1.73 0.54 0.56 3.67 1.09 29.04 -1.541 0.045 -0.001 0.030 1.00 0.0223798040 -0.0003347821 0.0149536962 0.9996376440 True True True False
Pedestrian 0.00 0 -1 1222.37 457.85 1272.04 593.01 1.72 0.52 0.58 3.35 1.08 30.50 -1.563 0.037 -0.000 0.007 1.00 0.0182738752 -0.0000678099 0.0037101139 0.9998261329 True True True False
Pedestrian 0.00 1 -1 1181.77 456.74 1237.81 594.41 1.76 0.60 0.43 2.80 1.12 29.98 -1.546 0.047 -0.001 0.025 1.00 0.0233168717 -0.0002886850 0.0123766355 0.9996514688 True True True False
