PassengerCar 0.00 0 -1 1280.43 496.81 1373.90 582.00 1.49 1.84 4.00 6.49 1.34 45.08 -1.423 0.000 0.000 0.148 1.00 0.0000000000 0.0000000000 0.0738175732 0.9972717613 True True True False
PassengerCar 0.00 1 -1 1215.65 506.25 1288.04 549.37 -1.00 -1.00 -1.00 -1000.00 -1000.00 -1000.00 -1.000 -1.000 -1.000 -1.000 1.00 -1000.0000000000 -1000.0000000000 -1000.0000000000 -1000.0000000000 True True True True
PassengerCar 0.00 2 -1 1351.97 504.66 1412.18 547.09 -1.00 -1.00 -1.00 -1000.00 -1000.00 -1000.00 -1.000 -1.000 -1.000 -1.000 1.00 -1000.0000000000 -1000.0000000000 -1000.0000000000 -1000.0000000000 True True True False
PassengerCar 0.00 1 -1 1403.45 503.64 1463.00 545.19 -1.00 -1.00 -1.00 -1000.00 -1000.00 -1000.00 -1.000 -1.000 -1.000 -1.000 1.00 -1000.0000000000 -1000.0000000000 -1000.0000000000 -1000.0000000000 True True True False
PassengerCar 0.00 0 -1 1618.53 476.92 1784.16 611.61 1.84 1.80 4.26 9.96 1.40 33.19 -1.413 0.000 0.000 0.158 1.00 0.0000000000 0.0000000000 0.0786841258 0.9968995979 True False True False
PassengerCar 0.00 2 -1 1573.97 474.47 1727.63 592.47 1.88 1.99 4.24 11.31 1.38 40.76 -1.426 0.000 0.000 0.144 1.00 0.0000000000 0.0000000000 0.0721135932 0.9973964255 True False True False
PassengerCar 0.00 0 -1 769.51 509.40 888.01 558.90 1.45 1.90 3.83 -5.27 1.49 76.24 -3.897 0.000 0.000 -2.326 1.00 0.0000000000 0.0000000000 -0.9180060503 0.3965663773 True True True False
PassengerCar 0.00 0 -1 673.00 521.93 761.01 566.57 1.43 1.83 3.41 -8.92 1.88 76.57 -4.105 0.000 0.000 -2.534 1.00 0.0000000000 0.0000000000 -0.9542330197 0.2990641137 True True True False
PassengerCar 0.00 1 -1 541.25 530.49 657.65 574.88 -1.00 -1.00 -1.00 -1000.00 -1000.00 -1000.00 -1.000 -1.000 -1.000 -1.000 1.00 -1000.0000000000 -1000.0000000000 -1000.0000000000 -1000.0000000000 True True False False
DontCare 0.00 -1 -1 1462.10 503.16 1582.15 543.15 -1.00 -1.00 -1.00 -1000.00 -1000.00 -1000.00 -1.000 -1.000 -1.000 -1.000 1.00 -1000.0000000000 -1000.0000000000 -1000.0000000000 -1000.0000000000 False False False False
DontCare 0.00 -1 -1 1758.87 488.37 1920.00 554.78 -1.00 -1.00 -1.00 -1000.00 -1000.00 -1000.00 -1.000 -1.000 -1.000 -1.000 1.00 -1000.0000000000 -1000.0000000000 -1000.0000000000 -1000.0000000000 False False False False
Pedestrian 0.00 0 -1 422.00 499.78 454.09 575.88 1.56 0.57 0.47 -11.56 1.37 49.41 -1.571 0.000 0.000 0.000 1.00 0.0000000000 0.0000000000 0.0000000000 1.0000000000 True True True False
Pedestrian 0.00 0 -1 486.11 486.56 520.79 573.59 1.69 0.65 0.56 -9.99 1.35 48.48 1.562 0.000 0.000 3.132 1.00 0.0000000000 0.0000000000 0.9999892771 0.0046309543 True True True False
Pedestrian 0.00 0 -1 43.82 479.28 106.72 605.60 1.68 0.59 0.58 -11.79 1.27 30.56 -4.697 -0.000 -0.003 -3.126 1.00 -0.0012576753 0.0000098607 -0.9999684750 0.0078401018 True False True False
