PassengerCar 0.23 0 -1 0.00 411.98 1292.36 1024.00 1.37 1.94 3.37 -1.08 1.14 6.22 -0.556 -0.012 0.024 1.015 1.00 -0.0112502495 0.0077511146 0.4860249199 0.8738381597 True True True False
PassengerCar 0.00 1 -1 1501.87 500.92 1770.72 652.28 1.44 1.72 3.85 6.59 1.35 23.71 -4.190 0.000 0.000 -2.619 1.00 0.0000000000 0.0000000000 -0.9661185552 0.2580986967 True True True False
PassengerCar 0.00 3 -1 1473.30 499.77 1706.25 628.86 1.71 0.93 2.92 7.78 1.57 30.53 0.811 0.000 0.000 2.382 1.00 0.0000000000 0.0000000000 0.9287669640 0.3706641696 True False True False
PassengerCar 0.00 2 -1 928.81 520.72 1076.80 588.84 1.36 1.82 3.34 0.57 1.74 53.75 -2.112 0.000 0.000 -0.542 1.00 0.0000000000 0.0000000000 -0.2674938463 0.9635595686 True False True False
Pedestrian 0.00 0 -1 1514.93 417.85 1654.23 679.04 1.78 0.78 0.81 4.24 1.17 16.75 -2.678 0.000 0.000 -1.107 1.00 0.0000000000 0.0000000000 -0.5256223832 0.8507179969 True True True False
Pedestrian 0.00 0 -1 1355.33 454.62 1431.74 666.22 1.82 0.44 0.48 3.56 1.36 20.71 -2.187 0.000 0.000 -0.616 1.00 0.0000000000 0.0000000000 -0.3033504865 0.9528790492 True True True False
Pedestrian 0.00 0 -1 1304.16 463.88 1374.97 671.99 1.76 0.52 0.36 3.06 1.39 20.48 -2.223 0.000 0.000 -0.653 1.00 0.0000000000 0.0000000000 -0.3205595872 0.9472283521 True True True False
Pedestrian 0.00 0 -1 1243.20 460.21 1330.98 675.06 1.79 0.44 0.61 2.53 1.40 20.05 -2.209 0.009 -0.013 -0.638 1.00 0.0023197174 -0.0074245423 -0.3136815217 0.9494963918 True False True False
Pedestrian 0.00 1 -1 1153.54 479.37 1217.80 637.06 1.64 0.53 0.45 2.09 1.33 24.97 -1.641 0.000 0.000 -0.070 1.00 0.0000000000 0.0000000000 -0.0351346552 0.9993825874 True False True False
Pedestrian 0.00 1 -1 1105.31 485.03 1161.65 635.68 1.68 0.53 0.50 1.57 1.41 24.87 -1.635 0.000 0.000 -0.064 1.00 0.0000000000 0.0000000000 -0.0318780566 0.9994917656 True False True False
Pedestrian 0.00 2 -1 1190.13 479.93 1222.33 616.09 1.86 0.44 0.32 2.98 1.48 32.10 -0.222 0.000 0.000 1.349 1.00 0.0000000000 0.0000000000 0.6246191101 0.7809295533 True False True False
Pedestrian 0.00 0 -1 1838.86 485.29 1879.45 586.30 1.87 0.61 0.49 13.81 1.30 38.66 -3.888 0.000 0.000 -2.318 1.00 0.0000000000 0.0000000000 -0.9163220069 0.4004422302 True False True True
Pedestrian 0.00 0 -1 1798.61 482.28 1832.27 579.44 1.88 0.60 0.46 13.31 1.37 39.13 -3.899 0.000 0.000 -2.328 1.00 0.0000000000 0.0000000000 -0.9184753790 0.3954781639 True False True True
Pedestrian 0.00 0 -1 1753.03 483.32 1789.39 579.08 1.70 0.47 0.39 13.17 1.32 40.31 -3.843 0.000 0.000 -2.272 1.00 0.0000000000 0.0000000000 -0.9068979571 0.4213503239 True False True True
Pedestrian_is_group 0.00 3 -1 1703.28 492.94 1752.09 585.94 1.65 0.65 0.46 12.84 1.38 40.91 -3.811 -0.007 0.009 -2.241 1.00 0.0023635955 0.0051693700 -0.9002135341 0.4354116259 True False True False
Pedestrian 0.00 3 -1 1214.50 493.29 1251.14 618.95 1.69 0.46 0.34 3.39 1.49 32.25 -3.821 0.000 0.000 -2.251 1.00 0.0000000000 0.0000000000 -0.9024120294 0.4308741454 True False True True
