PassengerCar 0.00 0 -1 1088.60 507.10 1200.05 595.15 1.52 1.75 4.22 2.80 1.52 42.95 -1.571 0.000 0.000 0.000 1.00 0.0000000000 0.0000000000 0.0000000000 1.0000000000 True True True False
PassengerCar 0.00 0 -1 582.86 536.56 676.85 591.46 1.47 1.85 5.19 -10.55 2.36 69.73 -4.694 0.038 -0.001 -3.123 1.00 -0.0001763641 -0.0191052148 -0.9997748668 0.0092290465 True True True False
PassengerCar 0.00 0 -1 669.76 541.13 729.60 583.46 -1.00 -1.00 -1.00 -1000.00 -1000.00 -1000.00 -1.000 -1.000 -1.000 -1.000 1.00 -1000.0000000000 -1000.0000000000 -1000.0000000000 -1000.0000000000 True True False False
PassengerCar 0.00 1 -1 721.82 538.02 766.21 575.24 -1.00 -1.00 -1.00 -1000.00 -1000.00 -1000.00 -1.000 -1.000 -1.000 -1.000 1.00 -1000.0000000000 -1000.0000000000 -1000.0000000000 -1000.0000000000 True True False False
PassengerCar 0.00 2 -1 755.43 533.86 825.72 570.48 -1.00 -1.00 -1.00 -1000.00 -1000.00 -1000.00 -1.000 -1.000 -1.000 -1.000 1.00 -1000.0000000000 -1000.0000000000 -1000.0000000000 -1000.0000000000 True True False False
PassengerCar 0.00 0 -1 984.26 524.51 1028.46 563.50 -1.00 -1.00 -1.00 -1000.00 -1000.00 -1000.00 -1.000 -1.000 -1.000 -1.000 1.00 -1000.0000000000 -1000.0000000000 -1000.0000000000 -1000.0000000000 True True False False
PassengerCar 0.00 0 -1 1039.70 523.82 1077.60 559.89 -1.00 -1.00 -1.00 -1000.00 -1000.00 -1000.00 -1.000 -1.000 -1.000 -1.000 1.00 -1000.0000000000 -1000.0000000000 -1000.0000000000 -1000.0000000000 True True False False
PassengerCar 0.00 3 -1 1022.76 523.76 1064.03 558.33 -1.00 -1.00 -1.00 -1000.00 -1000.00 -1000.00 -1.000 -1.000 -1.000 -1.000 1.00 -1000.0000000000 -1000.0000000000 -1000.0000000000 -1000.0000000000 True True False False
LargeVehicle 0.00 1 -1 1145.98 454.76 1244.40 560.19 3.06 2.22 7.85 6.36 1.54 73.29 -1.584 0.017 0.000 -0.013 1.00 0.0086640999 0.0000554281 -0.0063970694 0.9999420022 True True True False
Pedestrian 0.06 0 -1 1356.42 496.43 1375.61 556.38 1.90 0.44 0.30 10.09 1.35 62.72 -1.594 0.000 0.000 -0.023 1.00 0.0000000000 0.0000000000 -0.0117071812 0.9999314686 True True True False
Pedestrian 0.06 0 -1 1378.36 483.48 1398.58 554.18 1.88 0.60 0.50 10.70 1.23 62.96 -3.015 0.000 0.000 -1.445 1.00 0.0000000000 0.0000000000 -0.6611078120 0.7502909175 True True True False
Pedestrian 0.05 0 -1 340.57 529.91 366.11 589.60 1.72 0.70 0.34 -19.38 2.39 71.78 -1.571 0.000 0.000 0.000 1.00 0.0000000000 0.0000000000 0.0000000000 1.0000000000 True True True False
Pedestrian 0.06 0 -1 1629.75 483.53 1651.35 550.30 1.35 0.21 0.42 13.27 0.86 47.91 -2.870 0.000 0.000 -1.299 1.00 0.0000000000 0.0000000000 -0.6048695829 0.7963245492 True False True False
Pedestrian 0.00 0 -1 916.36 526.32 931.41 567.59 -1.00 -1.00 -1.00 -1000.00 -1000.00 -1000.00 -1.000 -1.000 -1.000 -1.000 1.00 -1000.0000000000 -1000.0000000000 -1000.0000000000 -1000.0000000000 True True False False
Pedestrian 0.00 0 -1 826.24 534.59 837.93 564.38 -1.00 -1.00 -1.00 -1000.00 -1000.00 -1000.00 -1.000 -1.000 -1.000 -1.000 1.00 -1000.0000000000 -1000.0000000000 -1000.0000000000 -1000.0000000000 True False False False
