PassengerCar 0.00 0 -1 1287.43 495.55 1578.64 683.79 1.40 1.98 4.01 3.43 1.31 19.00 -1.546 0.000 0.000 0.025 1.00 0.0000000000 0.0000000000 0.0125539406 0.9999211962 True True True False
PassengerCar 0.35 1 -1 1644.98 488.00 1920.00 702.93 1.37 1.81 3.77 6.12 1.25 17.08 -1.516 0.051 0.015 0.055 1.00 0.0251828370 0.0083979240 0.0273488547 0.9992734059 True False True False
PassengerCar 0.00 2 -1 1545.68 488.80 1750.02 646.05 1.38 1.64 3.56 6.56 1.21 23.58 -1.541 0.065 0.018 0.030 1.00 0.0323363335 0.0095852099 0.0145367087 0.9993253571 True False True False
PassengerCar 0.00 3 -1 1435.62 485.96 1592.80 619.01 1.45 1.35 3.36 6.51 1.25 28.92 -1.554 0.068 -0.001 0.017 1.00 0.0339252078 -0.0002887976 0.0085075643 0.9993881219 True False True False
PassengerCar 0.00 0 -1 1033.99 514.89 1086.14 565.33 -1.00 -1.00 -1.00 -1000.00 -1000.00 -1000.00 -1.000 -1.000 -1.000 -1.000 1.00 -1000.0000000000 -1000.0000000000 -1000.0000000000 -1000.0000000000 True True False False
PassengerCar 0.00 0 -1 1107.10 518.82 1148.46 554.76 -1.00 -1.00 -1.00 -1000.00 -1000.00 -1000.00 -1.000 -1.000 -1.000 -1.000 1.00 -1000.0000000000 -1000.0000000000 -1000.0000000000 -1000.0000000000 True True False False
PassengerCar 0.00 2 -1 1145.45 520.37 1190.42 548.98 -1.00 -1.00 -1.00 -1000.00 -1000.00 -1000.00 -1.000 -1.000 -1.000 -1.000 1.00 -1000.0000000000 -1000.0000000000 -1000.0000000000 -1000.0000000000 True True False False
PassengerCar 0.00 2 -1 1192.43 511.91 1242.80 557.74 -1.00 -1.00 -1.00 -1000.00 -1000.00 -1000.00 -1.000 -1.000 -1.000 -1.000 1.00 -1000.0000000000 -1000.0000000000 -1000.0000000000 -1000.0000000000 True True False False
PassengerCar 0.00 2 -1 1226.65 495.62 1299.65 565.53 2.01 1.98 4.50 7.99 1.63 68.21 -1.457 0.000 0.000 0.114 1.00 0.0000000000 0.0000000000 0.0569612657 0.9983763890 True True True False
PassengerCar 0.00 2 -1 1256.89 489.68 1353.28 576.42 1.94 1.75 4.14 7.55 1.56 56.43 -1.555 0.033 -0.001 0.016 1.00 0.0162702132 -0.0001264627 0.0077713896 0.9998374216 True True True False
PassengerCar 0.00 3 -1 1333.85 467.24 1468.00 594.10 1.96 1.95 4.22 6.94 1.30 39.18 -1.514 0.080 -0.002 0.057 1.00 0.0401163662 0.0001439527 0.0282938504 0.9987943304 True True True False
PassengerCar_is_group 0.00 3 -1 1277.42 495.58 1385.69 578.09 1.69 2.02 9.72 7.38 1.50 48.61 -1.544 0.042 -0.001 0.026 1.00 0.0210255702 -0.0002771260 0.0131763698 0.9996920685 True True True False
DontCare 0.00 -1 -1 505.17 500.30 951.95 597.72 1.50 2.51 39.94 -6.03 1.50 56.56 -4.686 -0.008 0.000 -3.115 1.00 0.0000519123 0.0039153873 -0.9999044514 0.0132572669 False False False False
DontCare 0.28 -1 -1 0.00 520.56 289.50 637.26 1.33 1.82 4.17 -10.37 1.45 26.96 -4.680 0.010 -0.000 -3.109 1.00 -0.0000827632 -0.0050787675 -0.9998543495 0.0162935280 False False False False
DontCare 0.00 -1 -1 1080.44 526.08 1108.02 545.13 -1.00 -1.00 -1.00 -1000.00 -1000.00 -1000.00 -1.000 -1.000 -1.000 -1.000 1.00 -1000.0000000000 -1000.0000000000 -1000.0000000000 -1000.0000000000 False False False False
DontCare 0.00 -1 -1 173.34 511.78 283.90 589.20 -1.00 -1.00 -1.00 -1000.00 -1000.00 -1000.00 -1.000 -1.000 -1.000 -1.000 1.00 -1000.0000000000 -1000.0000000000 -1000.0000000000 -1000.0000000000 False False False False
Obstacle 0.28 3 -1 1880.07 445.08 1920.00 593.10 1.58 0.38 0.47 9.86 0.92 25.27 1.515 0.000 0.000 3.086 1.00 0.0000000000 0.0000000000 0.9996068483 0.0280383460 True False True False
Obstacle 0.00 3 -1 1824.24 452.99 1867.17 572.06 1.71 0.42 0.39 12.31 0.92 33.72 -1.560 0.000 0.000 0.011 1.00 0.0000000000 0.0000000000 0.0054847398 0.9999849587 True False True False
Obstacle 0.05 3 -1 1746.21 466.47 1771.20 544.82 1.16 0.27 0.31 11.46 0.55 35.02 -1.571 0.000 0.000 0.000 1.00 0.0000000000 0.0000000000 0.0000000000 1.0000000000 True False True False
Obstacle 0.00 3 -1 1760.55 461.19 1790.92 542.59 1.18 0.30 0.37 11.58 0.50 34.63 -1.571 0.017 0.000 0.000 1.00 0.0086558609 0.0000000000 0.0000000000 0.9999625373 True False True False
Obstacle 0.00 3 -1 1632.06 464.93 1670.20 562.98 1.37 0.37 0.36 9.52 0.78 33.86 -1.571 0.035 0.000 0.000 1.00 0.0173879958 0.0000000000 0.0000000000 0.9998488174 True False True False
Obstacle 0.00 3 -1 1538.60 474.01 1566.31 540.59 1.05 0.34 0.41 8.94 0.52 37.26 -1.571 0.000 0.000 0.000 1.00 0.0000000000 0.0000000000 0.0000000000 1.0000000000 True False True True
Obstacle 0.00 3 -1 1577.85 473.53 1642.33 555.95 1.36 0.89 0.66 10.35 0.79 39.20 -1.595 -0.003 -0.005 -0.024 1.00 -0.0016910382 -0.0025975608 -0.0120028316 0.9999231596 True False True False
Obstacle 0.05 3 -1 1744.70 460.51 1768.76 542.41 1.25 0.29 0.23 11.77 0.52 36.06 -1.571 0.000 0.000 0.000 1.00 0.0000000000 0.0000000000 0.0000000000 1.0000000000 True False True False
Pedestrian 0.00 0 -1 1175.62 511.77 1188.18 553.58 -1.00 -1.00 -1.00 -1000.00 -1000.00 -1000.00 -1.000 -1.000 -1.000 -1.000 1.00 -1000.0000000000 -1000.0000000000 -1000.0000000000 -1000.0000000000 True True False False
