PassengerCar 0.57 0 -1 591.62 447.43 1337.93 1024.00 1.71 1.83 3.86 -2.64 1.27 7.18 -1.547 -0.006 0.009 0.024 1.00 -0.0030563903 0.0042904466 0.0120195085 0.9999138873 True True True False
PassengerCar 0.00 0 -1 761.96 472.65 1180.96 775.78 1.42 1.87 2.73 -0.05 1.26 7.32 -1.571 0.006 0.000 0.000 1.00 0.0031974383 0.0000000000 0.0000000000 0.9999948882 True True True False
PassengerCar 0.00 3 -1 0.00 330.41 522.83 1024.00 1.39 2.15 3.85 -0.05 1.13 13.54 -1.623 0.002 -0.034 -0.053 1.00 0.0004479613 -0.0170619200 -0.0262421665 0.9995098994 False False True False
PassengerCar 0.00 2 -1 1626.25 393.50 1920.00 802.36 1.36 1.87 4.24 2.91 1.20 19.03 -1.571 0.031 0.000 0.000 1.00 0.0156560692 0.0000000000 0.0000000000 0.9998774362 True True True False
PassengerCar 0.00 1 -1 1313.40 465.60 1725.72 754.81 1.35 1.83 4.27 2.90 1.15 12.95 -1.509 0.030 -0.017 0.062 1.00 0.0153645061 -0.0077808037 0.0311519773 0.9993662719 True True True False
PassengerCar 0.50 0 -1 1231.18 483.43 1454.56 641.89 1.44 1.91 3.86 3.92 1.14 9.72 -1.133 0.013 -0.041 0.438 1.00 0.0106895552 -0.0185392421 0.2171187577 0.9759105876 True False True False
PassengerCar 0.00 0 -1 495.82 531.05 580.70 587.71 1.58 2.02 4.23 -12.40 2.32 65.38 1.515 0.001 -0.013 3.086 1.00 0.0062788407 0.0001753471 0.9995905577 0.0279152697 True True True False
PassengerCar 0.00 2 -1 583.60 529.44 648.64 580.28 1.49 1.79 3.83 -11.11 2.19 71.65 -4.702 0.000 0.000 -3.131 1.00 0.0000000000 0.0000000000 -0.9999865798 0.0051807573 True True True False
PassengerCar 0.00 1 -1 623.11 528.92 698.96 578.32 1.57 1.92 4.23 -8.76 2.08 64.85 1.564 0.000 -0.003 3.135 1.00 0.0016041327 0.0000055426 0.9999927443 0.0034551561 True True True False
DontCare 0.00 -1 -1 784.48 524.87 820.83 547.03 -1.00 -1.00 -1.00 -1000.00 -1000.00 -1000.00 -1.000 -1.000 -1.000 -1.000 1.00 -1000.0000000000 -1000.0000000000 -1000.0000000000 -1000.0000000000 -1 -1 -1 -1
