PassengerCar 0.00 2 -1 646.16 522.35 917.46 632.96 1.56 1.72 3.86 -2.82 1.72 32.84 -2.453 0.000 0.000 -0.882 1.00 0.0000000000 0.0000000000 -0.4270443408 0.9042306846 True True True False
PassengerCar 0.00 3 -1 512.87 511.70 827.65 640.73 1.58 1.82 3.89 -4.08 1.64 30.60 -2.604 0.000 0.000 -1.033 1.00 0.0000000000 0.0000000000 -0.4938787708 0.8695307699 True True True False
PassengerCar 0.00 2 -1 479.08 513.21 823.27 635.23 1.49 1.81 4.37 -4.24 1.48 28.25 -2.705 0.000 0.000 -1.135 1.00 0.0000000000 0.0000000000 -0.5373932406 0.8433317882 True True True False
PassengerCar 0.00 2 -1 371.30 505.32 775.76 668.23 1.44 1.70 3.98 -3.71 1.38 21.93 -2.537 0.003 -0.002 -0.966 1.00 0.0008109700 -0.0018170531 -0.4646058622 0.8855153491 True True True False
PassengerCar 0.00 0 -1 62.96 480.18 666.36 704.30 1.44 1.77 4.40 -4.38 1.26 16.53 -2.688 -0.003 -0.001 -1.117 1.00 -0.0017170551 0.0002118161 -0.5300461942 0.8479670034 True True True False
PassengerCar 0.85 0 -1 1767.22 473.66 1920.00 836.32 1.53 1.86 3.71 4.67 1.43 9.16 -1.658 0.000 0.000 -0.087 1.00 0.0000000000 0.0000000000 -0.0434064822 0.9990574945 True False True False
PassengerCar 0.00 1 -1 1170.44 524.80 1291.82 614.27 1.42 1.81 4.06 4.09 1.65 39.43 -1.538 0.000 0.000 0.033 1.00 0.0000000000 0.0000000000 0.0163791491 0.9998658527 True True True False
PassengerCar 0.00 3 -1 686.86 524.41 924.37 631.15 -1.00 -1.00 -1.00 -1000.00 -1000.00 -1000.00 -1.000 -1.000 -1.000 -1.000 1.00 -1000.0000000000 -1000.0000000000 -1000.0000000000 -1000.0000000000 True True False False
DontCare 0.00 -1 -1 1246.71 435.40 1699.27 733.93 1.92 2.61 4.23 3.30 1.41 16.48 -1.632 -0.020 -0.001 -0.061 1.00 -0.0098199047 -0.0002995436 -0.0304880692 0.9994868470 False False False False
Vehicle 0.00 0 -1 181.71 492.74 689.63 678.33 1.43 1.77 3.95 -4.84 1.28 19.83 -2.679 0.000 0.000 -1.108 1.00 0.0000000000 0.0000000000 -0.5261003679 0.8504224850 False False True False
LargeVehicle 0.00 0 -1 987.93 485.69 1085.35 598.15 2.19 2.02 4.47 0.96 1.75 50.72 -1.556 0.000 0.000 0.015 1.00 0.0000000000 0.0000000000 0.0076380827 0.9999708294 True True True False
Pedestrian 0.00 1 -1 1695.93 454.58 1807.88 751.90 1.82 0.66 0.59 4.73 1.49 14.45 -1.353 0.000 -0.013 0.218 1.00 0.0007161190 -0.0065574260 0.1085595186 0.9940680652 True False True False
