PassengerCar 0.00 1 -1 1030.88 516.30 1099.75 574.16 1.40 1.83 4.13 2.14 1.65 62.23 -1.631 0.000 0.000 -0.060 1.00 0.0000000000 0.0000000000 -0.0299741982 0.9995506728 True True True False
PassengerCar 0.00 0 -1 773.99 528.74 807.17 559.02 -1.00 -1.00 -1.00 -1000.00 -1000.00 -1000.00 -1.000 -1.000 -1.000 -1.000 1.00 -1000.0000000000 -1000.0000000000 -1000.0000000000 -1000.0000000000 True True False False
PassengerCar 0.00 0 -1 814.70 534.63 840.20 556.27 -1.00 -1.00 -1.00 -1000.00 -1000.00 -1000.00 -1.000 -1.000 -1.000 -1.000 1.00 -1000.0000000000 -1000.0000000000 -1000.0000000000 -1000.0000000000 True True False False
PassengerCar 0.00 0 -1 853.33 529.63 895.03 561.29 -1.00 -1.00 -1.00 -1000.00 -1000.00 -1000.00 -1.000 -1.000 -1.000 -1.000 1.00 -1000.0000000000 -1000.0000000000 -1000.0000000000 -1000.0000000000 True True False False
PassengerCar 0.00 2 -1 882.03 513.28 986.24 561.72 -1.00 -1.00 -1.00 -1000.00 -1000.00 -1000.00 -1.000 -1.000 -1.000 -1.000 1.00 -1000.0000000000 -1000.0000000000 -1000.0000000000 -1000.0000000000 True True False False
PassengerCar 0.00 2 -1 950.54 524.10 1001.03 565.07 -1.00 -1.00 -1.00 -1000.00 -1000.00 -1000.00 -1.000 -1.000 -1.000 -1.000 1.00 -1000.0000000000 -1000.0000000000 -1000.0000000000 -1000.0000000000 True True False False
PassengerCar 0.00 1 -1 997.91 522.55 1065.86 569.03 1.32 1.67 3.74 1.26 1.75 69.00 -1.640 0.000 0.000 -0.069 1.00 0.0000000000 0.0000000000 -0.0344570832 0.9994061784 True True True False
DontCare 0.00 -1 -1 611.43 534.04 723.81 561.51 -1.00 -1.00 -1.00 -1000.00 -1000.00 -1000.00 -1.000 -1.000 -1.000 -1.000 1.00 -1000.0000000000 -1000.0000000000 -1000.0000000000 -1000.0000000000 False False False False
DontCare 0.00 -1 -1 380.55 533.70 423.77 591.14 -1.00 -1.00 -1.00 -1000.00 -1000.00 -1000.00 -1.000 -1.000 -1.000 -1.000 1.00 -1000.0000000000 -1000.0000000000 -1000.0000000000 -1000.0000000000 False False False False
DontCare 0.00 -1 -1 801.09 535.11 860.47 554.90 -1.00 -1.00 -1.00 -1000.00 -1000.00 -1000.00 -1.000 -1.000 -1.000 -1.000 1.00 -1000.0000000000 -1000.0000000000 -1000.0000000000 -1000.0000000000 False False False False
Pedestrian 0.27 0 -1 1878.50 435.27 1911.94 556.64 1.69 0.59 0.48 13.07 0.66 33.54 1.308 0.008 0.002 2.879 1.00 -0.0005544214 0.0041993422 0.9913880213 0.1308886910 True False True False
Pedestrian 0.00 0 -1 1710.63 454.56 1738.29 550.04 1.52 0.50 0.41 13.58 0.53 43.32 -3.376 0.000 0.000 -1.805 1.00 0.0000000000 0.0000000000 -0.7849508131 0.6195580853 True False True False
Pedestrian 0.00 1 -1 1688.75 455.03 1718.82 542.44 1.67 0.62 0.50 13.53 0.64 44.34 -4.452 0.000 0.000 -2.881 1.00 0.0000000000 0.0000000000 -0.9915541200 0.1296935892 True False True False
Pedestrian 0.00 1 -1 1599.13 454.09 1633.58 552.43 1.83 0.44 0.53 11.79 0.84 44.18 -1.892 0.000 0.000 -0.321 1.00 0.0000000000 0.0000000000 -0.1598381360 0.9871432370 True False True False
Pedestrian 0.06 0 -1 423.02 534.52 445.47 589.71 1.71 0.83 0.77 -17.85 2.57 75.93 -0.254 0.000 0.000 1.316 1.00 0.0000000000 0.0000000000 0.6117117483 0.7910807399 True True True False
Pedestrian 0.00 0 -1 322.47 543.74 343.27 596.17 -1.00 -1.00 -1.00 -1000.00 -1000.00 -1000.00 -1.000 -1.000 -1.000 -1.000 1.00 -1000.0000000000 -1000.0000000000 -1000.0000000000 -1000.0000000000 True False False True
Pedestrian 0.05 0 -1 1265.58 487.67 1287.25 544.98 1.90 0.77 0.67 8.78 1.29 71.62 -1.447 0.013 0.000 0.123 1.00 0.0066970658 0.0004136137 0.0616415941 0.9980757948 True False True False
Pedestrian 0.00 0 -1 1503.37 468.67 1540.55 542.60 -1.00 -1.00 -1.00 -1000.00 -1000.00 -1000.00 -1.000 -1.000 -1.000 -1.000 1.00 -1000.0000000000 -1000.0000000000 -1000.0000000000 -1000.0000000000 True True False False
Pedestrian 0.00 2 -1 1205.95 490.98 1236.13 578.79 2.33 0.72 0.63 6.20 1.88 62.76 1.545 0.000 0.000 3.116 1.00 0.0000000000 0.0000000000 0.9999160444 0.0129577803 True True True True
Pedestrian 0.00 2 -1 1392.05 469.65 1428.06 563.39 1.75 0.80 0.51 8.07 1.00 45.38 -4.658 0.039 -0.002 -3.087 1.00 -0.0005306406 -0.0195299949 -0.9994402886 0.0271552427 True False True True
Pedestrian 0.00 1 -1 992.36 516.56 1008.19 565.83 -1.00 -1.00 -1.00 -1000.00 -1000.00 -1000.00 -1.000 -1.000 -1.000 -1.000 1.00 -1000.0000000000 -1000.0000000000 -1000.0000000000 -1000.0000000000 True True False False
