PassengerCar 0.81 0 -1 0.00 462.37 150.27 883.64 1.41 1.82 3.87 -4.87 1.25 8.56 -2.599 0.000 0.000 -1.028 1.00 0.0000000000 0.0000000000 -0.4916641166 0.8707849312 True False True False
PassengerCar 0.43 1 -1 0.00 480.92 421.74 777.91 1.38 1.96 3.90 -4.54 1.24 11.47 -2.556 0.000 0.000 -0.985 1.00 0.0000000000 0.0000000000 -0.4729886197 0.8810685363 True True True False
PassengerCar 0.26 2 -1 0.00 499.70 488.74 721.82 1.46 1.75 3.80 -5.18 1.31 14.84 -2.750 0.000 0.000 -1.179 1.00 0.0000000000 0.0000000000 -0.5560964697 0.8311177512 True True True False
PassengerCar 0.00 3 -1 0.00 502.49 493.89 677.65 1.47 1.54 3.83 -5.84 1.46 18.49 -2.733 0.000 0.000 -1.162 1.00 0.0000000000 0.0000000000 -0.5490563061 0.8357853629 True True True False
PassengerCar 0.00 2 -1 135.46 501.52 596.48 668.84 1.44 1.84 3.81 -5.07 1.31 20.83 -2.618 0.000 0.000 -1.047 1.00 0.0000000000 0.0000000000 -0.4999571303 0.8660501532 True True True True
PassengerCar 0.00 3 -1 107.71 492.71 521.82 658.12 1.62 1.75 3.83 -7.19 1.62 24.57 -2.799 0.000 0.000 -1.228 1.00 0.0000000000 0.0000000000 -0.5762128377 0.8172996793 True True True False
PassengerCar 0.00 3 -1 322.31 504.52 607.52 622.20 1.62 1.73 3.83 -6.39 1.58 30.03 -2.555 0.000 0.000 -0.984 1.00 0.0000000000 0.0000000000 -0.4723610944 0.8814051262 True True True False
PassengerCar 0.00 3 -1 396.75 513.15 657.78 609.66 1.38 1.74 3.32 -6.24 1.40 32.33 -2.623 0.000 0.000 -1.052 1.00 0.0000000000 0.0000000000 -0.5022766640 0.8647069751 True False True False
PassengerCar 0.00 3 -1 133.03 492.24 498.90 631.11 1.50 1.47 3.92 -7.71 1.48 26.90 -2.730 0.000 0.000 -1.160 1.00 0.0000000000 0.0000000000 -0.5478713348 0.8365626100 False False True True
PassengerCar 0.00 3 -1 450.22 505.84 704.45 588.35 1.52 1.75 4.45 -7.75 1.52 44.42 -2.782 0.000 0.000 -1.211 1.00 0.0000000000 0.0000000000 -0.5693555077 0.8220914219 True False True True
PassengerCar 0.00 3 -1 377.72 495.17 626.96 595.74 1.62 1.87 3.74 -8.18 1.56 39.69 -2.697 0.001 0.002 -1.126 1.00 0.0007740231 0.0004887444 -0.5339050837 0.8455439218 True False True False
PassengerCar 0.00 0 -1 597.45 501.14 904.78 751.92 1.33 1.86 3.87 -1.30 1.32 14.56 -1.619 0.000 0.000 -0.048 1.00 0.0000000000 0.0000000000 -0.0240910960 0.9997097674 True True True False
PassengerCar 0.00 2 -1 729.61 507.27 1018.59 671.13 1.49 1.72 3.49 -1.08 1.47 22.47 -2.036 -0.002 0.005 -0.465 1.00 -0.0006499536 0.0026214796 -0.2305020515 0.9730680910 True True True False
PassengerCar 0.00 0 -1 1002.90 419.72 1437.23 773.42 1.73 1.92 4.23 1.19 1.24 13.13 -1.684 0.000 0.000 -0.113 1.00 0.0000000000 0.0000000000 -0.0563912267 0.9984087487 True True True False
PassengerCar 0.00 2 -1 927.47 513.12 1175.58 653.15 1.48 1.82 3.86 0.60 1.48 26.08 -1.802 0.000 0.000 -0.231 1.00 0.0000000000 0.0000000000 -0.1154793706 0.9933098786 True True True False
PassengerCar 0.60 0 -1 1585.06 451.36 1920.00 893.83 1.44 1.83 4.27 3.62 1.22 9.25 -1.602 -0.002 0.005 -0.031 1.00 -0.0012112181 0.0023072662 -0.0154002826 0.9998780129 True False True False
PassengerCar 0.00 1 -1 1328.77 428.24 1895.40 753.15 1.71 1.88 3.86 3.34 1.25 13.44 -1.617 -0.008 0.004 -0.046 1.00 -0.0041839984 0.0020066568 -0.0228589342 0.9997279313 True True True False
PassengerCar 0.00 3 -1 895.81 501.27 1005.53 631.76 1.68 1.65 3.81 -0.38 1.55 32.20 -1.571 0.000 0.000 0.000 1.00 0.0000000000 0.0000000000 0.0000000000 1.0000000000 True True True False
PassengerCar 0.00 3 -1 834.55 501.03 935.60 575.81 1.37 1.72 3.84 -1.91 1.20 42.75 -1.689 0.000 0.000 -0.119 1.00 0.0000000000 0.0000000000 -0.0592948508 0.9982405124 True True True False
Vehicle 0.00 3 -1 595.00 505.00 758.00 562.00 1.45 1.73 3.87 -8.20 1.40 62.15 -2.847 0.000 0.000 -1.276 1.00 0.0000000000 0.0000000000 -0.5957303741 0.8031844878 False False True True
Vehicle 0.00 3 -1 584.00 504.00 740.00 559.00 1.50 1.83 3.93 -9.10 1.42 65.90 -2.877 0.000 0.000 -1.307 1.00 0.0000000000 0.0000000000 -0.6077899705 0.7940978226 False False True True
Vehicle 0.00 3 -1 561.00 504.00 746.00 570.00 1.43 1.78 3.84 -7.65 1.37 53.90 -2.687 -0.011 0.011 -1.117 1.00 -0.0017815534 0.0078515156 -0.5296963711 0.8481491227 False False True True
Vehicle 0.00 3 -1 849.00 501.00 921.00 563.00 1.61 1.81 3.85 -2.75 1.46 63.84 -1.583 0.000 0.000 -0.012 1.00 0.0000000000 0.0000000000 -0.0060037870 0.9999819771 False False True True
Obstacle 0.00 3 -1 1766.08 430.91 1834.75 692.50 1.73 0.51 0.29 5.46 1.21 15.60 1.375 0.000 0.000 2.946 1.00 0.0000000000 0.0000000000 0.9952156619 0.0977025404 True False True False
Obstacle 0.00 3 -1 1822.67 422.98 1920.00 683.36 1.74 0.41 0.53 5.92 1.17 15.85 1.424 0.000 0.000 2.994 1.00 0.0000000000 0.0000000000 0.9972939820 0.0735167565 True False True False
Obstacle 0.00 2 -1 1009.09 483.98 1032.16 553.69 1.43 0.37 0.39 0.65 0.93 47.61 -2.529 0.000 0.000 -0.958 1.00 0.0000000000 0.0000000000 -0.4608302486 0.8874882996 True False True False
