PassengerCar 0.69 0 -1 0.00 450.54 479.07 1024.00 1.44 1.85 4.38 -2.83 1.25 6.95 -1.521 0.000 0.000 0.050 1.00 0.0000000000 0.0000000000 0.0247762417 0.9996930218 True True True False
PassengerCar 0.00 0 -1 920.47 503.96 1208.50 713.31 1.29 2.10 4.24 0.57 1.25 16.31 -1.584 0.000 0.000 -0.013 1.00 0.0000000000 0.0000000000 -0.0065113698 0.9999788008 True True True False
PassengerCar 0.58 0 -1 1514.17 360.57 1920.00 882.59 1.76 2.02 4.57 3.45 1.20 9.19 -1.571 0.000 0.000 0.000 1.00 0.0000000000 0.0000000000 0.0000000000 1.0000000000 True True True False
PassengerCar 0.00 1 -1 1364.99 467.97 1731.49 756.33 1.49 1.32 3.58 3.20 1.29 14.06 -1.571 0.009 0.004 0.000 1.00 0.0042954344 0.0021802266 -0.0000093651 0.9999883978 True True True False
PassengerCar 0.00 1 -1 1279.58 426.51 1592.44 689.81 1.89 1.87 4.47 3.48 1.22 18.44 -1.585 -0.000 0.005 -0.015 1.00 -0.0000182923 0.0025026133 -0.0073090617 0.9999701567 True True True False
PassengerCar 0.00 3 -1 1248.67 485.03 1721.57 649.39 1.48 1.85 4.06 4.61 1.28 22.28 -3.160 0.000 0.000 -1.589 1.00 0.0000000000 0.0000000000 -0.7135061306 0.7006489860 True True True False
PassengerCar 0.00 0 -1 768.16 503.51 913.08 610.45 1.45 1.66 3.94 -2.07 1.40 33.97 -1.522 0.000 0.000 0.049 1.00 0.0000000000 0.0000000000 0.0245062376 0.9996996771 True True True False
PassengerCar 0.00 1 -1 478.22 507.91 650.42 595.90 1.50 1.99 4.29 -6.98 1.47 38.72 -4.708 0.000 0.000 -3.137 1.00 0.0000000000 0.0000000000 -0.9999974960 0.0022378524 True True True False
PassengerCar 0.00 2 -1 159.17 508.15 346.65 601.63 1.50 1.69 4.10 -12.37 1.52 39.90 -4.653 0.000 0.000 -3.082 1.00 0.0000000000 0.0000000000 -0.9995533872 0.0298835415 True False True False
PassengerCar 0.00 2 -1 270.82 504.50 405.58 591.30 1.44 1.88 3.56 -12.22 1.39 44.54 -4.656 0.000 0.000 -3.085 1.00 0.0000000000 0.0000000000 -0.9995955301 0.0284389919 True False True False
PassengerCar 0.00 1 -1 344.43 486.78 492.39 578.45 1.80 1.90 4.56 -11.77 1.35 48.65 -4.645 0.000 0.000 -3.074 1.00 0.0000000000 0.0000000000 -0.9994241706 0.0339312127 True False True False
PassengerCar 0.00 3 -1 457.90 497.42 561.52 566.72 1.60 1.55 4.27 -11.41 1.37 56.43 -4.696 0.000 0.000 -3.125 1.00 0.0000000000 0.0000000000 -0.9999660766 0.0082368427 True False True False
PassengerCar 0.00 2 -1 741.72 505.84 838.71 562.66 1.64 1.81 4.17 -5.95 1.45 70.26 -4.522 0.000 0.000 -2.951 1.00 0.0000000000 0.0000000000 -0.9954636684 0.0951424448 True True True False
PassengerCar 0.00 3 -1 1237.81 484.70 1452.63 633.86 1.51 1.85 3.81 3.83 1.30 25.84 -1.549 -0.000 -0.006 0.021 1.00 -0.0000331163 -0.0030886459 0.0107212711 0.9999377548 True True True False
PassengerCar 0.00 3 -1 1224.95 494.53 1399.44 626.61 1.56 1.79 4.02 4.05 1.39 30.00 -1.539 0.000 0.015 0.032 1.00 0.0001219720 0.0076392694 0.0159639438 0.9998433773 True True True False
PassengerCar 0.00 3 -1 891.92 511.80 953.95 552.13 -1.00 -1.00 -1.00 -1000.00 -1000.00 -1000.00 -1.000 -1.000 -1.000 -1.000 1.00 -1000.0000000000 -1000.0000000000 -1000.0000000000 -1000.0000000000 True False False False
Vehicle 0.00 3 -1 544.02 495.66 632.91 559.93 1.68 1.60 4.26 -10.77 1.37 63.72 -4.693 0.000 0.000 -3.122 1.00 0.0000000000 0.0000000000 -0.9999534211 0.0096517143 True True True False
Obstacle 0.00 2 -1 1119.55 482.90 1133.89 522.92 -1.00 -1.00 -1.00 -1000.00 -1000.00 -1000.00 -1.000 -1.000 -1.000 -1.000 1.00 -1000.0000000000 -1000.0000000000 -1000.0000000000 -1000.0000000000 True False False True
Obstacle 0.00 3 -1 1131.64 484.14 1141.30 519.22 -1.00 -1.00 -1.00 -1000.00 -1000.00 -1000.00 -1.000 -1.000 -1.000 -1.000 1.00 -1000.0000000000 -1000.0000000000 -1000.0000000000 -1000.0000000000 True False False True
Obstacle 0.00 3 -1 1138.57 482.65 1149.19 516.99 -1.00 -1.00 -1.00 -1000.00 -1000.00 -1000.00 -1.000 -1.000 -1.000 -1.000 1.00 -1000.0000000000 -1000.0000000000 -1000.0000000000 -1000.0000000000 True False False True
Obstacle 0.00 3 -1 1148.45 482.90 1159.08 514.03 -1.00 -1.00 -1.00 -1000.00 -1000.00 -1000.00 -1.000 -1.000 -1.000 -1.000 1.00 -1000.0000000000 -1000.0000000000 -1000.0000000000 -1000.0000000000 True False False True
Obstacle 0.00 2 -1 770.64 498.46 794.40 549.19 -1.00 -1.00 -1.00 -1000.00 -1000.00 -1000.00 -1.000 -1.000 -1.000 -1.000 1.00 -1000.0000000000 -1000.0000000000 -1000.0000000000 -1000.0000000000 True False False True
Pedestrian 0.00 0 -1 1167.71 484.38 1183.04 516.74 -1.00 -1.00 -1.00 -1000.00 -1000.00 -1000.00 -1.000 -1.000 -1.000 -1.000 1.00 -1000.0000000000 -1000.0000000000 -1000.0000000000 -1000.0000000000 True False False False
Pedestrian 0.08 2 -1 654.50 500.33 673.15 554.14 1.62 0.51 0.59 -10.55 1.50 75.63 1.454 0.000 0.000 3.025 1.00 0.0000000000 0.0000000000 0.9982944938 0.0583789662 True True True True
Pedestrian 0.07 2 -1 686.17 502.94 707.11 559.73 1.61 0.58 0.54 -9.42 1.46 74.99 1.467 0.000 0.000 3.038 1.00 0.0000000000 0.0000000000 0.9986631948 0.0516896841 True True True True
Pedestrian 0.00 2 -1 733.29 500.73 747.23 540.55 -1.00 -1.00 -1.00 -1000.00 -1000.00 -1000.00 -1.000 -1.000 -1.000 -1.000 1.00 -1000.0000000000 -1000.0000000000 -1000.0000000000 -1000.0000000000 True True False True
