PassengerCar 0.00 1 -1 606.74 442.22 1178.33 636.33 1.53 1.83 4.11 -0.66 1.05 17.99 -3.676 0.000 0.000 -2.105 1.00 0.0000000000 0.0000000000 -0.8687676790 0.4952198703 True True True False
PassengerCar 0.00 0 -1 1226.72 474.38 1615.71 634.82 1.63 1.74 3.95 4.57 1.25 24.75 -3.710 0.005 0.004 -2.139 1.00 0.0028960928 -0.0015297660 -0.8770386121 0.4804087274 True True True False
PassengerCar 0.00 2 -1 1120.63 497.67 1302.03 580.36 1.63 1.61 3.45 4.55 1.45 48.29 -2.354 -0.016 -0.016 -0.784 1.00 -0.0103261901 -0.0042673127 -0.3819004875 0.9241359085 True True True False
PassengerCar 0.78 0 -1 1835.00 501.12 1920.00 626.24 1.42 1.83 4.11 11.36 1.27 25.70 -3.719 0.000 0.000 -2.148 1.00 0.0000000000 0.0000000000 -0.8790588554 0.4767132564 True False True False
Pedestrian 0.00 0 -1 179.21 435.37 257.52 584.71 1.72 0.52 0.73 -8.42 0.92 25.72 -3.477 0.000 0.000 -1.906 1.00 0.0000000000 0.0000000000 -0.8152354094 0.5791297155 True False True False
Pedestrian 0.00 0 -1 338.77 446.12 413.11 597.15 1.72 0.49 0.80 -7.06 1.00 27.13 -3.515 0.000 0.000 -1.944 1.00 0.0000000000 0.0000000000 -0.8259326199 0.5637688422 True True True False
Pedestrian 0.00 1 -1 314.05 443.27 398.76 593.80 1.77 0.63 1.01 -7.46 1.01 27.76 -3.520 0.000 0.000 -1.949 1.00 0.0000000000 0.0000000000 -0.8273528238 0.5616825660 True False True False
Pedestrian 0.00 0 -1 268.50 440.85 333.16 592.76 1.78 0.63 0.60 -8.19 1.00 28.08 -3.674 0.000 0.000 -2.103 1.00 0.0000000000 0.0000000000 -0.8681943874 0.4962242494 True False True False
Pedestrian 0.00 2 -1 286.83 444.61 329.01 584.19 1.64 0.52 0.53 -8.41 0.85 28.90 -3.734 0.000 0.000 -2.164 1.00 0.0000000000 0.0000000000 -0.8827987654 0.4697513596 True False True True
Pedestrian 0.00 0 -1 394.01 436.85 447.62 587.38 1.86 0.56 0.56 -7.00 1.00 28.98 -3.786 0.000 0.000 -2.215 1.00 0.0000000000 0.0000000000 -0.8945513416 0.4469652082 True True True False
Pedestrian 0.00 1 -1 621.87 445.42 676.67 577.70 1.82 0.38 0.54 -4.19 1.03 29.02 -2.382 0.000 0.000 -0.811 1.00 0.0000000000 0.0000000000 -0.3945754732 0.9188635350 True True True False
Pedestrian 0.00 2 -1 667.04 455.08 704.11 570.58 1.51 0.36 0.41 -3.99 0.82 31.10 -4.471 0.000 0.000 -2.901 1.00 0.0000000000 0.0000000000 -0.9927538790 0.1201654512 True True True False
Pedestrian 0.00 2 -1 599.37 449.30 646.36 585.85 1.77 0.58 0.50 -4.95 0.97 31.46 1.419 0.000 0.000 2.990 1.00 0.0000000000 0.0000000000 0.9971112188 0.0759553645 True True True True
Pedestrian 0.00 2 -1 1147.54 469.18 1190.70 623.32 1.76 0.54 0.46 2.03 1.35 27.22 1.458 0.000 0.000 3.029 1.00 0.0000000000 0.0000000000 0.9984155048 0.0562714833 True True True False
Pedestrian 0.00 0 -1 1783.29 482.52 1819.23 578.95 1.61 0.43 0.59 14.96 1.09 42.72 -4.466 0.000 0.000 -2.895 1.00 0.0000000000 0.0000000000 -0.9924314385 0.1227999992 True False True True
Pedestrian 0.00 1 -1 1759.31 481.49 1791.35 574.45 1.71 0.54 0.36 14.76 1.15 43.44 -3.377 0.000 0.000 -1.806 1.00 0.0000000000 0.0000000000 -0.7852418247 0.6191892092 True False True True
Pedestrian 0.00 0 -1 1702.10 488.98 1749.89 571.06 -1.00 -1.00 -1.00 -1000.00 -1000.00 -1000.00 -1.000 -1.000 -1.000 -1.000 1.00 -1000.0000000000 -1000.0000000000 -1000.0000000000 -1000.0000000000 True False False True
