PassengerCar 0.00 0 -1 1444.69 427.95 1655.24 601.31 2.27 1.97 4.55 7.95 1.22 33.80 -1.571 -0.001 -0.021 -0.000 1.00 -0.0004248019 -0.0102515535 -0.0000743234 0.9999473584 True True True False
PassengerCar 0.00 1 -1 273.95 535.92 410.51 604.32 1.45 1.79 4.03 -14.17 2.07 51.97 -4.683 0.000 0.014 -3.113 1.00 0.0068813552 -0.0000999687 -0.9998708158 0.0145254467 True True True False
PassengerCar 0.00 0 -1 66.34 533.85 256.83 630.75 1.56 1.90 4.14 -14.45 2.07 41.00 -4.660 0.019 -0.010 -3.090 1.00 -0.0048470348 -0.0096209615 -0.9996037601 0.0260051188 True False True False
LargeVehicle 0.00 2 -1 1362.18 415.17 1579.34 586.95 2.82 2.53 6.18 8.42 1.25 41.67 -1.571 0.000 0.008 0.000 1.00 0.0000000000 0.0038604466 0.0000000000 0.9999925484 True True True False
Pedestrian 0.00 0 -1 1806.96 464.10 1835.78 572.24 1.64 0.41 0.40 12.74 0.98 36.01 -2.772 0.000 0.000 -1.201 1.00 0.0000000000 0.0000000000 -0.5649708159 0.8251108878 True True True False
Pedestrian_is_group 0.00 0 -1 1763.73 453.61 1808.67 575.97 1.97 0.58 0.60 12.27 1.38 36.16 -0.964 0.000 0.000 0.607 1.00 0.0000000000 0.0000000000 0.2989340496 0.9542737731 True True True False
Pedestrian 0.00 0 -1 1741.46 462.43 1769.67 575.07 1.77 0.24 0.40 12.11 1.05 37.17 -0.674 0.000 0.000 0.897 1.00 0.0000000000 0.0000000000 0.4335806543 0.9011147631 True True True False
Pedestrian 0.00 0 -1 1705.26 464.59 1741.48 573.27 1.73 0.42 0.36 11.76 1.04 37.68 -0.637 0.000 0.000 0.934 1.00 0.0000000000 0.0000000000 0.4501361640 0.8929599285 True True True False
Pedestrian 0.00 1 -1 1679.51 468.83 1707.67 572.82 1.68 0.33 0.29 11.43 1.04 38.17 -0.747 0.000 0.000 0.823 1.00 0.0000000000 0.0000000000 0.4001407078 0.9164537162 True True True False
Pedestrian 0.00 3 -1 1790.16 452.99 1823.79 569.52 1.81 0.43 0.52 12.84 0.98 36.95 -1.364 0.000 0.000 0.207 1.00 0.0000000000 0.0000000000 0.1031195006 0.9946689744 True True True True
Pedestrian 0.00 3 -1 1750.25 453.80 1789.41 569.51 1.85 0.53 0.56 12.63 1.08 38.06 -1.363 0.000 0.000 0.207 1.00 0.0000000000 0.0000000000 0.1034835110 0.9946311693 True True True False
Pedestrian 0.00 0 -1 1765.51 461.23 1816.46 595.71 1.70 0.59 0.69 10.33 1.08 30.17 -1.334 0.000 0.000 0.237 1.00 0.0000000000 0.0000000000 0.1181347811 0.9929975697 True False True False
