PassengerCar 0.00 0 -1 789.24 466.87 1266.01 855.72 1.45 1.66 4.17 0.14 1.18 9.95 -1.571 0.000 0.005 0.000 1.00 0.0000000000 0.0026021619 0.0000000000 0.9999966144 True True True False
PassengerCar 0.00 3 -1 850.38 443.30 1140.27 727.09 1.83 1.88 4.02 0.04 1.35 17.25 -1.571 0.000 0.000 0.000 1.00 0.0000000000 0.0000000000 0.0000000000 1.0000000000 True True True False
PassengerCar 0.00 0 -1 454.37 472.06 722.10 689.87 1.56 1.79 3.83 -3.08 1.31 18.85 -1.605 0.001 0.007 -0.034 1.00 0.0003264389 0.0034348564 -0.0169061815 0.9998511270 True True True False
PassengerCar 0.00 1 -1 623.42 475.08 811.08 631.77 1.72 1.78 4.08 -3.04 1.40 28.06 -1.603 0.000 0.000 -0.032 1.00 0.0000000000 0.0000000000 -0.0158856518 0.9998738151 True True True False
PassengerCar 0.00 2 -1 726.93 499.00 850.42 584.65 1.60 1.77 3.82 -3.16 1.46 38.41 -1.571 0.000 0.017 0.000 1.00 0.0000000000 0.0085319416 0.0000000000 0.9999636023 True True True False
PassengerCar 0.00 3 -1 792.48 514.75 884.10 577.31 1.41 1.75 3.83 -3.11 1.43 47.92 -1.590 0.000 0.000 -0.019 1.00 0.0000000000 0.0000000000 -0.0093675782 0.9999561233 True True True False
PassengerCar 0.33 1 -1 1497.54 409.98 1920.00 821.12 1.51 1.88 2.80 3.30 1.12 10.10 -1.571 0.066 0.006 0.000 1.00 0.0330208349 0.0029235216 -0.0000965902 0.9994503830 True True True False
PassengerCar 0.98 0 -1 1864.22 400.66 1920.00 926.05 1.55 1.98 3.95 3.55 1.20 5.12 -1.551 0.015 0.011 0.020 1.00 0.0075056476 0.0056442661 0.0099700126 0.9999061988 True False True False
PassengerCar 0.00 1 -1 1285.28 461.53 1694.03 711.76 1.48 1.85 3.85 3.04 1.18 15.52 -1.577 0.093 0.001 -0.006 1.00 0.0463814955 0.0001486735 -0.0032019818 0.9989186564 True True True False
PassengerCar 0.00 2 -1 1223.65 483.67 1501.70 676.07 1.50 1.81 3.93 3.12 1.28 20.61 -1.571 0.078 0.000 0.000 1.00 0.0388685423 0.0000000000 0.0000000000 0.9992443327 True True True False
PassengerCar 0.00 2 -1 1184.08 488.20 1395.38 640.40 1.52 1.84 3.87 3.14 1.29 26.35 -1.571 0.031 0.000 0.000 1.00 0.0155210525 0.0000000000 0.0000000000 0.9998795412 True True True False
PassengerCar 0.00 3 -1 1162.55 467.87 1332.85 612.30 1.77 1.84 4.19 3.26 1.27 32.07 -1.571 0.038 0.000 0.000 1.00 0.0189848427 0.0000000000 0.0000000000 0.9998197716 True True True False
DontCare 0.00 -1 -1 348.73 529.17 438.24 573.67 -1.00 -1.00 -1.00 -1000.00 -1000.00 -1000.00 -1.000 -1.000 -1.000 -1.000 1.00 -1000.0000000000 -1000.0000000000 -1000.0000000000 -1000.0000000000 False False False False
Obstacle 0.00 3 -1 1745.00 401.00 1852.00 590.00 1.85 0.87 0.56 8.03 0.81 23.36 -1.571 0.000 0.000 0.000 1.00 0.0000000000 0.0000000000 0.0000000000 1.0000000000 False False True False
Obstacle 0.00 3 -1 1664.00 415.00 1737.00 595.00 1.86 0.60 0.53 7.45 0.91 24.64 -1.571 0.000 0.000 0.000 1.00 0.0000000000 0.0000000000 0.0000000000 1.0000000000 False False True False
Obstacle 0.00 3 -1 1616.00 423.00 1670.00 586.00 1.79 0.43 0.58 7.29 0.86 26.21 -1.571 0.000 0.000 0.000 1.00 0.0000000000 0.0000000000 0.0000000000 1.0000000000 False False True False
Obstacle 0.00 3 -1 1689.63 405.56 1746.31 591.56 2.01 0.45 0.53 8.01 0.92 25.76 -1.571 0.000 0.000 0.000 1.00 0.0000000000 0.0000000000 0.0000000000 1.0000000000 True False True False
Obstacle 0.00 3 -1 1581.00 432.00 1641.00 592.00 1.87 0.56 0.52 7.34 0.99 27.76 -1.571 0.000 0.000 0.000 1.00 0.0000000000 0.0000000000 0.0000000000 1.0000000000 True False False False
Obstacle 0.00 3 -1 1456.32 452.83 1485.44 532.15 1.15 0.14 0.57 6.96 0.34 33.79 0.373 0.000 0.000 1.944 1.00 0.0000000000 0.0000000000 0.8259579928 0.5637316685 True False True False
Obstacle 0.00 3 -1 1305.27 480.46 1327.33 571.57 1.74 0.44 0.33 6.28 1.18 44.66 -4.709 0.000 0.000 -3.138 1.00 0.0000000000 0.0000000000 -0.9999983036 0.0018419614 True False True False
Obstacle 0.00 3 -1 1325.61 474.19 1353.64 564.90 1.73 0.50 0.46 6.67 1.12 45.10 1.466 0.000 0.000 3.036 1.00 0.0000000000 0.0000000000 0.9986171650 0.0525714545 True False True False
Pedestrian_is_group 0.00 3 -1 1514.00 437.50 1583.05 571.60 1.92 1.17 0.63 8.22 0.84 34.24 -4.384 0.000 0.000 -2.813 1.00 0.0000000000 0.0000000000 -0.9865359223 0.1635447156 False False True False
