PassengerCar 0.43 1 -1 1470.24 472.16 1920.00 773.11 1.03 1.78 4.22 3.42 0.92 10.11 -1.582 0.000 0.000 -0.011 1.00 0.0000000000 0.0000000000 -0.0057010152 0.9999837491 True True True False
PassengerCar 0.00 1 -1 1316.20 499.40 1644.61 733.15 1.41 1.84 3.59 3.35 1.37 16.03 -1.595 0.027 0.001 -0.025 1.00 0.0135215125 0.0001659605 -0.0122717653 0.9998332586 True True True False
PassengerCar 0.00 1 -1 1138.82 489.40 1368.85 684.69 1.63 1.89 4.20 2.46 1.46 21.52 -1.577 0.006 -0.009 -0.006 1.00 0.0030807118 -0.0045052806 -0.0032035977 0.9999799741 True True True False
PassengerCar_is_group 0.00 2 -1 1117.06 510.84 1216.91 652.87 1.62 1.83 4.02 2.51 1.66 28.30 -1.541 0.028 0.004 0.030 1.00 0.0142131380 0.0021656079 0.0147922197 0.9997872209 True True True False
PassengerCar 0.00 1 -1 1076.20 516.58 1205.68 624.03 1.50 1.82 4.05 2.53 1.82 38.97 -1.633 0.000 0.000 -0.063 1.00 0.0000000000 0.0000000000 -0.0313053572 0.9995098672 True True True False
PassengerCar_is_group 0.00 1 -1 1022.22 533.83 1140.41 605.32 1.54 1.83 3.08 2.17 1.89 42.78 -1.603 0.000 0.000 -0.032 1.00 0.0000000000 0.0000000000 -0.0160639628 0.9998709662 True True True False
PassengerCar 0.00 1 -1 1012.12 530.43 1097.00 609.13 1.64 1.86 4.28 1.56 2.14 51.70 -1.602 0.000 0.000 -0.031 1.00 0.0000000000 0.0000000000 -0.0154070111 0.9998813050 True True True False
PassengerCar 0.00 1 -1 990.06 534.09 1073.17 597.15 1.49 1.81 4.28 1.04 2.14 58.07 -1.594 -0.001 -0.000 -0.023 1.00 -0.0003356831 -0.0000038585 -0.0114937230 0.9999338886 True True True False
PassengerCar_is_group 0.00 1 -1 968.61 531.42 1027.31 589.64 1.45 1.85 4.29 0.61 2.25 65.64 -1.634 0.000 0.000 -0.064 1.00 0.0000000000 0.0000000000 -0.0317663640 0.9994953217 True True True False
PassengerCar 0.00 1 -1 959.38 527.36 1010.63 580.08 1.66 1.82 4.21 -0.02 2.33 75.33 -1.571 0.000 0.000 0.000 1.00 0.0000000000 0.0000000000 0.0000000000 1.0000000000 True True True False
PassengerCar 0.80 1 -1 0.00 507.87 238.42 885.90 1.18 1.89 3.89 -4.80 1.19 8.34 -2.654 0.000 0.000 -1.083 1.00 0.0000000000 0.0000000000 -0.5153147489 0.8570009974 True False True False
PassengerCar 0.70 3 -1 0.00 521.86 269.63 819.69 1.27 1.80 4.19 -5.64 1.33 11.34 -2.622 0.000 0.000 -1.051 1.00 0.0000000000 0.0000000000 -0.5018251245 0.8649691003 True False True False
PassengerCar 0.39 2 -1 0.00 532.88 412.31 763.78 1.27 1.52 4.20 -5.70 1.44 14.64 -2.646 0.005 -0.001 -1.075 1.00 0.0019054795 -0.0014800871 -0.5121681089 0.8588818351 True True True False
PassengerCar 0.00 3 -1 378.92 547.83 609.23 684.39 1.20 1.29 1.69 -4.63 1.59 22.16 -2.821 0.000 0.000 -1.250 1.00 0.0000000000 0.0000000000 -0.5852006372 0.8108885338 True True True False
PassengerCar 0.00 2 -1 413.33 533.86 673.89 664.82 1.32 1.29 2.31 -4.58 1.59 24.36 -2.827 0.003 -0.008 -1.256 1.00 -0.0013196849 -0.0041109924 -0.5876273820 0.8091201506 True True True False
PassengerCar 0.00 2 -1 469.39 533.76 712.28 644.34 1.33 1.35 2.85 -5.13 1.70 30.39 -2.638 0.010 -0.000 -1.068 1.00 0.0044283783 -0.0026750556 -0.5088180681 0.8608585291 True True True False
PassengerCar 0.00 2 -1 592.85 541.43 753.27 615.09 1.38 1.28 2.82 -6.02 2.00 44.99 -2.675 -0.000 -0.000 -1.104 1.00 -0.0001389742 -0.0000855873 -0.5243837960 0.8514820068 True True True False
PassengerCar_is_group 0.00 2 -1 757.45 537.32 826.00 597.20 1.57 1.94 4.26 -7.30 2.37 72.86 -2.835 0.011 0.049 -1.265 1.00 0.0186902146 0.0163880518 -0.5909439970 0.8063295232 True True True False
PassengerCar 0.00 1 -1 795.93 532.11 843.62 576.19 -1.00 -1.00 -1.00 -1000.00 -1000.00 -1000.00 -1.000 -1.000 -1.000 -1.000 1.00 -1000.0000000000 -1000.0000000000 -1000.0000000000 -1000.0000000000 True True False False
PassengerCar 0.00 3 -1 1093.55 516.11 1234.74 632.33 1.54 1.81 4.02 2.50 1.71 32.63 -1.607 0.000 0.000 -0.036 1.00 0.0000000000 0.0000000000 -0.0179654235 0.9998386088 True True True False
PassengerCar 0.86 0 -1 1578.31 434.94 1920.00 1024.00 1.50 1.88 3.81 2.73 1.24 5.41 -1.619 0.011 -0.011 -0.048 1.00 0.0054168823 -0.0055400012 -0.0241568253 0.9996781550 True False True False
PassengerCar 0.00 0 -1 1012.86 532.27 1113.48 608.84 1.38 1.68 3.90 1.45 1.88 46.36 -1.609 0.000 0.000 -0.038 1.00 0.0000000000 0.0000000000 -0.0189867004 0.9998197364 False False False False
Pedestrian 0.00 0 -1 857.22 528.30 901.70 573.70 -1.00 -1.00 -1.00 -1000.00 -1000.00 -1000.00 -1.000 -1.000 -1.000 -1.000 1.00 -1000.0000000000 -1000.0000000000 -1000.0000000000 -1000.0000000000 True True False False
Pedestrian 0.00 0 -1 937.12 532.70 950.87 567.78 -1.00 -1.00 -1.00 -1000.00 -1000.00 -1000.00 -1.000 -1.000 -1.000 -1.000 1.00 -1000.0000000000 -1000.0000000000 -1000.0000000000 -1000.0000000000 True True False False
