PassengerCar 0.00 2 -1 818.78 454.59 885.81 510.41 1.51 1.75 3.46 -4.09 0.08 70.62 1.537 0.000 0.000 3.108 1.00 0.0000000000 0.0000000000 0.9998556253 0.0169920142 True True True False
PassengerCar 0.00 2 -1 852.86 457.74 901.48 495.22 -1.00 -1.00 -1.00 -1000.00 -1000.00 -1000.00 -1.000 -1.000 -1.000 -1.000 1.00 -1000.0000000000 -1000.0000000000 -1000.0000000000 -1000.0000000000 True True False False
PassengerCar 0.00 2 -1 978.72 455.69 1015.93 488.77 -1.00 -1.00 -1.00 -1000.00 -1000.00 -1000.00 -1.000 -1.000 -1.000 -1.000 1.00 -1000.0000000000 -1000.0000000000 -1000.0000000000 -1000.0000000000 True True False False
PassengerCar 0.00 2 -1 998.87 453.34 1033.29 488.99 -1.00 -1.00 -1.00 -1000.00 -1000.00 -1000.00 -1.000 -1.000 -1.000 -1.000 1.00 -1000.0000000000 -1000.0000000000 -1000.0000000000 -1000.0000000000 True True False False
PassengerCar 0.00 2 -1 1013.49 452.36 1051.60 488.37 -1.00 -1.00 -1.00 -1000.00 -1000.00 -1000.00 -1.000 -1.000 -1.000 -1.000 1.00 -1000.0000000000 -1000.0000000000 -1000.0000000000 -1000.0000000000 True True False False
PassengerCar 0.00 2 -1 1026.76 454.00 1067.01 489.74 -1.00 -1.00 -1.00 -1000.00 -1000.00 -1000.00 -1.000 -1.000 -1.000 -1.000 1.00 -1000.0000000000 -1000.0000000000 -1000.0000000000 -1000.0000000000 True True False False
Pedestrian 0.00 1 -1 1173.09 441.52 1313.62 736.15 1.47 0.66 0.67 1.30 1.14 12.07 -3.107 0.000 0.000 -1.537 1.00 0.0000000000 0.0000000000 -0.6949475398 0.7190604404 True True True False
Pedestrian 0.00 1 -1 1047.85 400.02 1227.54 790.15 1.71 0.70 0.77 0.63 1.18 10.20 -3.051 -0.001 0.004 -1.480 1.00 0.0010882962 0.0017701996 -0.6742350203 0.7385139263 True True True False
Pedestrian 0.00 0 -1 1100.52 379.15 1310.21 814.43 1.75 0.78 0.81 0.86 1.18 9.56 -2.934 0.007 0.027 -1.363 1.00 0.0110880668 0.0082882053 -0.6300187015 0.7764565643 True True True False
Pedestrian 0.00 0 -1 688.37 443.70 811.51 708.87 1.50 0.49 0.63 -1.37 1.13 13.58 0.063 0.002 0.022 1.634 1.00 -0.0072645764 0.0079859540 0.7291068270 0.6843147560 True True True False
Pedestrian 0.00 0 -1 790.90 424.95 928.01 704.42 1.70 0.48 0.79 -0.79 1.14 13.99 0.025 0.000 0.000 1.596 1.00 0.0000000000 0.0000000000 0.7159609237 0.6981403553 True True True False
Pedestrian 0.00 1 -1 474.44 407.17 634.02 735.56 1.76 0.73 0.75 -2.39 1.22 13.03 -0.011 0.000 0.000 1.559 1.00 0.0000000000 0.0000000000 0.7030708462 0.7111198107 True True True False
Pedestrian 0.00 0 -1 468.07 374.64 720.51 842.44 1.71 0.58 0.89 -1.51 1.21 8.89 -2.825 0.000 0.000 -1.254 1.00 0.0000000000 0.0000000000 -0.5866811491 0.8098180223 True True True False
Pedestrian 0.00 0 -1 384.90 369.33 565.76 853.57 1.67 0.52 0.42 -1.83 1.19 8.42 -2.797 0.000 0.000 -1.227 1.00 0.0000000000 0.0000000000 -0.5755309873 0.8177799720 True True True False
Pedestrian 0.50 1 -1 0.00 422.20 62.20 749.28 1.71 0.59 0.57 -5.22 1.27 12.47 -0.286 0.000 0.000 1.284 1.00 0.0000000000 0.0000000000 0.5989874418 0.8007584184 True False True False
Pedestrian 0.00 1 -1 194.72 427.16 286.45 720.16 1.57 0.50 0.49 -4.54 1.28 14.30 -0.067 0.000 0.000 1.504 1.00 0.0000000000 0.0000000000 0.6830375541 0.7303832553 True True True False
Pedestrian 0.00 3 -1 115.93 433.86 240.65 724.59 1.63 0.32 0.63 -4.70 1.21 13.67 -0.090 0.000 0.000 1.481 1.00 0.0000000000 0.0000000000 0.6745966592 0.7381865262 True False True False
Pedestrian 0.00 0 -1 119.44 441.16 251.33 763.09 1.59 0.50 0.53 -4.00 1.26 11.70 0.072 0.000 0.000 1.642 1.00 0.0000000000 0.0000000000 0.7319821711 0.6813237859 True False True False
Pedestrian 0.00 0 -1 23.74 402.00 153.91 786.90 1.77 0.53 0.51 -4.26 1.26 11.07 0.087 0.000 0.000 1.657 1.00 0.0000000000 0.0000000000 0.7370542928 0.6758335368 True False True False
Pedestrian_is_group 0.00 0 -1 665.42 444.95 691.20 514.71 1.84 0.52 0.56 -8.44 0.13 64.00 -0.591 0.000 0.000 0.980 1.00 0.0000000000 0.0000000000 0.4705036377 0.8823980547 True True True False
Pedestrian 0.06 0 -1 683.55 442.55 705.02 515.90 1.91 0.46 0.35 -7.91 0.18 63.44 -1.065 0.000 0.000 0.505 1.00 0.0000000000 0.0000000000 0.2500543303 0.9682318069 True True True False
Pedestrian 0.06 3 -1 733.29 449.74 756.31 515.26 1.76 0.53 0.48 -6.58 0.19 63.73 0.203 0.000 0.000 1.773 1.00 0.0000000000 0.0000000000 0.7749669449 0.6320017677 True True True False
Pedestrian 0.06 0 -1 1262.24 435.84 1282.60 497.91 1.73 0.50 0.51 8.01 -0.29 66.38 0.235 0.000 0.000 1.806 1.00 0.0000000000 0.0000000000 0.7851342980 0.6193255478 True True True False
Pedestrian 0.07 1 -1 1346.46 437.22 1364.71 506.71 1.86 0.41 0.46 9.91 -0.04 63.50 -3.049 0.000 0.000 -1.478 1.00 0.0000000000 0.0000000000 -0.6736837655 0.7390197454 True True True False
Pedestrian 0.05 0 -1 1397.55 438.57 1424.17 502.50 1.74 0.63 0.68 11.64 -0.16 64.86 -3.020 0.000 0.000 -1.449 1.00 0.0000000000 0.0000000000 -0.6628851570 0.7487210886 True True True False
Pedestrian 0.06 0 -1 1526.16 435.57 1545.70 499.66 1.73 0.49 0.43 14.87 -0.23 63.96 -3.106 0.000 0.000 -1.535 1.00 0.0000000000 0.0000000000 -0.6944880916 0.7195041978 True True True False
Pedestrian 0.00 2 -1 1757.82 431.71 1796.62 545.93 1.73 0.48 0.43 12.01 0.57 35.85 -3.118 0.000 0.000 -1.547 1.00 0.0000000000 0.0000000000 -0.6985572595 0.7155541595 True False True False
Pedestrian 0.00 1 -1 1714.96 439.59 1749.95 554.78 1.72 0.44 0.35 11.29 0.70 35.58 -1.571 0.000 0.000 0.000 1.00 0.0000000000 0.0000000000 0.0000000000 1.0000000000 True False True False
Pedestrian 0.00 0 -1 1743.51 431.26 1780.87 555.45 1.82 0.51 0.37 11.60 0.68 35.19 -1.571 0.000 0.000 0.000 1.00 0.0000000000 0.0000000000 0.0000000000 1.0000000000 True False True True
Pedestrian 0.00 0 -1 1836.14 417.38 1888.39 566.68 1.76 0.47 0.49 10.49 0.67 28.25 -4.412 0.000 0.000 -2.841 1.00 0.0000000000 0.0000000000 -0.9887154292 0.1498058746 True False True False
Pedestrian 0.00 0 -1 1793.23 442.14 1846.04 559.72 1.60 0.53 0.43 11.22 0.72 31.78 -3.774 0.000 0.000 -2.204 1.00 0.0000000000 0.0000000000 -0.8920005448 0.4520343218 True False True False
Pedestrian 0.00 2 -1 1770.81 436.01 1808.31 555.63 1.67 0.34 0.39 11.04 0.67 32.35 -2.228 0.000 0.000 -0.657 1.00 0.0000000000 0.0000000000 -0.3227671431 0.9464784051 True False True True
Pedestrian 0.00 2 -1 1672.08 450.47 1710.89 569.37 1.62 0.36 0.37 9.81 0.85 32.73 -3.160 0.000 0.000 -1.589 1.00 0.0000000000 0.0000000000 -0.7135774525 0.7005763480 True False True False
Pedestrian 0.00 1 -1 1577.84 448.73 1616.96 571.67 1.72 0.64 0.41 8.54 0.91 32.92 -3.151 0.000 0.000 -1.581 1.00 0.0000000000 0.0000000000 -0.7105964211 0.7035998340 True False True True
Pedestrian 0.00 0 -1 1597.44 439.80 1640.06 571.74 1.84 0.47 0.53 8.63 0.88 32.14 -3.229 0.000 0.000 -1.658 1.00 0.0000000000 0.0000000000 -0.7373918457 0.6754652219 True False True False
