PassengerCar 0.69 0 -1 0.00 506.64 231.48 895.65 1.44 1.75 3.48 -4.37 1.43 9.69 1.467 0.007 0.001 3.038 1.00 -0.0001850158 0.0034565724 0.9986453026 0.0519189505 True False True False
PassengerCar 0.00 1 -1 45.05 524.18 407.41 773.62 1.43 1.57 3.07 -4.82 1.51 15.20 1.477 -0.002 -0.005 3.048 1.00 0.0025475190 -0.0011860324 0.9988927489 0.0469614699 True True True False
PassengerCar 0.00 1 -1 257.34 524.12 512.68 710.03 1.48 1.65 3.30 -5.20 1.63 20.68 1.484 0.015 0.001 3.054 1.00 -0.0002684653 0.0075451106 0.9990207647 0.0435948493 True True True False
PassengerCar 0.00 3 -1 354.43 532.36 543.76 668.62 1.50 1.78 4.03 -5.81 1.75 25.43 1.447 0.028 0.003 3.018 1.00 -0.0005700835 0.0140207441 0.9979955248 0.0617092077 True True True False
PassengerCar 0.00 2 -1 441.11 534.61 608.79 646.28 1.44 1.76 4.33 -6.08 1.77 30.82 1.497 0.044 0.002 3.068 1.00 -0.0003645902 0.0219614829 0.9990730811 0.0370207904 True True True False
PassengerCar 0.00 3 -1 505.28 517.08 631.05 628.23 1.79 1.82 4.20 -7.08 1.94 40.06 1.450 0.032 -0.007 3.021 1.00 0.0045816895 0.0156517707 0.9980517214 0.0602228499 True True True False
PassengerCar 0.00 0 -1 658.87 525.39 738.23 583.23 1.50 1.93 4.04 -7.41 1.91 60.05 1.466 0.001 -0.001 3.037 1.00 0.0006667905 0.0005246676 0.9986397931 0.0521329437 True True True False
PassengerCar 0.79 0 -1 1635.95 424.73 1920.00 936.81 1.57 1.61 3.10 3.13 1.31 6.61 -1.647 -0.010 -0.002 -0.076 1.00 -0.0048104658 -0.0010073103 -0.0381001989 0.9992618374 True True True False
PassengerCar 0.00 1 -1 1252.17 497.64 1719.45 815.22 1.39 1.42 3.32 2.31 1.34 11.69 -1.645 -0.003 -0.000 -0.074 1.00 -0.0014266895 -0.0000220971 -0.0370285542 0.9993131893 True True True False
PassengerCar 0.00 1 -1 1106.26 426.00 1456.45 716.01 1.95 1.78 4.12 2.04 1.41 17.55 -1.662 0.006 0.000 -0.091 1.00 0.0027588774 0.0000405040 -0.0454212732 0.9989641109 True True True False
PassengerCar 0.00 3 -1 1060.92 499.81 1284.57 671.84 1.54 1.66 3.66 1.76 1.56 24.28 -1.652 0.000 0.000 -0.081 1.00 0.0000000000 0.0000000000 -0.0405847548 0.9991760994 True True True False
PassengerCar 0.00 1 -1 981.08 522.78 1163.78 639.75 1.49 1.75 3.38 0.98 1.64 30.53 -1.709 0.000 0.000 -0.138 1.00 0.0000000000 0.0000000000 -0.0690317356 0.9976144644 True True True False
PassengerCar 0.00 3 -1 959.05 529.38 1090.83 621.30 1.42 1.65 3.56 0.51 1.71 36.18 -1.683 0.000 0.000 -0.112 1.00 0.0000000000 0.0000000000 -0.0562181630 0.9984185085 True True True False
PassengerCar 0.00 3 -1 855.05 535.39 894.91 569.46 -1.00 -1.00 -1.00 -1000.00 -1000.00 -1000.00 -1.000 -1.000 -1.000 -1.000 1.00 -1000.0000000000 -1000.0000000000 -1000.0000000000 -1000.0000000000 True True False False
Vehicle 0.00 3 -1 516.00 517.00 630.00 624.00 2.00 1.99 4.06 -8.08 2.23 46.25 1.445 -0.006 -0.018 3.015 1.00 0.0090012951 -0.0035396749 0.9979609204 0.0630907978 True False False True
Pedestrian 0.00 0 -1 822.55 527.00 842.29 572.10 -1.00 -1.00 -1.00 -1000.00 -1000.00 -1000.00 -1.000 -1.000 -1.000 -1.000 1.00 -1000.0000000000 -1000.0000000000 -1000.0000000000 -1000.0000000000 True True False False
Pedestrian 0.00 0 -1 789.17 525.64 804.39 570.58 -1.00 -1.00 -1.00 -1000.00 -1000.00 -1000.00 -1.000 -1.000 -1.000 -1.000 1.00 -1000.0000000000 -1000.0000000000 -1000.0000000000 -1000.0000000000 True True False False
Pedestrian 0.00 0 -1 804.74 528.16 820.27 568.33 -1.00 -1.00 -1.00 -1000.00 -1000.00 -1000.00 -1.000 -1.000 -1.000 -1.000 1.00 -1000.0000000000 -1000.0000000000 -1000.0000000000 -1000.0000000000 True True False False
