PassengerCar 0.00 0 -1 701.11 510.23 832.73 569.98 1.43 1.83 4.12 -5.46 1.50 58.70 -4.416 0.007 -0.003 -2.845 1.00 -0.0008346190 -0.0034413871 -0.9889970321 0.1478929703 True True True False
PassengerCar 0.00 0 -1 595.48 508.57 709.20 569.71 1.52 1.73 3.81 -8.60 1.55 59.87 -4.472 0.000 0.000 -2.901 1.00 0.0000000000 0.0000000000 -0.9927896377 0.1198696598 True True True False
PassengerCar 0.00 1 -1 798.94 509.62 904.50 563.64 1.45 1.73 3.73 -3.75 1.51 65.37 -4.423 0.021 0.006 -2.852 1.00 0.0043902309 -0.0097266957 -0.9894957114 0.1441677995 True True True False
PassengerCar 0.00 -1 -1 883.51 509.80 964.45 556.61 -1.00 -1.00 -1.00 -1000.00 -1000.00 -1000.00 -1.000 -1.000 -1.000 -1.000 1.00 -1000.0000000000 -1000.0000000000 -1000.0000000000 -1000.0000000000 -1 -1 -1 -1
PassengerCar 0.00 -1 -1 973.44 510.72 1020.99 541.79 -1.00 -1.00 -1.00 -1000.00 -1000.00 -1000.00 -1.000 -1.000 -1.000 -1.000 1.00 -1000.0000000000 -1000.0000000000 -1000.0000000000 -1000.0000000000 -1 -1 -1 -1
PassengerCar 0.00 -1 -1 1004.71 509.57 1047.41 539.13 -1.00 -1.00 -1.00 -1000.00 -1000.00 -1000.00 -1.000 -1.000 -1.000 -1.000 1.00 -1000.0000000000 -1000.0000000000 -1000.0000000000 -1000.0000000000 -1 -1 -1 -1
PassengerCar 0.00 -1 -1 1029.27 508.81 1072.92 538.75 -1.00 -1.00 -1.00 -1000.00 -1000.00 -1000.00 -1.000 -1.000 -1.000 -1.000 1.00 -1000.0000000000 -1000.0000000000 -1000.0000000000 -1000.0000000000 -1 -1 -1 -1
DontCare 0.00 -1 -1 879.07 387.54 896.44 429.68 -1.00 -1.00 -1.00 -1000.00 -1000.00 -1000.00 -1.000 -1.000 -1.000 -1.000 1.00 -1000.0000000000 -1000.0000000000 -1000.0000000000 -1000.0000000000 -1 -1 -1 -1
DontCare 0.00 -1 -1 1465.11 363.66 1493.08 404.79 -1.00 -1.00 -1.00 -1000.00 -1000.00 -1000.00 -1.000 -1.000 -1.000 -1.000 1.00 -1000.0000000000 -1000.0000000000 -1000.0000000000 -1000.0000000000 -1 -1 -1 -1
Obstacle 0.00 -1 -1 1009.85 501.06 1020.88 531.90 -1.00 -1.00 -1.00 -1000.00 -1000.00 -1000.00 -1.000 -1.000 -1.000 -1.000 1.00 -1000.0000000000 -1000.0000000000 -1000.0000000000 -1000.0000000000 -1 -1 -1 -1
Pedestrian 0.00 -1 -1 628.86 414.00 643.72 454.60 -1.00 -1.00 -1.00 -1000.00 -1000.00 -1000.00 -1.000 -1.000 -1.000 -1.000 1.00 -1000.0000000000 -1000.0000000000 -1000.0000000000 -1000.0000000000 -1 -1 -1 -1
Pedestrian 0.00 -1 -1 636.28 404.85 649.90 443.95 -1.00 -1.00 -1.00 -1000.00 -1000.00 -1000.00 -1.000 -1.000 -1.000 -1.000 1.00 -1000.0000000000 -1000.0000000000 -1000.0000000000 -1000.0000000000 -1 -1 -1 -1
Pedestrian 0.00 0 -1 180.07 501.26 209.81 571.70 1.75 0.50 0.56 -19.84 1.59 58.93 0.056 0.000 0.000 1.627 1.00 0.0000000000 0.0000000000 0.7265419403 0.6871221209 True False True False
