PassengerCar 0.00 0 -1 87.30 520.64 493.72 717.62 1.50 1.80 4.47 -5.51 1.55 18.95 -4.598 0.003 -0.000 -3.027 1.00 -0.0000989117 -0.0017232812 -0.9983553996 0.0573019773 True True True False
PassengerCar 0.00 0 -1 506.77 527.13 673.10 639.20 1.33 1.66 4.05 -5.31 1.66 31.85 1.527 -0.056 -0.019 3.098 1.00 0.0086328868 -0.0281315975 0.9993191985 0.0222536752 True True True False
PassengerCar 0.00 2 -1 976.48 544.04 1046.91 601.73 1.47 1.83 3.97 0.63 2.45 63.27 -1.563 0.000 0.000 0.007 1.00 0.0000000000 0.0000000000 0.0036582030 0.9999933088 True True True False
PassengerCar 0.00 3 -1 824.41 540.99 877.68 580.47 -1.00 -1.00 -1.00 -1000.00 -1000.00 -1000.00 -1.000 -1.000 -1.000 -1.000 1.00 -1000.0000000000 -1000.0000000000 -1000.0000000000 -1000.0000000000 True True False False
PassengerCar 0.00 2 -1 810.54 539.32 869.03 581.75 -1.00 -1.00 -1.00 -1000.00 -1000.00 -1000.00 -1.000 -1.000 -1.000 -1.000 1.00 -1000.0000000000 -1000.0000000000 -1000.0000000000 -1000.0000000000 True True False False
PassengerCar 0.00 2 -1 804.77 543.95 853.79 583.38 -1.00 -1.00 -1.00 -1000.00 -1000.00 -1000.00 -1.000 -1.000 -1.000 -1.000 1.00 -1000.0000000000 -1000.0000000000 -1000.0000000000 -1000.0000000000 True True False False
Obstacle 0.00 3 -1 221.75 500.38 272.09 617.75 1.58 0.50 0.44 -10.05 1.47 31.75 -4.579 0.000 0.000 -3.008 1.00 0.0000000000 0.0000000000 -0.9977628645 0.0668525708 True False True False
Obstacle 0.00 3 -1 279.22 490.08 324.47 620.00 1.91 0.57 0.40 -9.98 1.66 34.03 -1.571 0.000 0.000 0.000 1.00 0.0000000000 0.0000000000 0.0000000000 1.0000000000 True False True True
Pedestrian 0.06 0 -1 1064.09 531.04 1085.02 583.72 1.72 0.65 0.57 2.84 2.48 77.44 -1.468 0.000 0.000 0.103 1.00 0.0000000000 0.0000000000 0.0514374746 0.9986762169 True True True False
Pedestrian 0.00 1 -1 1075.30 537.07 1088.53 575.68 -1.00 -1.00 -1.00 -1000.00 -1000.00 -1000.00 -1.000 -1.000 -1.000 -1.000 1.00 -1000.0000000000 -1000.0000000000 -1000.0000000000 -1000.0000000000 True True False True
