PassengerCar 0.00 0 -1 119.78 513.84 390.11 677.13 1.41 1.84 4.22 -6.90 1.48 21.79 1.403 -0.043 -0.019 2.974 1.00 0.0078256794 -0.0223652640 0.9961970771 0.0838447209 True True True True
PassengerCar 0.00 0 -1 702.45 535.15 770.11 586.33 1.51 2.09 4.26 -7.77 2.31 72.37 -1.702 -0.008 -0.013 -0.131 1.00 -0.0045605315 -0.0063420936 -0.0656717297 0.9978107052 True True True False
PassengerCar 0.00 0 -1 1505.60 549.00 1707.81 689.32 1.53 1.87 4.23 7.13 2.00 27.47 -1.424 0.000 -0.022 0.147 1.00 0.0010128897 -0.0108434258 0.0735628165 0.9972311198 True True True False
PassengerCar 0.00 0 -1 1417.29 546.61 1540.66 646.56 1.48 1.73 3.44 7.47 2.06 36.14 -1.470 -0.006 0.000 0.100 1.00 -0.0029212915 -0.0001468662 0.0502107860 0.9987343598 True True True False
PassengerCar 0.00 2 -1 1379.91 547.25 1502.63 630.93 1.41 1.73 4.22 7.92 2.11 41.39 -1.563 0.000 0.000 0.008 1.00 0.0000000000 0.0000000000 0.0039229389 0.9999923052 True True True False
PassengerCar 0.00 0 -1 1209.71 545.66 1330.07 607.66 1.52 1.97 3.97 6.96 2.41 58.71 -1.750 0.008 -0.002 -0.179 1.00 0.0037329994 -0.0014405642 -0.0895709280 0.9959724084 True True True False
PassengerCar 0.00 2 -1 1187.57 544.30 1257.70 603.67 1.53 1.88 4.16 6.43 2.43 64.61 -1.511 0.008 0.008 0.059 1.00 0.0039005731 0.0041441006 0.0296792016 0.9995432742 True True True False
PassengerCar 0.00 3 -1 1172.05 547.51 1232.63 600.30 1.45 1.87 3.97 6.48 2.58 70.40 -1.509 0.002 0.005 0.062 1.00 0.0008895413 0.0025017529 0.0308602424 0.9995201826 True True True False
PassengerCar 0.00 3 -1 1158.45 548.36 1214.38 596.18 1.47 1.78 4.22 6.27 2.70 76.16 -1.499 0.003 -0.016 0.072 1.00 0.0015557775 -0.0079245295 0.0358146526 0.9993258188 True True True False
PassengerCar 0.00 2 -1 732.75 531.64 784.78 580.17 -1.00 -1.00 -1.00 -1000.00 -1000.00 -1000.00 -1.000 -1.000 -1.000 -1.000 1.00 -1000.0000000000 -1000.0000000000 -1000.0000000000 -1000.0000000000 True True False False
PassengerCar 0.00 2 -1 803.03 540.76 847.28 577.87 -1.00 -1.00 -1.00 -1000.00 -1000.00 -1000.00 -1.000 -1.000 -1.000 -1.000 1.00 -1000.0000000000 -1000.0000000000 -1000.0000000000 -1000.0000000000 True True False False
PassengerCar 0.00 0 -1 1102.01 549.71 1147.69 589.23 -1.00 -1.00 -1.00 -1000.00 -1000.00 -1000.00 -1.000 -1.000 -1.000 -1.000 1.00 -1000.0000000000 -1000.0000000000 -1000.0000000000 -1000.0000000000 True True False False
PassengerCar 0.00 3 -1 1096.56 546.57 1137.57 580.06 -1.00 -1.00 -1.00 -1000.00 -1000.00 -1000.00 -1.000 -1.000 -1.000 -1.000 1.00 -1000.0000000000 -1000.0000000000 -1000.0000000000 -1000.0000000000 True False False False
PassengerCar 0.00 0 -1 74.82 512.49 169.79 576.80 1.50 1.98 4.20 -23.89 1.64 64.70 1.256 -0.035 -0.011 2.826 1.00 0.0028885381 -0.0181690538 0.9874299672 0.1569828071 True True True False
PassengerCar 0.00 0 -1 1024.10 545.80 1077.33 589.33 -1.00 -1.00 -1.00 -1000.00 -1000.00 -1000.00 -1.000 -1.000 -1.000 -1.000 1.00 -1000.0000000000 -1000.0000000000 -1000.0000000000 -1000.0000000000 True True False False
PassengerCar 0.00 0 -1 817.39 540.88 866.72 587.54 -1.00 -1.00 -1.00 -1000.00 -1000.00 -1000.00 -1.000 -1.000 -1.000 -1.000 1.00 -1000.0000000000 -1000.0000000000 -1000.0000000000 -1000.0000000000 True True False False
DontCare 0.06 -1 -1 1427.33 529.40 1453.93 582.15 1.50 0.54 0.70 12.97 1.95 67.35 -4.635 0.000 0.000 -3.064 1.00 0.0000000000 0.0000000000 -0.9992537762 0.0386250006 False False False False
DontCare 0.00 -1 -1 1443.02 525.90 1529.00 587.57 1.72 1.13 2.57 12.82 2.07 61.29 1.427 0.000 0.000 2.998 1.00 0.0000000000 0.0000000000 0.9974224156 0.0717532215 False False False False
Pedestrian 0.00 1 -1 1769.80 512.63 1820.22 642.36 1.69 0.62 0.44 11.12 1.87 32.55 -4.445 -0.003 -0.012 -2.875 1.00 -0.0063557978 0.0008537329 -0.9910784887 0.1331251447 True False True False
Pedestrian 0.00 0 -1 1828.75 510.10 1868.88 631.76 1.85 0.55 0.57 11.93 1.89 32.50 -4.459 0.000 0.000 -2.888 1.00 0.0000000000 0.0000000000 -0.9919965285 0.1262651477 True False True False
Pedestrian 0.00 0 -1 1322.51 542.03 1337.18 582.96 -1.00 -1.00 -1.00 -1000.00 -1000.00 -1000.00 -1.000 -1.000 -1.000 -1.000 1.00 -1000.0000000000 -1000.0000000000 -1000.0000000000 -1000.0000000000 True True False True
Pedestrian 0.00 1 -1 1524.94 521.42 1550.62 592.67 1.62 0.46 0.46 11.67 1.90 50.33 -4.645 0.000 0.000 -3.074 1.00 0.0000000000 0.0000000000 -0.9994301911 0.0337534154 True True True True
Pedestrian 0.05 2 -1 1547.15 524.80 1568.06 594.11 1.62 0.39 0.37 12.15 1.95 50.41 -4.693 0.000 0.000 -3.122 1.00 0.0000000000 0.0000000000 -0.9999520570 0.0097920205 True True True True
Pedestrian 0.06 2 -1 1565.01 521.64 1585.55 588.63 1.43 0.42 0.41 12.62 1.76 50.90 -4.631 0.000 0.000 -3.060 1.00 0.0000000000 0.0000000000 -0.9991691462 0.0407555800 True False True True
Pedestrian 0.00 2 -1 1580.17 527.45 1601.10 590.09 1.56 0.52 0.48 13.13 1.87 51.51 1.517 0.000 0.000 3.088 1.00 0.0000000000 0.0000000000 0.9996363684 0.0269653650 True False True True
Pedestrian_is_group 0.00 2 -1 1494.31 527.30 1523.88 592.57 1.69 0.69 0.57 12.46 2.12 56.54 -4.704 0.000 0.000 -3.134 1.00 0.0000000000 0.0000000000 -0.9999920683 0.0039828800 True True True False
Pedestrian_is_group 0.00 2 -1 1400.82 526.77 1430.49 593.93 1.64 0.64 0.48 10.23 2.07 56.80 -0.819 -0.001 -0.001 0.752 1.00 -0.0003873999 -0.0007944946 0.3673369101 0.9300875299 True True True False
