PassengerCar 0.35 0 -1 1436.55 498.14 1920.00 876.18 1.37 1.90 4.16 3.10 1.34 10.06 -1.594 0.023 -0.001 -0.024 1.00 0.0115258764 -0.0006520526 -0.0118322778 0.9998633538 True True True False
PassengerCar 0.00 2 -1 1438.10 458.70 1706.86 673.68 1.99 1.91 4.53 6.10 1.60 24.70 -1.572 0.067 -0.012 -0.001 1.00 0.0337099628 -0.0058435353 -0.0003083759 0.9994145268 True True True False
PassengerCar 0.00 2 -1 1360.87 521.02 1536.43 641.01 1.47 1.89 4.26 6.27 1.70 31.35 -1.463 0.009 0.005 0.108 1.00 0.0044316940 0.0027555230 0.0540208800 0.9985261698 True True True False
PassengerCar 0.00 0 -1 1255.39 507.95 1384.04 610.24 1.80 1.87 4.25 6.26 1.79 44.27 -1.562 0.046 0.011 0.009 1.00 0.0227776110 0.0054403881 0.0042527889 0.9997167081 True True True False
PassengerCar 0.00 3 -1 1235.31 511.58 1346.81 592.95 1.54 1.81 4.22 6.52 1.70 50.82 -1.612 0.030 0.024 -0.042 1.00 0.0153376923 0.0117911217 -0.0209397064 0.9995935441 True True True False
PassengerCar 0.00 3 -1 1142.85 522.46 1200.01 569.29 1.41 1.82 4.21 6.38 1.89 78.47 -1.565 0.001 0.011 0.006 1.00 0.0002629393 0.0053857937 0.0029038564 0.9999812457 True True True True
PassengerCar 0.00 2 -1 1169.07 523.33 1226.13 568.90 -1.00 -1.00 -1.00 -1000.00 -1000.00 -1000.00 -1.000 -1.000 -1.000 -1.000 1.00 -1000.0000000000 -1000.0000000000 -1000.0000000000 -1000.0000000000 True True False False
PassengerCar 0.00 1 -1 1097.06 524.85 1143.84 561.40 -1.00 -1.00 -1.00 -1000.00 -1000.00 -1000.00 -1.000 -1.000 -1.000 -1.000 1.00 -1000.0000000000 -1000.0000000000 -1000.0000000000 -1000.0000000000 True True False True
PassengerCar 0.00 3 -1 1223.07 514.94 1302.10 584.26 -1.00 -1.00 -1.00 -1000.00 -1000.00 -1000.00 -1.000 -1.000 -1.000 -1.000 1.00 -1000.0000000000 -1000.0000000000 -1000.0000000000 -1000.0000000000 True True False False
DontCare 0.00 -1 -1 1064.08 528.94 1115.56 559.52 -1.00 -1.00 -1.00 -1000.00 -1000.00 -1000.00 -1.000 -1.000 -1.000 -1.000 1.00 -1000.0000000000 -1000.0000000000 -1000.0000000000 -1000.0000000000 False False False False
DontCare 0.00 -1 -1 986.60 533.88 1046.20 561.14 -1.00 -1.00 -1.00 -1000.00 -1000.00 -1000.00 -1.000 -1.000 -1.000 -1.000 1.00 -1000.0000000000 -1000.0000000000 -1000.0000000000 -1000.0000000000 False False False False
DontCare 0.00 -1 -1 70.83 546.63 128.50 657.97 -1.00 -1.00 -1.00 -1000.00 -1000.00 -1000.00 -1.000 -1.000 -1.000 -1.000 1.00 -1000.0000000000 -1000.0000000000 -1000.0000000000 -1000.0000000000 False False False False
Pedestrian_is_group 0.00 0 -1 761.23 513.05 799.36 589.87 1.75 0.90 0.60 -4.86 1.88 55.00 -1.571 0.000 0.000 0.000 1.00 0.0000000000 0.0000000000 0.0000000000 1.0000000000 True True True False
Pedestrian 0.00 0 -1 796.58 509.02 827.11 592.06 1.76 0.61 0.49 -4.11 1.85 55.11 -1.571 0.000 0.000 0.000 1.00 0.0000000000 0.0000000000 0.0000000000 1.0000000000 True True True False
Pedestrian 0.00 2 -1 855.57 526.06 871.19 567.10 -1.00 -1.00 -1.00 -1000.00 -1000.00 -1000.00 -1.000 -1.000 -1.000 -1.000 1.00 -1000.0000000000 -1000.0000000000 -1000.0000000000 -1000.0000000000 True False False False
Pedestrian 0.00 0 -1 869.77 531.62 885.68 570.95 -1.00 -1.00 -1.00 -1000.00 -1000.00 -1000.00 -1.000 -1.000 -1.000 -1.000 1.00 -1000.0000000000 -1000.0000000000 -1000.0000000000 -1000.0000000000 True False False False
