PassengerCar 0.74 0 -1 1663.70 521.95 1920.00 848.68 1.33 1.81 4.05 4.07 1.33 9.08 -1.586 0.000 0.000 -0.015 1.00 0.0000000000 0.0000000000 -0.0077462223 0.9999699976 True False True False
PassengerCar 0.00 1 -1 1418.59 506.79 1834.13 746.87 1.41 1.73 4.11 4.03 1.41 14.95 -1.594 0.000 0.000 -0.024 1.00 0.0000000000 0.0000000000 -0.0117766464 0.9999306529 True True True False
PassengerCar 0.00 1 -1 1284.15 514.40 1501.65 664.80 1.43 1.66 3.93 4.04 1.50 23.53 -1.575 -0.014 0.009 -0.005 1.00 -0.0068738134 0.0044627580 -0.0022991174 0.9999637736 True True True False
PassengerCar 0.00 3 -1 1178.29 515.01 1331.10 613.71 1.45 1.87 3.75 3.96 1.50 35.95 -1.574 0.000 0.000 -0.003 1.00 0.0000000000 0.0000000000 -0.0014893608 0.9999988909 True True True False
PassengerCar 0.00 2 -1 1140.25 510.77 1278.06 594.08 1.46 1.92 4.17 3.97 1.56 42.93 -1.624 -0.011 0.006 -0.053 1.00 -0.0052229468 0.0030543306 -0.0265824449 0.9996283137 True True True False
PassengerCar 0.00 2 -1 1115.82 504.16 1195.55 580.32 1.61 1.80 3.98 3.98 1.55 54.80 -1.582 -0.018 0.009 -0.011 1.00 -0.0091817143 0.0046110717 -0.0056431127 0.9999312923 True True True False
PassengerCar 0.00 3 -1 1111.18 512.59 1195.02 570.83 1.67 1.80 4.22 4.13 1.73 59.83 -1.563 0.000 0.000 0.008 1.00 0.0000000000 0.0000000000 0.0039092832 0.9999923587 True True True False
PassengerCar 0.00 2 -1 1080.26 510.37 1149.95 559.39 1.50 1.75 3.97 3.94 1.58 74.65 -1.602 -0.018 -0.000 -0.032 1.00 -0.0088050331 0.0001077992 -0.0158503558 0.9998355995 True True True False
PassengerCar 0.74 0 -1 0.00 529.11 153.04 707.53 1.35 2.03 4.46 -7.62 1.52 16.46 1.562 0.000 0.000 3.132 1.00 0.0000000000 0.0000000000 0.9999894527 0.0045928715 True False True False
PassengerCar 0.00 0 -1 226.75 486.10 480.49 648.58 1.80 1.73 4.49 -7.36 1.57 27.65 -4.686 0.023 0.014 -3.115 1.00 0.0071358854 -0.0113912850 -0.9998219855 0.0132406577 True True True False
PassengerCar 0.00 0 -1 536.47 518.77 674.81 604.31 1.43 1.87 4.13 -6.87 1.64 42.67 -4.698 -0.007 0.000 -3.127 1.00 0.0001316820 0.0034034588 -0.9999680030 0.0072382327 True True True False
PassengerCar 0.00 2 -1 583.75 518.43 697.48 589.59 1.45 1.80 3.99 -7.08 1.66 48.48 1.563 -0.025 -0.000 3.134 1.00 0.0000485690 -0.0122611436 0.9999169833 0.0039608702 True True True False
PassengerCar 0.00 2 -1 643.08 517.58 745.32 580.25 1.41 1.80 3.83 -6.80 1.63 54.56 1.555 0.028 0.000 3.126 1.00 -0.0001082252 0.0137812025 0.9998741968 0.0078522229 True True True False
PassengerCar 0.00 3 -1 671.28 511.15 757.48 570.42 1.59 1.80 3.91 -7.43 1.73 63.36 1.560 0.038 -0.000 3.130 1.00 0.0002080811 0.0191349982 0.9998015197 0.0055434372 True True True False
PassengerCar 0.00 2 -1 691.25 511.42 765.73 565.61 1.54 1.72 3.75 -7.39 1.74 68.31 -4.709 0.033 -0.001 -3.139 1.00 -0.0002811645 -0.0164160312 -0.9998641481 0.0014561007 True True True False
PassengerCar 0.00 2 -1 1061.48 513.45 1118.64 555.33 -1.00 -1.00 -1.00 -1000.00 -1000.00 -1000.00 -1.000 -1.000 -1.000 -1.000 1.00 -1000.0000000000 -1000.0000000000 -1000.0000000000 -1000.0000000000 True True False False
PassengerCar 0.00 1 -1 1028.93 513.36 1077.60 550.80 -1.00 -1.00 -1.00 -1000.00 -1000.00 -1000.00 -1.000 -1.000 -1.000 -1.000 1.00 -1000.0000000000 -1000.0000000000 -1000.0000000000 -1000.0000000000 True True False False
PassengerCar 0.00 0 -1 981.40 507.85 1033.34 547.50 -1.00 -1.00 -1.00 -1000.00 -1000.00 -1000.00 -1.000 -1.000 -1.000 -1.000 1.00 -1000.0000000000 -1000.0000000000 -1000.0000000000 -1000.0000000000 True True False False
DontCare 0.00 -1 -1 1201.53 515.61 1407.99 635.37 1.45 2.13 4.05 3.77 1.48 28.21 -1.569 0.000 0.000 0.002 1.00 0.0000000000 0.0000000000 0.0007592865 0.9999997117 False False False False
Pedestrian 0.00 0 -1 926.10 507.80 938.90 547.71 -1.00 -1.00 -1.00 -1000.00 -1000.00 -1000.00 -1.000 -1.000 -1.000 -1.000 1.00 -1000.0000000000 -1000.0000000000 -1000.0000000000 -1000.0000000000 True True False False
Pedestrian 0.00 0 -1 515.72 505.68 546.40 586.94 1.62 0.58 0.47 -9.24 1.60 47.46 -1.609 0.000 0.000 -0.039 1.00 0.0000000000 0.0000000000 -0.0192670986 0.9998143722 True True True False
Pedestrian 0.00 1 -1 479.47 500.74 512.72 592.59 1.84 0.51 0.67 -9.99 1.66 47.62 -1.455 0.000 0.000 0.116 1.00 0.0000000000 0.0000000000 0.0577606724 0.9983304587 True True True False
Pedestrian 0.00 1 -1 505.60 494.75 534.15 582.45 2.01 0.68 0.42 -10.91 1.71 54.63 -4.706 0.000 0.000 -3.135 1.00 0.0000000000 0.0000000000 -0.9999951078 0.0031280108 True True True False
Pedestrian 0.00 1 -1 544.82 496.10 576.86 575.44 1.82 0.75 0.37 -9.90 1.53 54.39 1.545 0.000 0.000 3.116 1.00 0.0000000000 0.0000000000 0.9999189385 0.0127324954 True True True True
Pedestrian 0.00 2 -1 528.30 506.09 548.19 577.71 -1.00 -1.00 -1.00 -1000.00 -1000.00 -1000.00 -1.000 -1.000 -1.000 -1.000 1.00 -1000.0000000000 -1000.0000000000 -1000.0000000000 -1000.0000000000 True True False False
Pedestrian 0.00 3 -1 542.40 508.70 571.13 570.59 -1.00 -1.00 -1.00 -1000.00 -1000.00 -1000.00 -1.000 -1.000 -1.000 -1.000 1.00 -1000.0000000000 -1000.0000000000 -1000.0000000000 -1000.0000000000 True True False True
Pedestrian 0.00 0 -1 175.95 478.85 220.38 630.51 1.83 0.43 0.33 -9.63 1.48 28.93 -4.582 0.000 0.000 -3.011 1.00 0.0000000000 0.0000000000 -0.9978812122 0.0650621734 True False True False
Pedestrian 0.00 2 -1 214.78 486.20 254.88 626.50 1.63 0.44 0.29 -9.21 1.36 28.91 1.571 0.000 0.000 3.141 1.00 0.0000000000 0.0000000000 0.9999999941 0.0001087901 True False True False
Pedestrian 0.00 0 -1 140.09 484.75 193.14 627.90 1.69 0.49 0.46 -9.87 1.43 28.37 1.535 0.000 0.000 3.106 1.00 0.0000000000 0.0000000000 0.9998372983 0.0180382096 True False True True
Pedestrian 0.00 2 -1 244.46 480.37 295.77 616.08 -1.00 -1.00 -1.00 -1000.00 -1000.00 -1000.00 -1.000 -1.000 -1.000 -1.000 1.00 -1000.0000000000 -1000.0000000000 -1000.0000000000 -1000.0000000000 True False False False
