PassengerCar 0.42 0 -1 0.00 463.88 533.53 1006.00 1.50 1.63 2.91 -2.47 1.38 7.31 -1.571 0.000 0.000 0.000 1.00 0.0000000000 0.0000000000 0.0000000000 1.0000000000 True True True False
PassengerCar 0.00 1 -1 193.04 489.60 681.79 831.14 1.43 1.55 3.48 -2.54 1.38 11.67 -1.550 0.018 0.000 0.021 1.00 0.0090410829 0.0000941297 0.0104103458 0.9999049328 True True True False
PassengerCar 0.00 1 -1 523.67 523.14 801.69 729.53 1.34 1.86 3.55 -2.32 1.47 16.68 -1.596 0.017 0.000 -0.025 1.00 0.0084054541 -0.0000453821 -0.0125232736 0.9998862505 True True True False
PassengerCar 0.00 2 -1 668.10 506.37 856.46 688.20 1.57 1.76 3.89 -2.10 1.59 22.15 -1.628 0.024 0.000 -0.058 1.00 0.0119542322 -0.0003447217 -0.0288227458 0.9995129948 True True True False
PassengerCar 0.00 2 -1 749.84 527.85 896.35 639.20 1.40 1.79 4.06 -2.19 1.68 32.18 -1.596 0.011 -0.000 -0.025 1.00 0.0055804250 -0.0002458273 -0.0125405159 0.9999057625 True True True False
PassengerCar 0.00 3 -1 807.89 528.49 918.08 613.76 1.59 1.96 4.23 -2.37 1.99 45.47 -1.593 -0.000 -0.010 -0.022 1.00 -0.0001966559 -0.0052306647 -0.0111834316 0.9999237633 True True True False
PassengerCar 0.00 3 -1 902.00 528.32 959.06 594.06 -1.00 -1.00 -1.00 -1000.00 -1000.00 -1000.00 -1.000 -1.000 -1.000 -1.000 1.00 -1000.0000000000 -1000.0000000000 -1000.0000000000 -1000.0000000000 True True False False
PassengerCar 0.00 0 -1 992.10 529.11 1028.20 558.98 -1.00 -1.00 -1.00 -1000.00 -1000.00 -1000.00 -1.000 -1.000 -1.000 -1.000 1.00 -1000.0000000000 -1000.0000000000 -1000.0000000000 -1000.0000000000 True True False False
PassengerCar 0.85 0 -1 1773.53 465.85 1920.00 885.57 1.36 1.60 4.05 4.81 1.25 8.68 -0.636 0.000 0.000 0.935 1.00 0.0000000000 0.0000000000 0.4505461911 0.8927531180 True False True False
PassengerCar 0.55 2 -1 1572.70 520.30 1920.00 796.91 1.29 1.77 4.12 4.92 1.34 11.73 -0.640 0.000 0.000 0.931 1.00 0.0000000000 0.0000000000 0.4489952315 0.8935341527 True False True False
PassengerCar 0.21 2 -1 1420.33 494.85 1920.00 746.79 1.38 1.69 4.03 4.66 1.34 14.66 -0.581 0.000 0.000 0.990 1.00 0.0000000000 0.0000000000 0.4750897120 0.8799373646 True True True False
PassengerCar 0.00 2 -1 1322.59 478.99 1829.13 715.13 1.65 1.71 3.71 4.40 1.47 17.24 -0.490 0.000 0.000 1.081 1.00 0.0000000000 0.0000000000 0.5145907098 0.8574359459 True True True False
PassengerCar 0.00 2 -1 1226.42 467.95 1640.96 670.87 1.87 1.78 4.16 4.58 1.52 22.94 -0.449 0.000 0.000 1.122 1.00 0.0000000000 0.0000000000 0.5320569292 0.8467085827 True True True True
PassengerCar 0.00 3 -1 1189.15 525.42 1482.62 657.09 1.38 0.97 3.03 3.72 1.55 25.07 -0.442 -0.007 -0.003 1.129 1.00 -0.0019835239 -0.0031318519 0.5350518228 0.8448111056 True True True False
PassengerCar 0.00 3 -1 1174.15 484.05 1496.38 620.18 2.02 1.96 4.19 4.67 1.70 30.96 -0.555 0.000 0.000 1.016 1.00 0.0000000000 0.0000000000 0.4864078996 0.8737318554 True True True False
PassengerCar 0.00 3 -1 1095.19 511.18 1264.43 586.32 2.04 1.67 4.00 4.82 2.08 60.45 -0.540 0.000 0.000 1.031 1.00 0.0000000000 0.0000000000 0.4928151769 0.8701340135 True True True False
PassengerCar 0.00 3 -1 1112.79 515.78 1283.21 595.19 1.44 1.79 3.72 4.55 1.68 48.26 -0.665 0.000 0.000 0.906 1.00 0.0000000000 0.0000000000 0.4377019151 0.8991201441 True True True False
PassengerCar 0.00 3 -1 1077.47 525.78 1226.36 579.20 1.58 1.82 4.24 4.99 2.12 71.63 -0.551 0.000 0.000 1.020 1.00 0.0000000000 0.0000000000 0.4882112190 0.8727255042 True True True False
PassengerCar 0.00 3 -1 938.78 532.08 983.43 566.71 -1.00 -1.00 -1.00 -1000.00 -1000.00 -1000.00 -1.000 -1.000 -1.000 -1.000 1.00 -1000.0000000000 -1000.0000000000 -1000.0000000000 -1000.0000000000 True True False False
