PassengerCar 0.50 0 -1 1415.53 411.15 1920.00 941.14 1.50 1.83 3.77 2.65 1.13 7.77 -1.601 0.080 0.013 -0.030 1.00 0.0400394709 0.0057356357 -0.0152046208 0.9990659452 True True True False
PassengerCar 0.00 2 -1 1266.93 443.14 1724.37 757.26 1.59 1.80 3.57 2.68 1.15 12.96 -1.594 0.041 0.014 -0.023 1.00 0.0207683021 0.0065789816 -0.0115004260 0.9996965214 True True True False
PassengerCar 0.00 2 -1 1030.09 484.21 1216.78 635.61 1.50 1.81 4.14 1.59 1.33 26.63 -1.637 0.050 -0.014 -0.066 1.00 0.0248793278 -0.0079654471 -0.0328502918 0.9991188263 True True True False
PassengerCar 0.00 3 -1 1008.83 494.73 1179.17 619.49 1.41 1.80 4.12 1.33 1.30 31.22 -1.618 0.059 0.023 -0.047 1.00 0.0296610618 0.0106507510 -0.0237699092 0.9992205834 True True True False
PassengerCar 0.00 3 -1 987.90 499.76 1111.36 599.63 1.43 1.80 4.17 0.93 1.35 37.80 -1.572 0.047 0.006 -0.001 1.00 0.0235941269 0.0030383362 -0.0004834282 0.9997168859 True True True False
PassengerCar 0.62 0 -1 0.00 499.94 209.76 753.52 1.72 1.93 4.52 -7.22 1.54 16.67 -4.689 -0.031 0.001 -3.118 1.00 0.0000705762 0.0155048958 -0.9998084170 0.0119466561 True False True False
PassengerCar 0.00 0 -1 300.89 528.20 495.13 648.28 1.44 1.73 3.51 -7.61 1.70 30.15 1.531 0.000 0.000 3.102 1.00 0.0000000000 0.0000000000 0.9998003566 0.0199811668 True True True False
PassengerCar 0.00 1 -1 441.74 501.41 609.15 621.01 1.77 1.97 4.93 -7.40 1.71 38.11 1.512 -0.022 0.000 3.083 1.00 -0.0003438022 -0.0110727240 0.9995132368 0.0291644666 True True True False
PassengerCar 0.00 1 -1 682.42 524.23 750.29 581.85 1.49 1.71 3.83 -7.29 1.93 63.05 1.550 -0.005 -0.000 3.121 1.00 0.0000267489 -0.0025604738 0.9999421588 0.0104461621 True True True False
PassengerCar 0.00 1 -1 713.06 511.44 787.97 577.14 1.81 1.80 4.38 -6.81 1.92 67.89 1.548 -0.007 0.008 3.119 1.00 -0.0042561595 -0.0035316671 0.9999213405 0.0112572281 True True True False
PassengerCar 0.00 3 -1 734.28 520.66 802.06 571.20 1.52 1.80 4.18 -6.77 1.91 72.86 1.547 0.000 0.000 3.118 1.00 0.0000000000 0.0000000000 0.9999282235 0.0119811419 True True True False
PassengerCar 0.00 3 -1 750.06 521.29 813.51 567.70 1.48 1.80 4.20 -6.74 1.92 77.31 1.549 0.000 0.000 3.120 1.00 0.0000000000 0.0000000000 0.9999403611 0.0109212734 True True True False
PassengerCar 0.00 0 -1 840.07 521.32 905.64 567.11 -1.00 -1.00 -1.00 -1000.00 -1000.00 -1000.00 -1.000 -1.000 -1.000 -1.000 1.00 -1000.0000000000 -1000.0000000000 -1000.0000000000 -1000.0000000000 True True False False
PassengerCar 0.00 2 -1 866.58 519.93 937.94 559.66 -1.00 -1.00 -1.00 -1000.00 -1000.00 -1000.00 -1.000 -1.000 -1.000 -1.000 1.00 -1000.0000000000 -1000.0000000000 -1000.0000000000 -1000.0000000000 True True False False
PassengerCar 0.00 2 -1 914.10 520.28 969.82 553.49 -1.00 -1.00 -1.00 -1000.00 -1000.00 -1000.00 -1.000 -1.000 -1.000 -1.000 1.00 -1000.0000000000 -1000.0000000000 -1000.0000000000 -1000.0000000000 True True False False
PassengerCar 0.00 1 -1 959.58 512.72 1006.72 543.24 -1.00 -1.00 -1.00 -1000.00 -1000.00 -1000.00 -1.000 -1.000 -1.000 -1.000 1.00 -1000.0000000000 -1000.0000000000 -1000.0000000000 -1000.0000000000 True True False True
