PassengerCar 0.00 0 -1 582.10 502.72 693.03 581.03 1.94 1.97 4.59 -8.66 1.76 58.48 -4.606 0.000 0.000 -3.035 1.00 0.0000000000 0.0000000000 -0.9985832485 0.0532118014 True True True False
PassengerCar 0.00 1 -1 650.88 518.97 740.41 570.06 1.44 1.80 3.85 -8.04 1.70 66.33 -4.653 0.000 0.000 -3.082 1.00 0.0000000000 0.0000000000 -0.9995599587 0.0296629214 True True True False
PassengerCar 0.00 -1 -1 854.86 493.86 893.81 528.53 -1.00 -1.00 -1.00 -1000.00 -1000.00 -1000.00 -1.000 -1.000 -1.000 -1.000 1.00 -1000.0000000000 -1000.0000000000 -1000.0000000000 -1000.0000000000 -1 -1 -1 -1
PassengerCar 0.00 -1 -1 883.87 488.75 923.21 523.11 -1.00 -1.00 -1.00 -1000.00 -1000.00 -1000.00 -1.000 -1.000 -1.000 -1.000 1.00 -1000.0000000000 -1000.0000000000 -1000.0000000000 -1000.0000000000 -1 -1 -1 -1
PassengerCar 0.00 -1 -1 896.62 484.27 949.45 519.44 -1.00 -1.00 -1.00 -1000.00 -1000.00 -1000.00 -1.000 -1.000 -1.000 -1.000 1.00 -1000.0000000000 -1000.0000000000 -1000.0000000000 -1000.0000000000 -1 -1 -1 -1
PassengerCar 0.00 -1 -1 1089.81 484.67 1131.72 521.92 -1.00 -1.00 -1.00 -1000.00 -1000.00 -1000.00 -1.000 -1.000 -1.000 -1.000 1.00 -1000.0000000000 -1000.0000000000 -1000.0000000000 -1000.0000000000 -1 -1 -1 -1
PassengerCar 0.00 -1 -1 381.85 514.71 443.25 554.07 -1.00 -1.00 -1.00 -1000.00 -1000.00 -1000.00 -1.000 -1.000 -1.000 -1.000 1.00 -1000.0000000000 -1000.0000000000 -1000.0000000000 -1000.0000000000 -1 -1 -1 -1
LargeVehicle 0.00 0 -1 694.94 457.18 856.05 552.54 2.77 2.86 17.48 -6.96 1.10 80.38 -4.651 0.002 0.036 -3.081 1.00 0.0178557561 -0.0005442508 -0.9993762950 0.0304613989 True True True False
Pedestrian 0.00 0 -1 200.19 503.83 238.83 595.55 2.06 0.64 0.63 -17.35 2.02 53.09 -3.069 0.000 0.000 -1.499 1.00 0.0000000000 0.0000000000 -0.6811589333 0.7321355801 True False True True
Pedestrian 0.00 0 -1 279.96 510.54 308.56 590.32 1.86 0.54 0.56 -16.06 1.92 54.34 0.034 0.000 0.000 1.604 1.00 0.0000000000 0.0000000000 0.7189160004 0.6950969604 True False True True
Pedestrian 0.00 0 -1 239.85 498.01 277.13 596.00 2.21 0.56 0.60 -16.49 1.99 52.97 0.065 0.000 0.000 1.636 1.00 0.0000000000 0.0000000000 0.7296153439 0.6838577702 True False True True
Pedestrian 0.00 -1 -1 1152.55 477.35 1176.25 537.71 -1.00 -1.00 -1.00 -1000.00 -1000.00 -1000.00 -1.000 -1.000 -1.000 -1.000 1.00 -1000.0000000000 -1000.0000000000 -1000.0000000000 -1000.0000000000 -1 -1 -1 -1
Pedestrian 0.00 -1 -1 1126.47 479.48 1145.33 528.11 -1.00 -1.00 -1.00 -1000.00 -1000.00 -1000.00 -1.000 -1.000 -1.000 -1.000 1.00 -1000.0000000000 -1000.0000000000 -1000.0000000000 -1000.0000000000 -1 -1 -1 -1
