PassengerCar 0.00 0 -1 940.98 499.64 1060.75 605.55 1.45 1.87 4.16 0.11 1.28 35.37 -1.598 -0.000 0.014 -0.027 1.00 0.0000165026 0.0068660952 -0.0133754060 0.9998869711 True True True False
PassengerCar 0.00 0 -1 818.91 503.61 897.33 576.09 1.62 1.69 3.97 -2.96 1.51 54.05 -1.581 0.000 -0.005 -0.010 1.00 0.0000714117 -0.0026165731 -0.0049262663 0.9999844401 True True True False
PassengerCar 0.00 1 -1 883.69 503.74 939.64 555.39 -1.00 -1.00 -1.00 -1000.00 -1000.00 -1000.00 -1.000 -1.000 -1.000 -1.000 1.00 -1000.0000000000 -1000.0000000000 -1000.0000000000 -1000.0000000000 True True False False
PassengerCar 0.00 3 -1 929.52 509.61 960.93 538.16 -1.00 -1.00 -1.00 -1000.00 -1000.00 -1000.00 -1.000 -1.000 -1.000 -1.000 1.00 -1000.0000000000 -1000.0000000000 -1000.0000000000 -1000.0000000000 True False False False
PassengerCar 0.00 0 -1 1152.17 482.46 1295.68 600.37 1.59 1.89 4.19 3.24 1.19 33.15 -1.511 0.056 0.015 0.059 1.00 0.0275687371 0.0085262089 0.0294341126 0.9991500896 True True True False
PassengerCar 0.00 2 -1 1115.07 498.29 1210.72 588.03 1.40 1.67 4.01 3.14 1.28 40.11 -1.510 0.029 0.000 0.060 1.00 0.0143336379 0.0004332333 0.0302080353 0.9994407605 True True True False
PassengerCar_is_group 0.00 3 -1 1034.00 506.82 1109.28 564.29 1.57 2.01 8.12 3.23 1.55 63.00 -1.576 0.000 0.000 -0.005 1.00 0.0000000000 0.0000000000 -0.0024384267 0.9999970270 True True True False
PassengerCar 0.00 3 -1 1100.70 504.24 1190.44 583.51 1.45 1.35 3.55 2.97 1.39 44.95 -1.606 0.000 0.000 -0.035 1.00 0.0000000000 0.0000000000 -0.0174524054 0.9998476952 True True True False
PassengerCar 0.00 3 -1 1083.68 504.65 1177.49 572.81 1.40 1.69 4.40 3.03 1.35 50.81 -1.587 0.000 0.000 -0.016 1.00 0.0000000000 0.0000000000 -0.0079600880 0.9999683180 True True True False
PassengerCar 0.00 3 -1 951.53 493.09 1029.68 574.51 1.53 1.60 4.13 0.02 1.26 48.87 -1.571 0.000 0.017 0.000 1.00 0.0000000000 0.0086869526 0.0000000000 0.9999622677 True True True False
DontCare 0.00 -1 -1 147.97 520.49 241.80 576.63 -1.00 -1.00 -1.00 -1000.00 -1000.00 -1000.00 -1.000 -1.000 -1.000 -1.000 1.00 -1000.0000000000 -1000.0000000000 -1000.0000000000 -1000.0000000000 False False False False
DontCare 0.00 -1 -1 506.67 522.08 586.56 556.02 -1.00 -1.00 -1.00 -1000.00 -1000.00 -1000.00 -1.000 -1.000 -1.000 -1.000 1.00 -1000.0000000000 -1000.0000000000 -1000.0000000000 -1000.0000000000 False False False False
DontCare 0.00 -1 -1 620.92 512.28 641.59 557.06 -1.00 -1.00 -1.00 -1000.00 -1000.00 -1000.00 -1.000 -1.000 -1.000 -1.000 1.00 -1000.0000000000 -1000.0000000000 -1000.0000000000 -1000.0000000000 False False False False
Pedestrian 0.00 0 -1 1679.26 331.68 1808.22 772.28 1.81 0.70 0.31 3.15 1.06 9.75 -3.175 0.000 0.000 -1.604 1.00 0.0000000000 0.0000000000 -0.7188778749 0.6951363902 True False True True
Pedestrian 0.00 0 -1 1440.08 404.38 1534.54 748.05 1.63 0.53 0.40 2.44 1.14 11.37 -3.078 0.008 0.027 -1.508 1.00 0.0119014757 0.0070475484 -0.6843546811 0.7290180775 True True True False
Pedestrian 0.00 0 -1 1816.17 430.64 1874.25 569.54 1.73 0.70 0.68 11.06 0.76 30.29 0.344 0.000 0.000 1.915 1.00 0.0000000000 0.0000000000 0.8176722083 0.5756840798 True False True False
Pedestrian 0.00 1 -1 1652.70 442.50 1700.65 580.72 1.72 0.39 0.55 8.67 0.90 29.68 -1.571 0.027 0.000 0.000 1.00 0.0134260356 0.0000000000 0.0000000000 0.9999098667 True False True False
Pedestrian 0.00 0 -1 1783.86 447.87 1830.63 569.76 1.47 0.55 0.39 10.25 0.73 29.39 0.825 0.029 0.008 2.396 1.00 0.0014824222 0.0149202274 0.9311156531 0.3644157376 True False True False
Pedestrian 0.00 2 -1 1523.64 443.56 1577.04 582.94 1.83 0.71 0.59 7.81 0.97 32.58 -1.571 0.038 0.000 0.000 1.00 0.0189258206 0.0000000000 0.0000000000 0.9998208906 True False True False
Pedestrian_is_group 0.00 2 -1 1274.40 475.95 1328.87 572.14 2.10 0.86 0.82 7.92 1.28 59.43 -1.473 0.010 0.000 0.098 1.00 0.0047588699 0.0002324282 0.0487823380 0.9987980690 True True True False
Pedestrian 0.00 3 -1 1434.09 397.83 1535.72 722.46 1.75 0.47 0.46 2.53 1.20 12.00 -3.029 0.000 0.000 -1.458 1.00 0.0000000000 0.0000000000 -0.6662246289 0.7457511273 True True True False
