PassengerCar 0.00 0 -1 1085.70 484.57 1334.62 640.64 1.50 1.82 4.49 2.17 1.12 23.08 -1.669 0.006 0.023 -0.099 1.00 0.0034117625 0.0113783771 -0.0493229416 0.9987122408 True True True False
PassengerCar 0.00 0 -1 410.06 514.20 507.31 579.29 1.50 1.80 4.20 -12.78 1.44 56.60 1.540 -0.029 -0.001 3.111 1.00 0.0002193579 -0.0144452405 0.9997803720 0.0151820540 True True True False
PassengerCar 0.00 2 -1 466.35 507.44 542.40 568.18 1.57 1.80 4.20 -13.07 1.42 61.89 1.519 -0.012 0.001 3.090 1.00 -0.0008577241 -0.0059376750 0.9996522321 0.0256792360 True True True False
PassengerCar 0.00 2 -1 516.63 514.84 578.66 561.59 -1.00 -1.00 -1.00 -1000.00 -1000.00 -1000.00 -1.000 -1.000 -1.000 -1.000 1.00 -1000.0000000000 -1000.0000000000 -1000.0000000000 -1000.0000000000 True True False False
PassengerCar 0.00 2 -1 545.10 519.31 600.77 558.38 -1.00 -1.00 -1.00 -1000.00 -1000.00 -1000.00 -1.000 -1.000 -1.000 -1.000 1.00 -1000.0000000000 -1000.0000000000 -1000.0000000000 -1000.0000000000 True True False False
PassengerCar 0.00 2 -1 569.86 518.12 640.50 556.71 -1.00 -1.00 -1.00 -1000.00 -1000.00 -1000.00 -1.000 -1.000 -1.000 -1.000 1.00 -1000.0000000000 -1000.0000000000 -1000.0000000000 -1000.0000000000 True True False False
PassengerCar 0.00 1 -1 639.68 509.21 722.09 545.89 -1.00 -1.00 -1.00 -1000.00 -1000.00 -1000.00 -1.000 -1.000 -1.000 -1.000 1.00 -1000.0000000000 -1000.0000000000 -1000.0000000000 -1000.0000000000 True True False False
PassengerCar 0.00 0 -1 747.82 506.79 791.87 545.96 -1.00 -1.00 -1.00 -1000.00 -1000.00 -1000.00 -1.000 -1.000 -1.000 -1.000 1.00 -1000.0000000000 -1000.0000000000 -1000.0000000000 -1000.0000000000 True True False False
PassengerCar 0.00 2 -1 440.65 514.53 523.95 573.74 -1.00 -1.00 -1.00 -1000.00 -1000.00 -1000.00 -1.000 -1.000 -1.000 -1.000 1.00 -1000.0000000000 -1000.0000000000 -1000.0000000000 -1000.0000000000 True True False False
RidableVehicle 0.00 0 -1 1447.81 450.92 1502.68 580.70 1.99 0.73 1.72 7.29 0.86 34.64 -1.565 0.000 0.000 0.006 1.00 0.0000000000 0.0000000000 0.0030217498 0.9999954345 True True True False
RidableVehicle 0.00 0 -1 1508.29 452.65 1559.95 577.41 1.83 0.70 1.69 8.19 0.94 34.64 -1.571 0.000 0.000 0.000 1.00 0.0000000000 0.0000000000 0.0000000000 1.0000000000 True True True False
Pedestrian 0.00 0 -1 1573.44 465.39 1608.69 568.09 1.62 0.60 0.51 9.75 0.77 37.70 1.551 0.000 0.000 3.122 1.00 0.0000000000 0.0000000000 0.9999508499 0.0099145200 True False True True
Pedestrian 0.00 0 -1 1604.99 467.20 1640.75 567.69 1.61 0.38 0.61 10.33 0.76 37.61 1.546 -0.000 0.015 3.117 1.00 -0.0076685609 -0.0000950599 0.9998937717 0.0123947350 True False True True
Pedestrian 0.00 1 -1 1651.07 459.42 1683.14 565.70 1.55 0.47 0.24 10.83 0.71 36.91 1.548 0.000 0.000 3.119 1.00 0.0000000000 0.0000000000 0.9999347663 0.0114220495 True False True True
Pedestrian 0.00 1 -1 1683.27 459.30 1720.59 571.26 1.75 0.50 0.45 11.41 0.67 36.94 1.522 0.000 0.000 3.092 1.00 0.0000000000 0.0000000000 0.9996975232 0.0245939432 True False True True
Pedestrian 0.00 0 -1 1689.30 449.98 1756.82 643.45 1.67 0.45 0.57 6.50 1.05 20.50 -3.456 0.000 0.000 -1.885 1.00 0.0000000000 0.0000000000 -0.8090516658 0.5877375282 True False True False
Pedestrian 0.46 0 -1 1866.17 440.77 1920.00 643.63 1.54 0.49 0.48 7.51 1.01 19.08 -3.122 0.000 0.000 -1.552 1.00 0.0000000000 0.0000000000 -0.7002701811 0.7138779121 True False True False
Pedestrian 0.00 1 -1 1685.35 451.10 1714.91 570.49 -1.00 -1.00 -1.00 -1000.00 -1000.00 -1000.00 -1.000 -1.000 -1.000 -1.000 1.00 -1000.0000000000 -1000.0000000000 -1000.0000000000 -1000.0000000000 True False False False
