PassengerCar 0.00 2 -1 471.22 506.88 554.51 569.57 1.49 1.84 4.12 -12.16 1.44 60.03 1.413 0.017 0.000 2.984 1.00 0.0005675189 0.0086210231 0.9968526586 0.0788043960 True True True False
PassengerCar 0.00 2 -1 392.87 514.23 516.24 589.53 1.33 1.81 4.03 -10.52 1.52 47.54 1.389 0.035 0.006 2.960 1.00 -0.0015952237 0.0175181788 0.9957254604 0.0906718047 True True True False
PassengerCar 0.00 0 -1 296.28 507.50 476.91 632.69 1.54 1.97 4.11 -8.24 1.57 32.31 1.463 0.042 0.005 3.033 1.00 -0.0015194912 0.0213385376 0.9983068605 0.0540903892 True True True False
PassengerCar 0.00 2 -1 264.73 524.96 336.16 569.68 -1.00 -1.00 -1.00 -1000.00 -1000.00 -1000.00 -1.000 -1.000 -1.000 -1.000 1.00 -1000.0000000000 -1000.0000000000 -1000.0000000000 -1000.0000000000 True False False False
PassengerCar 0.00 0 -1 607.40 513.02 684.60 548.79 -1.00 -1.00 -1.00 -1000.00 -1000.00 -1000.00 -1.000 -1.000 -1.000 -1.000 1.00 -1000.0000000000 -1000.0000000000 -1000.0000000000 -1000.0000000000 True True False False
PassengerCar 0.00 0 -1 727.71 510.91 807.58 542.59 -1.00 -1.00 -1.00 -1000.00 -1000.00 -1000.00 -1.000 -1.000 -1.000 -1.000 1.00 -1000.0000000000 -1000.0000000000 -1000.0000000000 -1000.0000000000 True True False False
PassengerCar 0.00 0 -1 223.99 525.82 306.36 575.96 -1.00 -1.00 -1.00 -1000.00 -1000.00 -1000.00 -1.000 -1.000 -1.000 -1.000 1.00 -1000.0000000000 -1000.0000000000 -1000.0000000000 -1000.0000000000 True False False False
Pedestrian 0.06 0 -1 946.45 494.32 968.24 552.90 1.79 0.61 0.55 -0.95 1.38 72.48 1.448 0.000 0.000 3.019 1.00 0.0000000000 0.0000000000 0.9981298282 0.0611297472 True True True False
Pedestrian 0.07 0 -1 926.73 493.88 945.73 551.55 1.83 0.53 0.50 -1.61 1.35 72.55 1.390 0.000 0.000 2.961 1.00 0.0000000000 0.0000000000 0.9959299080 0.0901311172 True True True False
Pedestrian 0.06 0 -1 1027.85 485.40 1055.60 554.39 1.71 0.52 0.47 1.43 1.17 61.33 1.405 0.000 -0.010 2.975 1.00 0.0048566536 -0.0004045609 0.9965366440 0.0830118445 True True True False
Pedestrian 0.05 0 -1 1058.87 487.17 1085.37 552.10 1.68 0.54 0.50 2.19 1.15 61.57 1.400 0.000 0.000 2.971 1.00 0.0000000000 0.0000000000 0.9963564773 0.0852864003 True True True False
Pedestrian 0.00 1 -1 1122.41 476.56 1150.78 552.67 1.88 0.58 0.57 3.71 1.10 58.57 -1.678 0.000 0.005 -0.107 1.00 0.0001450530 0.0027087596 -0.0534727869 0.9985656226 True True True False
Pedestrian 0.05 0 -1 1143.07 474.33 1167.46 552.51 1.92 0.50 0.51 4.12 1.09 58.08 -1.702 0.000 0.000 -0.131 1.00 0.0000000000 0.0000000000 -0.0655832042 0.9978471042 True True True False
Pedestrian 0.00 0 -1 1195.29 473.07 1228.12 553.72 1.84 0.63 0.71 5.14 1.03 53.56 1.383 0.000 0.000 2.953 1.00 0.0000000000 0.0000000000 0.9955740591 0.0939802792 True True True False
Pedestrian 0.00 0 -1 1238.63 471.31 1267.80 552.27 1.87 0.52 0.50 6.12 1.03 54.43 1.340 0.000 0.000 2.911 1.00 0.0000000000 0.0000000000 0.9933445473 0.1151807722 True True True False
Pedestrian 0.00 0 -1 1290.29 480.31 1318.85 551.59 1.70 0.57 0.50 7.37 0.97 54.67 1.303 0.000 0.000 2.874 1.00 0.0000000000 0.0000000000 0.9910639544 0.1333875495 True True True False
Pedestrian 0.00 0 -1 1603.01 451.74 1645.96 576.18 1.69 0.49 0.36 8.91 0.93 32.94 -0.819 0.000 0.000 0.752 1.00 0.0000000000 0.0000000000 0.3669975193 0.9302219202 True False True False
Pedestrian 0.00 0 -1 1674.03 451.50 1723.94 570.78 1.67 0.49 0.43 10.08 0.88 33.43 -3.532 0.000 0.000 -1.961 1.00 0.0000000000 0.0000000000 -0.8308273670 0.5565302204 True False True False
