PassengerCar 0.88 0 -1 1651.87 371.41 1920.00 951.00 1.46 1.87 3.85 3.03 1.01 5.50 -1.571 0.000 0.000 0.000 1.00 0.0000000000 0.0000000000 0.0000000000 1.0000000000 True False True False
PassengerCar 0.06 1 -1 1368.41 486.43 1896.06 806.63 1.40 1.83 4.01 3.02 1.28 11.63 -1.587 0.000 0.007 -0.016 1.00 0.0000273104 0.0034639951 -0.0078837782 0.9999629223 True True True False
PassengerCar 0.90 0 -1 0.00 444.16 130.29 907.73 1.36 1.75 3.77 -4.71 1.16 7.44 -2.614 0.000 0.000 -1.043 1.00 0.0000000000 0.0000000000 -0.4982276670 0.8670462455 True False True False
PassengerCar 0.42 2 -1 0.00 483.64 460.31 796.58 1.16 1.73 3.71 -4.24 1.09 10.62 -2.442 0.003 -0.005 -0.871 1.00 0.0004296074 -0.0029249704 -0.4219720478 0.9066040210 True True True False
PassengerCar 0.00 1 -1 67.08 489.16 669.28 693.47 1.30 1.65 3.62 -4.12 1.18 15.72 -2.761 0.011 0.000 -1.191 1.00 0.0046855080 -0.0030505288 -0.5607627542 0.8279576522 True True True False
PassengerCar 0.00 1 -1 371.50 458.85 742.58 645.27 1.55 1.86 2.71 -3.86 1.16 21.13 -2.591 0.003 0.006 -1.020 1.00 0.0028192904 0.0019343946 -0.4883073032 0.8726650488 True True True False
Pedestrian 0.00 0 -1 1193.96 482.06 1238.78 608.54 1.82 0.47 0.63 3.25 1.42 33.59 -2.875 -0.003 -0.011 -1.304 1.00 -0.0047189445 -0.0032997666 -0.6067156243 0.7948981031 True True True False
Pedestrian_is_group 0.00 0 -1 1219.31 480.52 1272.77 609.89 1.79 0.50 0.65 3.83 1.46 34.62 -2.887 0.000 0.000 -1.316 1.00 0.0000000000 0.0000000000 -0.6114827468 0.7912577648 True True True False
Pedestrian 0.00 0 -1 1275.71 485.12 1332.28 602.70 1.75 0.55 0.74 4.77 1.41 35.81 -3.126 0.000 0.000 -1.556 1.00 0.0000449465 -0.0000401335 -0.7017033893 0.7124691922 True True True False
Pedestrian 0.00 0 -1 1321.48 478.25 1363.06 605.20 1.64 0.59 0.68 5.20 1.41 34.97 -3.060 0.000 0.000 -1.490 1.00 0.0000000000 0.0000000000 -0.6778288449 0.7352197339 True True True False
Pedestrian 0.00 1 -1 1412.08 484.74 1452.80 584.50 1.51 0.58 0.58 6.86 1.17 36.33 -2.965 0.000 0.000 -1.395 1.00 0.0000000000 0.0000000000 -0.6421875151 0.7665475820 True True True False
Pedestrian 0.00 0 -1 1172.71 481.56 1198.84 569.11 1.87 0.54 0.56 4.21 1.25 49.73 -3.124 0.000 0.000 -1.553 1.00 0.0000000000 0.0000000000 -0.7008495225 0.7133091523 True True True False
Pedestrian 0.05 0 -1 1088.63 489.44 1111.24 568.44 1.59 0.51 0.46 2.32 1.24 49.64 0.002 0.000 0.000 1.573 1.00 0.0000000000 0.0000000000 0.7078215886 0.7063912504 True True True False
Pedestrian 0.00 1 -1 935.64 492.78 953.48 538.58 -1.00 -1.00 -1.00 -1000.00 -1000.00 -1000.00 -1.000 -1.000 -1.000 -1.000 1.00 -1000.0000000000 -1000.0000000000 -1000.0000000000 -1000.0000000000 True True False False
Pedestrian 0.07 1 -1 720.84 495.96 738.83 550.58 1.53 0.45 0.58 -7.54 1.17 68.87 -4.588 -0.001 -0.005 -3.017 1.00 -0.0023933764 0.0004541204 -0.9980519917 0.0623400950 True True True False
