PassengerCar 0.00 0 -1 1159.44 495.29 1318.70 614.37 1.46 1.87 4.43 3.32 1.29 30.62 -1.566 0.000 0.000 0.005 1.00 0.0000000000 0.0000000000 0.0025157424 0.9999968355 True True True False
PassengerCar 0.00 2 -1 1134.32 505.12 1268.64 601.19 1.50 1.84 4.11 3.27 1.47 36.27 -1.545 0.000 0.000 0.026 1.00 0.0000000000 0.0000000000 0.0127509353 0.9999187035 True True True False
PassengerCar 0.00 -1 -1 1118.86 508.37 1211.31 581.93 -1.00 -1.00 -1.00 -1000.00 -1000.00 -1000.00 -1.000 -1.000 -1.000 -1.000 1.00 -1000.0000000000 -1000.0000000000 -1000.0000000000 -1000.0000000000 -1 -1 -1 -1
PassengerCar 0.00 3 -1 1117.09 505.82 1222.97 580.10 1.45 1.83 4.45 3.68 1.42 48.32 -1.571 0.000 0.000 0.000 1.00 0.0000000000 0.0000000000 0.0000000000 1.0000000000 True True True False
PassengerCar 0.00 0 -1 1087.33 504.20 1178.19 573.59 1.52 1.82 4.18 3.26 1.45 53.81 -1.571 0.000 0.000 0.000 1.00 0.0000000000 0.0000000000 0.0000000000 1.0000000000 True True True False
PassengerCar 0.00 0 -1 829.91 515.88 912.22 579.03 1.45 1.82 4.16 -2.66 1.63 54.26 -1.665 0.000 0.000 -0.094 1.00 0.0000000000 0.0000000000 -0.0468731919 0.9989008479 True True True False
PassengerCar 0.00 1 -1 170.24 523.66 348.99 626.11 1.52 1.83 4.22 -11.46 1.77 37.34 1.488 -0.008 0.001 3.059 1.00 -0.0006637616 -0.0040491505 0.9991413092 0.0412287296 True True True False
PassengerCar 0.00 -1 -1 929.75 514.89 976.75 550.99 -1.00 -1.00 -1.00 -1000.00 -1000.00 -1000.00 -1.000 -1.000 -1.000 -1.000 1.00 -1000.0000000000 -1000.0000000000 -1000.0000000000 -1000.0000000000 -1 -1 -1 -1
PassengerCar 0.00 -1 -1 1046.29 512.55 1089.63 549.59 -1.00 -1.00 -1.00 -1000.00 -1000.00 -1000.00 -1.000 -1.000 -1.000 -1.000 1.00 -1000.0000000000 -1000.0000000000 -1000.0000000000 -1000.0000000000 -1 -1 -1 -1
PassengerCar 0.00 -1 -1 1039.28 514.96 1076.96 550.67 -1.00 -1.00 -1.00 -1000.00 -1000.00 -1000.00 -1.000 -1.000 -1.000 -1.000 1.00 -1000.0000000000 -1000.0000000000 -1000.0000000000 -1000.0000000000 -1 -1 -1 -1
PassengerCar 0.00 -1 -1 1227.01 500.97 1335.58 562.46 -1.00 -1.00 -1.00 -1000.00 -1000.00 -1000.00 -1.000 -1.000 -1.000 -1.000 1.00 -1000.0000000000 -1000.0000000000 -1000.0000000000 -1000.0000000000 -1 -1 -1 -1
Vehicle 0.00 2 -1 16.38 537.98 179.86 618.50 1.88 2.08 4.75 -21.96 2.64 58.33 -1.553 0.000 0.000 0.017 1.00 0.0000000000 0.0000000000 0.0086691665 0.9999624221 True False True False
LargeVehicle 0.00 -1 -1 951.54 498.47 991.37 535.81 -1.00 -1.00 -1.00 -1000.00 -1000.00 -1000.00 -1.000 -1.000 -1.000 -1.000 1.00 -1000.0000000000 -1000.0000000000 -1000.0000000000 -1000.0000000000 -1 -1 -1 -1
Pedestrian 0.00 0 -1 39.05 525.54 73.09 612.11 1.59 0.59 0.61 -17.72 1.96 44.78 -1.964 0.000 0.000 -0.393 1.00 0.0000000000 0.0000000000 -0.1954769902 0.9807082881 True True True False
Pedestrian 0.00 0 -1 1588.13 382.37 1685.24 669.57 1.76 0.51 0.59 4.08 0.99 14.81 -4.306 0.000 0.000 -2.735 1.00 0.0000000000 0.0000000000 -0.9794060183 0.2019005974 True False True False
Pedestrian 0.00 1 -1 1679.18 458.39 1728.79 575.67 1.59 0.48 0.71 10.00 0.92 32.92 -1.571 0.000 0.000 0.000 1.00 0.0000000000 0.0000000000 0.0000000000 1.0000000000 True False True False
Pedestrian 0.00 0 -1 1538.53 396.77 1627.77 653.94 1.80 0.56 0.45 4.24 1.03 16.78 -1.455 0.000 0.000 0.116 1.00 0.0000000000 0.0000000000 0.0580727057 0.9983123564 True True True False
Pedestrian 0.00 1 -1 1510.53 437.96 1587.19 649.99 1.54 0.46 0.34 4.11 1.03 17.25 1.510 0.000 0.000 3.081 1.00 0.0000000000 0.0000000000 0.9995409947 0.0302952129 True True True False
