PassengerCar 0.00 0 -1 836.43 509.76 971.05 606.51 1.14 1.85 4.20 -1.15 1.31 35.86 -1.530 0.000 0.000 0.041 1.00 0.0000000000 0.0000000000 0.0204891504 0.9997900753 True True True False
PassengerCar 0.00 1 -1 951.87 505.86 1036.16 577.54 1.63 1.82 4.12 0.24 1.29 53.19 -1.623 -0.001 0.022 -0.052 1.00 -0.0002935986 0.0112353885 -0.0261210238 0.9995956042 True True True False
PassengerCar 0.00 0 -1 1080.24 514.23 1151.84 571.95 1.34 1.80 4.20 3.34 1.48 60.49 -1.531 0.000 0.000 0.040 1.00 0.0000000000 0.0000000000 0.0199390286 0.9998011978 True True True False
DontCare 0.00 -1 -1 1715.40 454.47 1752.80 543.13 -1.00 -1.00 -1.00 -1000.00 -1000.00 -1000.00 -1.000 -1.000 -1.000 -1.000 1.00 -1000.0000000000 -1000.0000000000 -1000.0000000000 -1000.0000000000 False False False False
DontCare 0.00 -1 -1 1330.35 499.17 1450.49 574.91 1.37 1.76 4.15 8.09 1.21 45.94 -1.581 0.000 0.000 -0.010 1.00 0.0000000000 0.0000000000 -0.0052439258 0.9999862505 False False False False
DontCare 0.00 -1 -1 1285.34 508.01 1379.70 570.83 1.14 1.72 4.20 8.43 1.31 57.86 -1.574 0.000 0.000 -0.003 1.00 0.0000000000 0.0000000000 -0.0014726559 0.9999989156 False False False False
DontCare 0.00 -1 -1 385.67 531.59 511.03 590.41 1.49 1.68 4.20 -16.53 2.36 73.13 -4.321 0.000 0.000 -2.750 1.00 0.0000000000 0.0000000000 -0.9809153665 0.1944351917 False False False False
DontCare 0.00 -1 -1 261.01 535.80 377.43 590.27 1.53 1.82 4.39 -19.18 2.34 67.14 -4.536 0.000 0.000 -2.965 1.00 0.0000000000 0.0000000000 -0.9961155248 0.0880560117 False False False False
DontCare 0.00 -1 -1 161.10 533.12 295.85 597.59 1.52 1.80 4.20 -19.75 2.14 61.38 -4.572 0.000 0.000 -3.001 1.00 0.0000000000 0.0000000000 -0.9975344230 0.0701788786 False False False False
DontCare 0.00 -1 -1 34.25 538.58 193.87 612.73 1.58 1.80 4.20 -20.18 2.18 54.60 -4.686 0.000 0.000 -3.115 1.00 0.0000000000 0.0000000000 -0.9999109022 0.0133486985 False False False False
Obstacle 0.00 2 -1 278.85 524.34 293.65 569.72 -1.00 -1.00 -1.00 -1000.00 -1000.00 -1000.00 -1.000 -1.000 -1.000 -1.000 1.00 -1000.0000000000 -1000.0000000000 -1000.0000000000 -1000.0000000000 True False False False
Obstacle 0.00 2 -1 173.47 524.70 194.15 579.10 -1.00 -1.00 -1.00 -1000.00 -1000.00 -1000.00 -1.000 -1.000 -1.000 -1.000 1.00 -1000.0000000000 -1000.0000000000 -1000.0000000000 -1000.0000000000 True False False False
Obstacle 0.00 1 -1 394.41 523.48 408.54 566.42 -1.00 -1.00 -1.00 -1000.00 -1000.00 -1000.00 -1.000 -1.000 -1.000 -1.000 1.00 -1000.0000000000 -1000.0000000000 -1000.0000000000 -1000.0000000000 True True False False
Obstacle 0.00 2 -1 407.91 528.85 422.61 565.95 -1.00 -1.00 -1.00 -1000.00 -1000.00 -1000.00 -1.000 -1.000 -1.000 -1.000 1.00 -1000.0000000000 -1000.0000000000 -1000.0000000000 -1000.0000000000 True False False False
Obstacle 0.00 1 -1 730.20 519.32 742.09 551.25 -1.00 -1.00 -1.00 -1000.00 -1000.00 -1000.00 -1.000 -1.000 -1.000 -1.000 1.00 -1000.0000000000 -1000.0000000000 -1000.0000000000 -1000.0000000000 True True False False
Obstacle 0.00 1 -1 740.64 520.74 753.61 550.60 -1.00 -1.00 -1.00 -1000.00 -1000.00 -1000.00 -1.000 -1.000 -1.000 -1.000 1.00 -1000.0000000000 -1000.0000000000 -1000.0000000000 -1000.0000000000 True True False False
Pedestrian 0.00 0 -1 1064.46 515.57 1080.10 557.90 -1.00 -1.00 -1.00 -1000.00 -1000.00 -1000.00 -1.000 -1.000 -1.000 -1.000 1.00 -1000.0000000000 -1000.0000000000 -1000.0000000000 -1000.0000000000 True True False False
Pedestrian 0.00 0 -1 1054.94 515.75 1065.84 558.41 -1.00 -1.00 -1.00 -1000.00 -1000.00 -1000.00 -1.000 -1.000 -1.000 -1.000 1.00 -1000.0000000000 -1000.0000000000 -1000.0000000000 -1000.0000000000 True True False False
Pedestrian 0.00 1 -1 1059.69 519.12 1073.06 554.52 -1.00 -1.00 -1.00 -1000.00 -1000.00 -1000.00 -1.000 -1.000 -1.000 -1.000 1.00 -1000.0000000000 -1000.0000000000 -1000.0000000000 -1000.0000000000 True True False False
Pedestrian 0.00 0 -1 1041.78 516.07 1058.71 558.73 -1.00 -1.00 -1.00 -1000.00 -1000.00 -1000.00 -1.000 -1.000 -1.000 -1.000 1.00 -1000.0000000000 -1000.0000000000 -1000.0000000000 -1000.0000000000 True True False False
Pedestrian 0.00 0 -1 367.23 517.87 394.71 585.02 -1.00 -1.00 -1.00 -1000.00 -1000.00 -1000.00 -1.000 -1.000 -1.000 -1.000 1.00 -1000.0000000000 -1000.0000000000 -1000.0000000000 -1000.0000000000 True False False False
Pedestrian 0.00 0 -1 517.49 525.52 534.38 565.25 -1.00 -1.00 -1.00 -1000.00 -1000.00 -1000.00 -1.000 -1.000 -1.000 -1.000 1.00 -1000.0000000000 -1000.0000000000 -1000.0000000000 -1000.0000000000 True True False False
Pedestrian 0.00 0 -1 532.54 526.35 546.51 564.16 -1.00 -1.00 -1.00 -1000.00 -1000.00 -1000.00 -1.000 -1.000 -1.000 -1.000 1.00 -1000.0000000000 -1000.0000000000 -1000.0000000000 -1000.0000000000 True True False False
Pedestrian 0.00 0 -1 550.11 525.52 565.33 565.25 -1.00 -1.00 -1.00 -1000.00 -1000.00 -1000.00 -1.000 -1.000 -1.000 -1.000 1.00 -1000.0000000000 -1000.0000000000 -1000.0000000000 -1000.0000000000 True True False False
Pedestrian 0.00 0 -1 638.43 524.95 652.81 563.01 -1.00 -1.00 -1.00 -1000.00 -1000.00 -1000.00 -1.000 -1.000 -1.000 -1.000 1.00 -1000.0000000000 -1000.0000000000 -1000.0000000000 -1000.0000000000 True True False False
Pedestrian 0.00 2 -1 612.92 525.84 625.06 563.66 -1.00 -1.00 -1.00 -1000.00 -1000.00 -1000.00 -1.000 -1.000 -1.000 -1.000 1.00 -1000.0000000000 -1000.0000000000 -1000.0000000000 -1000.0000000000 True True False False
Pedestrian 0.00 2 -1 623.56 525.35 634.96 564.21 -1.00 -1.00 -1.00 -1000.00 -1000.00 -1000.00 -1.000 -1.000 -1.000 -1.000 1.00 -1000.0000000000 -1000.0000000000 -1000.0000000000 -1000.0000000000 True True False False
Pedestrian 0.00 1 -1 717.17 519.16 730.40 551.69 -1.00 -1.00 -1.00 -1000.00 -1000.00 -1000.00 -1.000 -1.000 -1.000 -1.000 1.00 -1000.0000000000 -1000.0000000000 -1000.0000000000 -1000.0000000000 True True False False
