PassengerCar 0.00 0 -1 973.77 483.59 1043.72 513.72 -1.00 -1.00 -1.00 -1000.00 -1000.00 -1000.00 -1.000 -1.000 -1.000 -1.000 1.00 -1000.0000000000 -1000.0000000000 -1000.0000000000 -1000.0000000000 True True False False
PassengerCar 0.00 1 -1 709.48 494.77 769.25 533.19 -1.00 -1.00 -1.00 -1000.00 -1000.00 -1000.00 -1.000 -1.000 -1.000 -1.000 1.00 -1000.0000000000 -1000.0000000000 -1000.0000000000 -1000.0000000000 True True False False
PassengerCar 0.00 1 -1 753.40 493.25 819.29 534.91 -1.00 -1.00 -1.00 -1000.00 -1000.00 -1000.00 -1.000 -1.000 -1.000 -1.000 1.00 -1000.0000000000 -1000.0000000000 -1000.0000000000 -1000.0000000000 True True False False
PassengerCar 0.74 0 -1 0.00 505.01 134.06 713.90 1.35 1.87 3.80 -7.92 1.35 17.19 -4.673 0.000 0.000 -3.102 1.00 0.0000000000 0.0000000000 -0.9998072431 0.0196335593 True False True False
PassengerCar 0.00 2 -1 573.94 504.26 669.10 571.13 -1.00 -1.00 -1.00 -1000.00 -1000.00 -1000.00 -1.000 -1.000 -1.000 -1.000 1.00 -1000.0000000000 -1000.0000000000 -1000.0000000000 -1000.0000000000 True True False False
PassengerCar 0.00 2 -1 1303.79 487.15 1383.39 554.58 1.58 1.41 3.42 8.82 1.10 56.94 -1.571 0.000 0.000 0.000 1.00 0.0000000000 0.0000000000 0.0000000000 1.0000000000 True True True False
PassengerCar 0.00 2 -1 1345.48 485.63 1432.80 556.41 1.50 1.31 3.59 8.78 1.04 51.77 -1.571 0.000 0.000 0.000 1.00 0.0000000000 0.0000000000 0.0000000000 1.0000000000 True True True False
PassengerCar 0.00 2 -1 1392.97 464.73 1521.76 563.45 1.80 1.59 4.37 9.01 1.02 45.09 -1.571 0.000 0.000 0.000 1.00 0.0000000000 0.0000000000 0.0000000000 1.0000000000 True True True False
LargeVehicle 0.00 0 -1 27.30 358.05 630.31 642.24 2.85 2.99 17.99 -8.21 1.31 32.85 -4.686 0.000 0.011 -3.115 1.00 0.0057307028 -0.0000760869 -0.9998954507 0.0132755766 True True True False
Pedestrian 0.00 0 -1 1062.77 396.36 1269.09 787.88 1.60 0.64 0.82 0.77 1.20 10.41 -0.052 -0.001 0.018 1.518 1.00 -0.0063822710 0.0060565369 0.6883272063 0.7253469805 True True True False
Pedestrian 0.00 0 -1 1219.31 395.56 1427.39 771.34 1.74 0.59 0.91 1.59 1.18 11.21 -0.002 0.000 0.000 1.569 1.00 0.0000000000 0.0000000000 0.7064894072 0.7077236166 True True True False
Pedestrian 0.00 0 -1 1424.80 356.28 1636.12 777.17 1.73 1.00 0.74 2.26 1.10 10.13 -0.052 0.000 0.000 1.518 1.00 0.0000000000 0.0000000000 0.6883372860 0.7253907779 True True True False
Pedestrian 0.00 0 -1 1519.52 366.69 1705.05 766.18 1.79 0.79 0.61 2.82 1.13 10.69 -0.027 0.000 0.000 1.543 1.00 0.0000000000 0.0000000000 0.6973750521 0.7167063811 True True True False
Pedestrian 0.00 3 -1 1083.94 395.83 1178.63 726.50 1.71 1.00 0.39 0.74 1.13 12.69 -0.010 0.000 0.000 1.560 1.00 0.0000000000 0.0000000000 0.7034210087 0.7107734411 True True True False
Pedestrian 0.00 2 -1 1798.08 413.25 1880.48 617.34 2.09 0.58 0.92 8.89 1.12 24.61 -1.484 0.000 0.000 0.086 1.00 0.0000000000 0.0000000000 0.0431885676 0.9990669385 True True True False
