PassengerCar 0.57 0 -1 0.00 395.67 350.51 808.90 1.49 1.84 4.24 -4.50 1.09 9.80 -2.406 -0.015 0.014 -0.835 1.00 -0.0041214875 0.0092921759 -0.4054299511 0.9140695945 True True True False
PassengerCar 0.35 3 -1 0.00 466.06 398.41 731.12 1.41 1.77 3.80 -5.37 1.15 14.08 -2.538 -0.017 0.005 -0.967 1.00 -0.0062448585 0.0062234582 -0.4648651071 0.8853376206 True True True False
PassengerCar 0.00 2 -1 7.24 464.98 539.54 677.19 1.37 1.83 3.94 -5.31 1.12 17.35 -2.456 0.000 0.000 -0.885 1.00 0.0000000000 0.0000000000 -0.4283983130 0.9035899985 True True True False
PassengerCar 0.00 2 -1 188.68 475.20 602.96 649.83 1.41 1.80 3.92 -5.29 1.15 20.82 -2.401 0.000 0.000 -0.831 1.00 0.0000000000 0.0000000000 -0.4035033423 0.9149781706 True True True False
PassengerCar 0.00 3 -1 343.18 488.71 656.26 639.06 1.49 1.89 3.99 -5.33 1.26 24.32 -2.432 0.000 0.000 -0.861 1.00 0.0000000000 0.0000000000 -0.4174216124 0.9087129346 True True False False
PassengerCar 0.00 3 -1 383.90 492.96 671.17 627.04 1.50 1.89 3.79 -5.82 1.35 27.97 -2.454 0.001 -0.006 -0.883 1.00 -0.0007097991 -0.0028446721 -0.4273981872 0.9040587335 True True True False
PassengerCar 0.00 3 -1 405.98 492.67 702.87 612.22 1.54 1.81 3.76 -5.82 1.32 31.44 -2.576 0.000 0.000 -1.005 1.00 0.0000000000 0.0000000000 -0.4816226095 0.8763787207 True True True False
PassengerCar 0.00 2 -1 537.32 496.85 810.48 610.43 1.54 1.82 4.12 -4.59 1.40 34.03 -2.340 0.000 0.000 -0.769 1.00 0.0000000000 0.0000000000 -0.3749938792 0.9270272868 True True True False
PassengerCar 0.00 0 -1 801.81 513.02 903.31 593.63 1.48 1.76 3.81 -2.50 1.56 42.77 -1.648 -0.066 -0.005 -0.077 1.00 -0.0332012657 -0.0012803210 -0.0385125004 0.9987055743 True True True False
PassengerCar 0.86 0 -1 1744.05 451.88 1920.00 996.33 1.40 1.83 3.79 3.99 1.20 7.65 -1.566 0.000 0.000 0.005 1.00 0.0000000000 0.0000000000 0.0023667968 0.9999971991 True False True False
PassengerCar 0.13 1 -1 1438.90 481.94 1920.00 771.08 1.43 1.83 3.96 3.86 1.28 13.29 -1.585 0.000 0.000 -0.014 1.00 0.0000000000 0.0000000000 -0.0068961089 0.9999762216 True True True False
PassengerCar 0.00 2 -1 1337.22 492.77 1636.77 693.66 1.46 1.79 3.81 3.91 1.32 18.52 -1.556 0.000 0.000 0.015 1.00 0.0000000000 0.0000000000 0.0074466479 0.9999722733 True True True False
PassengerCar 0.00 2 -1 1229.00 473.22 1481.48 652.74 1.65 1.85 4.54 3.60 1.34 23.89 -1.571 0.000 0.000 0.000 1.00 0.0000000000 0.0000000000 0.0000000000 1.0000000000 True True True False
