PassengerCar 0.00 3 -1 772.06 527.00 813.10 561.65 -1.00 -1.00 -1.00 -1000.00 -1000.00 -1000.00 -1.000 -1.000 -1.000 -1.000 1.00 -1000.0000000000 -1000.0000000000 -1000.0000000000 -1000.0000000000 True True False True
PassengerCar 0.00 0 -1 750.41 525.55 797.26 564.33 -1.00 -1.00 -1.00 -1000.00 -1000.00 -1000.00 -1.000 -1.000 -1.000 -1.000 1.00 -1000.0000000000 -1000.0000000000 -1000.0000000000 -1000.0000000000 True True False False
PassengerCar 0.00 0 -1 718.31 533.88 766.62 570.74 -1.00 -1.00 -1.00 -1000.00 -1000.00 -1000.00 -1.000 -1.000 -1.000 -1.000 1.00 -1000.0000000000 -1000.0000000000 -1000.0000000000 -1000.0000000000 True True False False
DontCare 0.79 -1 -1 1658.59 543.88 1920.00 789.18 1.45 1.80 4.19 4.94 1.09 9.36 -2.600 -0.010 0.005 -1.029 1.00 -0.0030273397 0.0046613666 -0.4921049734 0.8705181227 False False False False
DontCare 0.00 -1 -1 1138.69 459.48 1487.71 594.51 1.92 2.04 4.78 4.85 1.09 35.03 -2.631 0.000 0.000 -1.060 1.00 0.0000000000 0.0000000000 -0.5057127732 0.8627019132 False False False False
DontCare 0.00 -1 -1 1199.81 508.55 1509.55 614.71 1.38 1.81 3.93 4.82 1.12 28.92 -2.722 0.000 0.000 -1.152 1.00 0.0000000000 0.0000000000 -0.5445194596 0.8387482090 False False False False
DontCare 0.00 -1 -1 1182.37 465.30 1507.39 600.51 1.70 1.83 4.47 5.13 1.11 31.93 -2.706 0.000 0.000 -1.135 1.00 0.0000000000 0.0000000000 -0.5377150873 0.8431266126 False False False False
DontCare 0.00 -1 -1 1274.76 495.94 1599.23 635.89 1.39 1.81 3.97 4.73 1.16 25.98 -2.596 0.000 0.000 -1.026 1.00 0.0000000000 0.0000000000 -0.4906090478 0.8713798036 False False False False
DontCare 0.00 -1 -1 1273.85 506.19 1603.55 636.76 1.40 1.81 3.95 4.78 1.10 23.14 -2.703 0.000 0.000 -1.133 1.00 0.0000000000 0.0000000000 -0.5365553644 0.8438651201 False False False False
DontCare 0.00 -1 -1 1314.20 490.03 1768.38 654.21 1.51 1.80 4.20 4.45 1.08 20.35 -2.616 0.000 0.000 -1.045 1.00 0.0000000000 0.0000000000 -0.4989549454 0.8666279262 False False False False
DontCare 0.34 -1 -1 1441.40 494.57 1894.44 678.53 1.51 1.85 4.24 5.73 1.13 16.73 -2.474 0.000 0.000 -0.903 1.00 0.0000000000 0.0000000000 -0.4364501549 0.8997284381 False False False False
DontCare 0.43 -1 -1 1480.83 428.13 1920.00 705.14 1.50 1.67 4.20 5.35 1.08 14.53 -2.612 0.000 0.000 -1.041 1.00 0.0000000000 0.0000000000 -0.4973844140 0.8675302558 False False False False
