PassengerCar 0.85 2 -1 0.00 482.82 221.23 1024.00 1.39 1.71 3.69 -4.45 1.33 7.27 -2.775 0.008 0.019 -1.205 1.00 0.0085305261 0.0057277453 -0.5665635053 0.8239540142 True False True False
PassengerCar 0.38 2 -1 0.00 470.01 489.05 840.71 1.36 1.29 3.05 -3.73 1.23 9.82 -2.729 0.000 0.000 -1.158 1.00 0.0000000000 0.0000000000 -0.5472986458 0.8369373885 True True True False
PassengerCar 0.26 3 -1 0.00 522.58 527.64 791.10 1.27 1.57 3.80 -4.60 1.38 13.18 -2.663 0.012 0.028 -1.092 1.00 0.0123695792 0.0091560385 -0.5192168725 0.8545039495 True True True False
PassengerCar 0.00 1 -1 250.61 448.22 788.01 728.53 1.74 1.84 3.18 -3.24 1.37 16.24 -2.595 0.022 0.020 -1.024 1.00 0.0148210464 0.0034222925 -0.4901713380 0.8714933642 True True True False
PassengerCar 0.00 0 -1 791.07 457.78 1368.03 909.59 1.30 1.66 4.41 0.26 1.18 8.98 -1.571 0.000 -0.004 0.000 1.00 0.0000000000 -0.0022275571 0.0000000000 0.9999975190 True True True False
PassengerCar 0.86 0 -1 1741.66 495.65 1920.00 1024.00 1.30 1.66 3.97 4.39 1.28 7.44 -0.570 0.000 0.000 1.001 1.00 0.0000000000 0.0000000000 0.4797724552 0.8773929514 True False True False
PassengerCar 0.68 2 -1 1626.74 500.08 1920.00 856.16 1.34 1.67 3.95 4.93 1.32 10.53 -0.507 0.000 0.000 1.064 1.00 0.0000000000 0.0000000000 0.5072469698 0.8618007377 True False True False
PassengerCar 0.47 2 -1 1544.27 512.21 1920.00 744.58 1.43 1.78 3.83 5.24 1.36 13.47 -0.504 0.000 0.000 1.067 1.00 0.0000000000 0.0000000000 0.5084362159 0.8610996541 True False True False
PassengerCar 0.00 2 -1 1395.96 499.80 1835.54 716.58 1.36 1.52 2.65 4.30 1.31 16.09 -0.582 0.000 0.000 0.989 1.00 0.0000000000 0.0000000000 0.4744392721 0.8802882353 True True True False
Vehicle 0.00 2 -1 665.10 485.17 880.53 635.88 -1.00 -1.00 -1.00 -1000.00 -1000.00 -1000.00 -1.000 -1.000 -1.000 -1.000 1.00 -1000.0000000000 -1000.0000000000 -1000.0000000000 -1000.0000000000 True False False True
