PassengerCar 0.00 0 -1 999.37 489.34 1130.06 577.40 1.73 1.99 3.42 1.61 1.38 48.28 -1.323 0.000 0.000 0.248 1.00 0.0000000000 0.0000000000 0.1237893634 0.9923085173 True True True False
PassengerCar 0.00 2 -1 1063.70 494.51 1172.05 562.78 1.50 1.75 3.72 3.00 1.22 53.78 -1.311 0.000 0.000 0.260 1.00 0.0000000000 0.0000000000 0.1296658587 0.9915577467 True True True False
PassengerCar 0.00 2 -1 1111.36 489.57 1206.31 552.28 1.52 1.62 3.38 4.31 1.09 59.07 -1.261 0.000 0.000 0.310 1.00 0.0000000000 0.0000000000 0.1543643153 0.9880139969 True True True False
PassengerCar 0.00 2 -1 1166.67 479.64 1254.20 535.67 1.68 1.91 3.82 6.07 0.92 65.17 -1.276 0.000 0.000 0.294 1.00 0.0000000000 0.0000000000 0.1467025010 0.9891806590 True True True False
PassengerCar_is_group 0.00 3 -1 1229.16 468.43 1322.31 536.73 2.69 1.98 4.21 9.13 0.89 74.48 -1.212 0.000 0.000 0.359 1.00 0.0000000000 0.0000000000 0.1782963730 0.9839768307 True True True False
PassengerCar 0.00 2 -1 213.18 512.26 460.53 596.91 1.54 1.76 4.22 -11.07 1.50 40.59 -2.552 0.000 0.000 -0.981 1.00 0.0000000000 0.0000000000 -0.4709527731 0.8821584243 True False True False
Pedestrian 0.00 0 -1 354.06 371.76 558.98 1008.02 1.55 0.55 0.40 -1.34 1.22 6.01 -0.008 0.000 0.000 1.563 1.00 0.0000000000 0.0000000000 0.7044040924 0.7097991791 True True True False
Pedestrian 0.00 0 -1 785.32 295.58 1034.62 1024.00 1.77 0.92 0.56 -0.18 1.27 5.92 -0.018 0.000 0.000 1.553 1.00 0.0000000000 0.0000000000 0.7008709883 0.7132880608 True True True False
Pedestrian 0.20 1 -1 1150.07 288.13 1556.54 1024.00 1.70 1.92 0.67 0.74 1.30 5.35 -0.007 0.000 0.000 1.564 1.00 0.0000000000 0.0000000000 0.7045554901 0.7096489000 True True True False
Pedestrian 0.22 0 -1 1283.32 282.94 1558.82 1024.00 1.75 0.53 0.38 0.84 1.34 4.65 -0.153 0.000 0.000 1.418 1.00 0.0000000000 0.0000000000 0.6511119686 0.7589816891 True True True False
Pedestrian 0.00 1 -1 608.48 482.12 633.76 575.21 1.76 0.49 0.40 -6.97 1.27 44.73 -0.004 0.000 0.000 1.567 1.00 0.0000000000 0.0000000000 0.7057306598 0.7084802297 True True True False
Pedestrian 0.00 1 -1 628.33 489.72 654.02 580.51 1.75 0.58 0.45 -6.71 1.40 45.60 -0.071 0.000 0.000 1.499 1.00 0.0000000000 0.0000000000 0.6813887328 0.7319217136 True True True False
Pedestrian 0.00 1 -1 654.89 491.37 686.65 575.33 1.55 0.55 0.21 -5.94 1.20 44.04 -1.571 0.000 0.000 0.000 1.00 0.0000000000 0.0000000000 0.0000000000 1.0000000000 True True True False
Pedestrian 0.00 1 -1 707.13 491.94 735.31 580.89 1.69 0.50 0.32 -5.08 1.38 44.89 -1.571 0.000 0.000 0.000 1.00 0.0000000000 0.0000000000 0.0000000000 1.0000000000 True True True False
Pedestrian 0.00 1 -1 745.61 485.55 778.02 579.58 1.79 0.58 0.51 -4.33 1.36 45.04 -1.730 0.000 0.000 -0.159 1.00 0.0000000000 0.0000000000 -0.0795457205 0.9968312186 True True True False
Pedestrian 0.00 1 -1 1196.19 492.80 1232.27 578.23 1.58 0.53 0.66 4.20 1.30 43.76 -3.053 0.000 0.000 -1.483 1.00 0.0000000000 0.0000000000 -0.6752674436 0.7375729656 True True True True
Pedestrian 0.00 0 -1 1192.87 484.85 1229.77 575.35 1.59 0.46 0.59 4.15 1.22 43.46 -3.082 0.000 0.000 -1.511 1.00 0.0000000000 0.0000000000 -0.6857916444 0.7277979256 True True True False
Pedestrian_is_group 0.00 1 -1 1495.79 455.33 1547.93 561.12 1.87 0.58 0.82 9.54 0.94 42.01 -1.747 0.000 0.000 -0.176 1.00 0.0000000000 0.0000000000 -0.0879262385 0.9961269882 True False True True
Pedestrian_is_group 0.00 1 -1 1745.80 469.72 1790.27 565.62 1.68 0.99 0.53 13.86 1.01 41.87 -3.062 0.000 0.000 -1.491 1.00 0.0000000000 0.0000000000 -0.6782365448 0.7348436495 True False True True
Pedestrian 0.00 1 -1 1732.23 463.08 1765.09 565.44 1.82 0.56 0.48 13.91 0.99 43.02 -2.878 0.000 0.000 -1.307 1.00 0.0000000000 0.0000000000 -0.6079208690 0.7939976178 True False True False
Pedestrian 0.00 1 -1 1842.73 468.70 1884.08 563.61 1.72 0.55 0.56 15.99 1.01 43.02 -3.100 0.000 0.000 -1.530 1.00 0.0000000000 0.0000000000 -0.6923606257 0.7215516364 True False True False
Pedestrian 0.00 1 -1 1716.75 475.48 1747.68 560.94 1.62 0.42 0.51 14.21 1.01 45.00 -2.953 0.000 0.000 -1.382 1.00 0.0000000000 0.0000000000 -0.6373523003 0.7705725438 True False True False
Pedestrian 0.00 1 -1 1800.70 472.62 1829.55 563.62 1.64 0.35 0.41 15.01 1.01 42.76 -3.069 0.000 0.002 -1.498 1.00 0.0006500644 0.0006044415 -0.6809411293 0.7323376205 True False True False
Pedestrian 0.00 3 -1 1796.94 469.59 1827.69 563.44 1.71 0.52 0.40 15.27 1.02 43.64 -3.092 0.000 0.000 -1.521 1.00 0.0000000000 0.0000000000 -0.6893602783 0.7244186681 True False True False
Pedestrian 0.00 0 -1 1775.86 471.88 1811.60 561.53 1.71 0.42 0.55 15.47 1.02 45.23 -3.089 0.000 0.000 -1.519 1.00 0.0000000000 0.0000000000 -0.6884245998 0.7253079142 True False True False
Pedestrian 0.00 1 -1 1885.20 458.03 1914.52 561.29 1.95 0.42 0.39 17.27 1.00 44.62 -0.005 0.000 0.000 1.566 1.00 0.0000000000 0.0000000000 0.7053261099 0.7088829796 True False True False
Pedestrian 0.00 1 -1 1901.67 465.31 1920.00 577.36 -1.00 -1.00 -1.00 -1000.00 -1000.00 -1000.00 -1.000 -1.000 -1.000 -1.000 1.00 -1000.0000000000 -1000.0000000000 -1000.0000000000 -1000.0000000000 True False False False
Pedestrian 0.00 3 -1 1553.73 475.09 1592.34 567.54 -1.00 -1.00 -1.00 -1000.00 -1000.00 -1000.00 -1.000 -1.000 -1.000 -1.000 1.00 -1000.0000000000 -1000.0000000000 -1000.0000000000 -1000.0000000000 True False False False
Pedestrian 0.05 1 -1 1099.49 465.61 1122.89 549.75 2.33 0.51 0.65 3.43 1.16 65.59 -1.288 0.000 0.000 0.282 1.00 0.0000000000 0.0000000000 0.1407195090 0.9900495037 True True True False
Pedestrian 0.00 1 -1 1123.74 464.72 1146.93 545.35 2.39 0.64 0.44 3.97 1.19 64.28 -4.519 0.000 0.000 -2.948 1.00 0.0000000000 0.0000000000 -0.9953238078 0.0965946047 True True True False
