PassengerCar 0.00 0 -1 941.70 444.59 1053.95 524.78 1.39 1.88 3.84 0.24 0.20 44.96 -4.607 -0.015 0.024 -3.036 1.00 0.0115129205 0.0081553874 -0.9985042954 0.0528215332 True True True False
PassengerCar 0.00 0 -1 765.12 435.86 905.80 515.07 1.51 2.01 3.95 -3.18 0.07 49.60 -4.470 0.005 0.015 -2.899 1.00 0.0079632743 -0.0014038503 -0.9926175340 0.1210167207 True True True False
PassengerCar 0.00 2 -1 1178.46 447.71 1285.09 517.78 1.41 1.72 4.07 5.14 0.17 49.37 -1.672 0.013 0.025 -0.101 1.00 0.0071639497 0.0119469730 -0.0504092820 0.9986314896 True True True False
PassengerCar 0.00 1 -1 1142.81 450.75 1209.15 514.62 1.51 1.88 4.15 4.70 0.17 55.60 -1.625 -0.001 0.019 -0.055 1.00 -0.0002623442 0.0095943053 -0.0273322660 0.9995803258 True True True False
PassengerCar 0.00 1 -1 1117.01 454.62 1200.60 511.26 1.51 1.89 4.22 4.61 0.04 64.16 -1.563 0.000 0.010 0.008 1.00 0.0000461297 0.0048114442 0.0038159231 0.9999811431 True True False False
PassengerCar 0.00 3 -1 1081.71 459.85 1167.09 508.43 -1.00 -1.00 -1.00 -1000.00 -1000.00 -1000.00 -1.000 -1.000 -1.000 -1.000 1.00 -1000.0000000000 -1000.0000000000 -1000.0000000000 -1000.0000000000 True True False False
Pedestrian 0.00 0 -1 1472.75 424.94 1506.99 534.94 1.73 0.46 0.36 8.36 0.37 39.25 -1.590 0.000 0.000 -0.019 1.00 0.0000000000 0.0000000000 -0.0094115108 0.9999557108 True True True False
Pedestrian 0.00 0 -1 634.43 415.93 668.80 508.49 1.72 0.64 0.41 -6.45 -0.07 45.29 1.570 0.000 0.000 3.141 1.00 0.0000000000 0.0000000000 0.9999999684 0.0002512692 True True True False
Pedestrian 0.00 0 -1 597.82 409.89 629.48 498.04 1.66 0.48 0.54 -7.23 -0.23 45.44 -4.698 0.000 0.000 -3.127 1.00 0.0000000000 0.0000000000 -0.9999742802 0.0071720976 True True True False
Pedestrian_is_group 0.00 0 -1 535.63 419.08 580.14 570.77 1.71 0.38 0.66 -5.16 0.69 27.49 0.005 0.000 0.000 1.576 1.00 0.0000000000 0.0000000000 0.7088496372 0.7053596188 True True True False
Pedestrian 0.00 1 -1 423.78 412.91 470.07 550.33 1.72 0.50 0.42 -6.82 0.51 29.57 -0.036 0.000 0.000 1.535 1.00 0.0000000000 0.0000000000 0.6942100056 0.7197725114 True True True False
Pedestrian 0.00 0 -1 400.61 408.24 435.53 555.12 1.75 0.53 0.39 -7.05 0.55 28.95 -0.019 0.000 0.000 1.552 1.00 0.0000000000 0.0000000000 0.7003129087 0.7138359965 True True True False
Pedestrian 0.00 0 -1 353.33 404.74 403.70 553.59 1.82 0.56 0.47 -7.61 0.54 29.17 1.193 0.000 0.000 2.764 1.00 0.0000000000 0.0000000000 0.9822349962 0.1876550354 True True True False
Pedestrian 0.05 0 -1 1327.62 431.14 1350.36 516.80 1.82 0.47 0.38 7.65 0.19 51.16 -4.709 0.000 0.000 -3.139 1.00 0.0000000000 0.0000000000 -0.9999989106 0.0014760565 True True True False
Pedestrian 0.00 0 -1 1065.44 455.60 1083.67 507.79 -1.00 -1.00 -1.00 -1000.00 -1000.00 -1000.00 -1.000 -1.000 -1.000 -1.000 1.00 -1000.0000000000 -1000.0000000000 -1000.0000000000 -1000.0000000000 True True False False
Pedestrian 0.00 3 -1 1089.06 451.24 1103.55 501.44 -1.00 -1.00 -1.00 -1000.00 -1000.00 -1000.00 -1.000 -1.000 -1.000 -1.000 1.00 -1000.0000000000 -1000.0000000000 -1000.0000000000 -1000.0000000000 True True False False
Pedestrian 0.00 2 -1 503.24 418.52 546.31 558.05 1.67 0.55 0.43 -5.69 0.61 28.92 -0.012 0.000 0.000 1.558 1.00 0.0000000000 0.0000000000 0.7026859286 0.7115001657 True True True False
Pedestrian 0.00 3 -1 515.56 405.85 556.82 552.58 1.83 0.47 0.44 -5.68 0.56 29.61 -0.033 0.000 0.000 1.538 1.00 0.0000000000 0.0000000000 0.6954903773 0.7185354098 True True True False
Pedestrian 0.00 3 -1 367.01 419.39 405.95 547.76 1.60 0.53 0.44 -7.60 0.50 29.76 -0.315 0.000 0.000 1.256 1.00 0.0000000000 0.0000000000 0.5875507505 0.8091873180 True False True False
