PassengerCar 0.00 0 -1 593.86 446.96 1335.22 1024.00 1.41 2.03 3.70 -0.07 1.25 8.17 -1.571 0.000 0.000 0.000 1.00 0.0000000000 0.0000000000 0.0000000000 1.0000000000 True True True False
PassengerCar 0.00 3 -1 799.71 437.12 1167.21 742.62 1.51 2.10 3.86 -0.11 1.30 13.54 -1.575 0.000 0.000 -0.004 1.00 0.0000000000 0.0000000000 -0.0022163134 0.9999975440 False False True False
PassengerCar 0.57 0 -1 0.00 321.24 522.56 1024.00 1.67 1.93 3.94 -2.67 1.26 7.22 -1.580 0.000 0.000 -0.009 1.00 0.0000000000 0.0000000000 -0.0047012644 0.9999889490 True True True False
PassengerCar 0.00 0 -1 435.71 528.33 658.80 606.58 1.45 1.86 4.46 -8.89 1.77 46.21 -0.567 0.005 -0.012 1.004 1.00 0.0050525022 -0.0038413262 0.4811240841 0.8766295296 True False True False
PassengerCar 0.00 2 -1 685.67 499.10 854.54 588.71 1.88 1.72 4.46 -10.60 2.42 71.93 -4.617 -0.007 0.001 -3.046 1.00 0.0001644709 0.0034341878 -0.9988492423 0.0478369163 True False True False
PassengerCar 0.00 2 -1 596.68 529.28 659.65 580.14 1.56 1.27 3.82 -7.32 1.95 55.39 -4.669 0.000 0.000 -3.098 1.00 0.0000000000 0.0000000000 -0.9997608230 0.0218699993 True False True False
PassengerCar 0.00 1 -1 1625.13 387.61 1920.00 805.67 1.35 1.86 4.27 2.69 1.17 19.04 -1.572 0.001 0.001 -0.001 1.00 0.0006591143 0.0003497055 -0.0006049941 0.9999995386 True True True False
PassengerCar 0.00 1 -1 1317.94 469.18 1719.19 753.23 1.27 1.73 4.41 2.77 1.13 12.71 -1.524 -0.002 0.009 0.047 1.00 -0.0011208998 0.0044706246 0.0232558214 0.9997189224 True True True False
PassengerCar 0.51 0 -1 1232.41 480.56 1455.17 657.11 1.41 1.85 3.86 3.88 1.11 9.77 -1.170 0.013 -0.034 0.401 1.00 0.0098266971 -0.0154458856 0.1990773073 0.9798127813 True False True False
DontCare 0.00 -1 -1 631.22 528.91 701.10 579.32 -1.00 -1.00 -1.00 -1000.00 -1000.00 -1000.00 -1.000 -1.000 -1.000 -1.000 1.00 -1000.0000000000 -1000.0000000000 -1000.0000000000 -1000.0000000000 False False False False
DontCare 0.00 -1 -1 664.72 519.15 709.24 552.77 -1.00 -1.00 -1.00 -1000.00 -1000.00 -1000.00 -1.000 -1.000 -1.000 -1.000 1.00 -1000.0000000000 -1000.0000000000 -1000.0000000000 -1000.0000000000 -1 -1 -1 -1
Pedestrian 0.00 -1 -1 1486.39 394.04 1647.47 819.72 -1.00 -1.00 -1.00 -1000.00 -1000.00 -1000.00 -1.000 -1.000 -1.000 -1.000 1.00 -1000.0000000000 -1000.0000000000 -1000.0000000000 -1000.0000000000 -1 -1 -1 -1
