PassengerCar 0.67 0 -1 0.00 516.78 234.86 884.04 1.52 1.65 2.77 -4.90 1.49 10.57 0.043 0.008 -0.001 1.614 1.00 0.0028999758 0.0025111056 0.7220455344 0.6918349013 True False True False
PassengerCar 0.10 1 -1 33.02 498.52 456.13 795.30 1.59 1.80 4.21 -4.55 1.55 14.46 1.571 0.000 0.000 3.141 1.00 0.0000000000 0.0000000000 0.9999999946 0.0001042628 True True True False
PassengerCar 0.00 2 -1 202.59 523.61 528.52 730.64 1.48 1.58 2.77 -4.57 1.64 18.85 1.536 0.076 0.004 3.107 1.00 -0.0012151226 0.0381200756 0.9991181319 0.0175596627 True True True False
PassengerCar 0.00 1 -1 420.53 531.25 645.22 687.25 1.33 1.80 4.00 -4.48 1.61 22.89 -4.688 0.071 -0.002 -3.117 1.00 -0.0004379310 -0.0354646708 -0.9992946503 0.0123396641 True True True False
PassengerCar 0.00 0 -1 754.43 538.26 856.19 613.69 1.49 2.02 4.12 -4.13 2.31 53.59 1.548 0.076 -0.022 3.118 1.00 0.0114161284 0.0376872090 0.9991616348 0.0111970483 True True True False
PassengerCar 0.00 2 -1 795.77 551.83 874.24 607.28 1.50 1.80 3.57 -3.84 2.45 58.65 -4.695 0.028 -0.001 -3.124 1.00 -0.0001674268 -0.0138462967 -0.9998658737 0.0087456696 True True True False
PassengerCar 0.00 3 -1 809.66 553.51 882.86 604.18 1.41 1.81 3.93 -4.14 2.65 67.93 -4.684 0.011 -0.000 -3.113 1.00 -0.0000798903 -0.0056111503 -0.9998829158 0.0142359856 True True True False
PassengerCar 0.00 1 -1 844.64 532.27 916.69 597.38 -1.00 -1.00 -1.00 -1000.00 -1000.00 -1000.00 -1.000 -1.000 -1.000 -1.000 1.00 -1000.0000000000 -1000.0000000000 -1000.0000000000 -1000.0000000000 True True False False
PassengerCar 0.00 0 -1 916.92 555.90 960.43 590.87 -1.00 -1.00 -1.00 -1000.00 -1000.00 -1000.00 -1.000 -1.000 -1.000 -1.000 1.00 -1000.0000000000 -1000.0000000000 -1000.0000000000 -1000.0000000000 True True False False
PassengerCar 0.00 0 -1 968.88 504.49 1161.17 661.56 1.40 1.82 4.07 0.77 1.35 22.99 -1.560 0.015 0.020 0.011 1.00 0.0074560544 0.0102780628 0.0051932858 0.9999058948 True True True False
PassengerCar 0.00 1 -1 1349.02 519.40 1718.46 756.47 1.32 1.86 3.82 3.33 1.38 14.22 -1.575 -0.011 0.000 -0.004 1.00 -0.0053416941 0.0000108709 -0.0020350757 0.9999836622 True True True False
PassengerCar 0.45 1 -1 1489.05 468.81 1920.00 884.90 1.46 1.79 4.08 3.27 1.31 9.62 -1.598 0.000 0.000 -0.027 1.00 0.0000000000 0.0000000000 -0.0135514019 0.9999081755 True True True False
PassengerCar 0.98 0 -1 1812.91 460.07 1920.00 1019.94 1.38 1.89 4.41 3.18 1.23 4.48 -1.587 0.023 -0.003 -0.016 1.00 0.0112991542 -0.0017202500 -0.0079477613 0.9999030968 True False True False
DontCare 0.00 -1 -1 915.85 524.57 983.43 554.23 -1.00 -1.00 -1.00 -1000.00 -1000.00 -1000.00 -1.000 -1.000 -1.000 -1.000 1.00 -1000.0000000000 -1000.0000000000 -1000.0000000000 -1000.0000000000 False False False False
Obstacle 0.00 2 -1 755.67 537.29 776.95 598.97 -1.00 -1.00 -1.00 -1000.00 -1000.00 -1000.00 -1.000 -1.000 -1.000 -1.000 1.00 -1000.0000000000 -1000.0000000000 -1000.0000000000 -1000.0000000000 True True False False
Pedestrian 0.00 0 -1 643.07 519.23 681.20 622.79 1.74 0.74 0.52 -5.41 1.93 39.50 -1.631 0.000 0.000 -0.060 1.00 0.0000000000 0.0000000000 -0.0299097079 0.9995526046 True True True False
Pedestrian 0.06 0 -1 692.18 535.00 714.54 605.70 1.86 0.58 0.56 -7.50 2.57 62.05 -1.683 0.000 0.000 -0.112 1.00 0.0000000000 0.0000000000 -0.0561890643 0.9984201466 True True True False
Pedestrian 0.06 0 -1 722.84 538.21 743.24 604.58 1.71 0.49 0.31 -6.54 2.49 60.50 -1.671 0.000 0.000 -0.100 1.00 0.0000000000 0.0000000000 -0.0499159647 0.9987534213 True True True False
Pedestrian 0.06 1 -1 701.67 542.59 723.84 605.64 1.63 0.59 0.28 -7.09 2.48 60.23 -1.687 0.000 0.000 -0.116 1.00 0.0000000000 0.0000000000 -0.0579162924 0.9983214428 True True True False
Pedestrian 0.00 0 -1 1189.05 530.63 1212.87 585.64 -1.00 -1.00 -1.00 -1000.00 -1000.00 -1000.00 -1.000 -1.000 -1.000 -1.000 1.00 -1000.0000000000 -1000.0000000000 -1000.0000000000 -1000.0000000000 True True False False
Pedestrian 0.00 0 -1 1149.25 532.45 1192.05 585.76 -1.00 -1.00 -1.00 -1000.00 -1000.00 -1000.00 -1.000 -1.000 -1.000 -1.000 1.00 -1000.0000000000 -1000.0000000000 -1000.0000000000 -1000.0000000000 True True False False
Pedestrian 0.00 3 -1 576.05 512.33 607.71 618.43 1.69 0.49 0.37 -6.34 1.76 37.69 -1.705 0.000 0.000 -0.134 1.00 0.0000000000 0.0000000000 -0.0671821704 0.9977407258 True True True False
Pedestrian 0.00 2 -1 605.05 508.29 646.18 632.66 1.82 0.62 0.35 -5.57 1.81 36.21 -1.709 0.000 0.000 -0.138 1.00 0.0000000000 0.0000000000 -0.0689317666 0.9976213769 True True True False
Pedestrian 0.00 2 -1 554.01 507.11 592.46 620.44 1.74 0.59 0.55 -6.43 1.73 36.41 -1.707 0.000 -0.007 -0.137 1.00 -0.0002386276 -0.0034893533 -0.0682275557 0.9976636548 True True True False
Pedestrian 0.00 3 -1 489.00 500.00 518.00 601.00 1.67 0.39 0.46 -8.04 1.55 39.13 -0.143 0.000 0.000 1.428 1.00 0.0000000000 0.0000000000 0.6549238430 0.7556948854 True False True False
