PassengerCar 0.67 0 -1 0.00 331.78 293.76 847.84 1.74 1.98 4.51 -3.90 1.10 8.99 -1.771 -0.012 0.037 -0.200 1.00 -0.0041551349 0.0191288644 -0.0997417030 0.9948207950 True False True True
PassengerCar 0.15 1 -1 32.37 439.48 387.81 688.64 1.44 1.80 4.11 -4.82 0.99 14.44 -1.684 0.000 0.046 -0.113 1.00 0.0015369837 0.0227630875 -0.0564872679 0.9981426091 True False True True
PassengerCar 0.00 2 -1 156.76 438.54 426.88 607.18 1.33 1.52 3.88 -5.77 0.70 19.90 -1.674 -0.015 0.048 -0.103 1.00 -0.0063918830 0.0241863808 -0.0511480192 0.9983777056 True True True False
PassengerCar 0.00 1 -1 319.10 429.09 498.68 560.33 1.41 1.80 4.20 -6.49 0.54 25.94 -1.687 -0.009 0.052 -0.116 1.00 -0.0029514188 0.0260688689 -0.0578246755 0.9979819688 True True True True
PassengerCar 0.00 1 -1 382.95 385.69 539.58 522.41 1.87 1.80 4.68 -8.01 0.07 35.81 -1.634 -0.003 0.043 -0.064 1.00 -0.0006874807 0.0216494529 -0.0317316665 0.9992616924 True True True True
PassengerCar 0.00 1 -1 937.02 406.58 1195.01 632.29 1.51 1.81 2.76 0.60 0.75 17.03 -1.584 0.003 0.054 -0.014 1.00 0.0015897631 0.0269217972 -0.0068108970 0.9996130757 True True True True
PassengerCar 0.00 1 -1 818.91 431.87 971.46 563.11 1.39 1.63 3.80 -1.16 0.49 27.24 -1.669 0.000 0.056 -0.099 1.00 0.0013688087 0.0277469537 -0.0492529192 0.9983999113 True True True False
PassengerCar 0.00 2 -1 795.79 417.62 917.47 536.83 1.53 1.59 2.83 -1.75 0.30 32.95 -1.711 -0.006 0.042 -0.140 1.00 -0.0014859771 0.0212139480 -0.0698601528 0.9973300955 True True True False
PassengerCar 0.00 2 -1 768.00 419.05 890.48 523.09 1.54 1.69 3.35 -2.52 0.16 36.62 -1.737 -0.007 0.047 -0.166 1.00 -0.0014794592 0.0237212592 -0.0828199458 0.9962810696 True True True False
PassengerCar 0.00 2 -1 749.42 398.94 857.98 502.31 2.17 1.84 4.21 -3.66 -0.10 45.42 -1.699 -0.009 0.049 -0.128 1.00 -0.0031624298 0.0247919737 -0.0637299616 0.9976541731 True True True False
PassengerCar 0.00 0 -1 535.58 415.97 691.13 498.17 1.51 1.89 4.27 -7.13 -0.27 44.60 -2.090 -0.016 0.032 -0.519 1.00 -0.0038063854 0.0176362743 -0.2565896936 0.9663520075 True True True False
PassengerCar 0.00 3 -1 518.21 414.37 614.54 478.29 1.50 1.64 2.62 -9.16 -0.62 51.07 -1.526 0.001 0.028 0.045 1.00 0.0003128567 0.0138697456 0.0225488632 0.9996494791 True True True True
Obstacle 0.00 3 -1 896.10 394.63 926.99 506.82 2.25 0.65 0.75 -1.52 0.03 45.61 -1.656 -0.002 0.021 -0.086 1.00 -0.0004583781 0.0107065801 -0.0427711122 0.9990274225 True False True False
Obstacle 0.00 2 -1 849.93 398.48 899.79 507.47 1.81 0.94 2.21 -2.32 -0.54 47.78 -1.637 0.000 0.000 -0.066 1.00 0.0000000000 0.0000000000 -0.0330083351 0.9994550764 True False True True
Obstacle 0.00 3 -1 629.10 401.27 658.46 484.73 -1.00 -1.00 -1.00 -1000.00 -1000.00 -1000.00 -1.000 -1.000 -1.000 -1.000 1.00 -1000.0000000000 -1000.0000000000 -1000.0000000000 -1000.0000000000 True True False False
Obstacle 0.00 3 -1 596.96 399.64 625.83 484.03 -1.00 -1.00 -1.00 -1000.00 -1000.00 -1000.00 -1.000 -1.000 -1.000 -1.000 1.00 -1000.0000000000 -1000.0000000000 -1000.0000000000 -1000.0000000000 True True False False
Obstacle 0.00 1 -1 840.20 401.72 885.17 531.43 1.64 0.54 0.60 -1.60 0.30 30.14 -1.571 0.000 0.000 0.000 1.00 0.0000000000 0.0000000000 0.0000000000 1.0000000000 True True True True
Pedestrian 0.44 0 -1 1736.49 292.36 1920.00 943.73 1.75 0.69 0.90 2.56 1.14 6.75 -0.022 -0.002 0.085 1.549 1.00 -0.0303271145 0.0296716509 0.6987105405 0.7141452512 True True True True
Pedestrian 0.00 0 -1 1446.17 342.08 1620.49 769.01 1.68 0.57 0.70 2.26 1.00 9.60 -2.491 -0.013 0.063 -0.921 1.00 0.0082107127 0.0310514260 -0.4438115452 0.8955443627 True True True False
Pedestrian 0.00 1 -1 1733.95 387.63 1864.86 709.79 1.74 0.99 0.71 4.48 1.06 12.68 0.643 -0.031 0.009 2.214 1.00 -0.0110832727 -0.0117554046 0.8942611526 0.4472538009 True True True True
Pedestrian 0.00 0 -1 1287.89 398.41 1336.74 558.77 1.68 0.47 0.67 3.41 0.51 24.58 -1.545 -0.000 0.003 0.025 1.00 -0.0002670795 0.0017250053 0.0127106090 0.9999176933 True True True False
Pedestrian 0.00 2 -1 1138.33 390.23 1183.61 522.41 1.83 0.57 0.58 2.31 0.26 31.77 -3.268 0.000 0.000 -1.697 1.00 0.0000000000 0.0000000000 -0.7502317684 0.6611749342 True True True True
Pedestrian 0.00 1 -1 908.66 387.02 945.18 502.69 1.41 0.44 0.65 -0.77 -0.08 29.51 -1.682 0.000 0.000 -0.111 1.00 0.0000000000 0.0000000000 -0.0556191956 0.9984520545 True True True False
Pedestrian 0.00 3 -1 1063.35 373.13 1117.86 538.92 1.84 0.67 0.39 1.17 0.33 26.75 -1.571 0.000 0.000 0.000 1.00 0.0000000000 0.0000000000 0.0000000000 1.0000000000 True True True False
Pedestrian 0.00 1 -1 996.42 384.88 1036.09 545.16 1.84 0.53 0.43 0.32 0.43 27.43 -1.571 0.000 0.000 0.000 1.00 0.0000000000 0.0000000000 0.0000000000 1.0000000000 True False True False
Pedestrian_is_group 0.00 1 -1 922.80 395.21 999.32 517.85 2.15 1.44 1.80 -0.45 0.15 40.51 -1.571 0.000 0.000 0.000 1.00 0.0000000000 0.0000000000 0.0000000000 1.0000000000 True True True False
Pedestrian_is_group 0.00 0 -1 687.38 415.69 754.19 493.99 1.66 1.48 1.43 -5.42 -0.34 48.49 -3.169 0.000 0.000 -1.598 1.00 0.0000000000 0.0000000000 -0.7166473653 0.6974356987 True True True False
Pedestrian 0.00 2 -1 363.52 398.60 392.89 481.04 1.50 0.45 0.62 -11.40 -0.55 43.97 -1.571 0.000 0.000 0.000 1.00 0.0000000000 0.0000000000 0.0000000000 1.0000000000 True False True False
Pedestrian 0.00 1 -1 275.58 384.64 360.43 534.81 2.22 1.23 0.88 -10.66 0.33 37.79 1.521 0.000 0.000 3.092 1.00 0.0000000000 0.0000000000 0.9996953711 0.0246812684 True False True False
