PassengerCar 0.55 0 -1 0.00 406.67 419.96 826.93 1.51 1.81 4.21 -4.49 1.19 9.94 -2.491 0.000 0.000 -0.920 1.00 0.0000000000 0.0000000000 -0.4440807351 0.8959867748 True False True False
PassengerCar 0.00 0 -1 1339.89 519.11 1507.26 609.17 1.51 2.18 2.97 7.04 1.69 38.41 -4.337 0.000 0.000 -2.766 1.00 0.0000000000 0.0000000000 -0.9824264714 0.1866500153 True True True True
PassengerCar 0.69 0 -1 1835.48 530.82 1920.00 615.43 1.51 1.81 4.21 17.99 1.94 43.25 0.030 0.000 0.000 1.601 1.00 0.0000000000 0.0000000000 0.7177428976 0.6963082169 True False True False
PassengerCar 0.40 0 -1 1785.69 534.85 1920.00 602.96 1.46 1.81 4.21 19.99 2.06 52.02 0.118 0.000 0.000 1.689 1.00 0.0000000000 0.0000000000 0.7477085776 0.6640270198 True False True False
PassengerCar 0.00 0 -1 1758.65 553.55 1920.00 603.99 1.22 1.81 3.55 21.33 2.37 59.06 0.140 0.000 0.000 1.711 1.00 0.0000000000 0.0000000000 0.7548856704 0.6558564055 True False True False
Pedestrian 0.00 0 -1 437.50 478.79 518.95 722.47 1.86 0.49 0.52 -3.76 1.56 17.37 -4.672 0.000 0.000 -3.101 1.00 0.0000000000 0.0000000000 -0.9997958793 0.0202039515 True True True False
Pedestrian 0.00 1 -1 382.73 485.21 450.29 727.82 1.77 0.40 0.42 -4.23 1.61 17.44 -4.709 0.000 0.000 -3.138 1.00 0.0000000000 0.0000000000 -0.9999986072 0.0016690189 True True True False
Pedestrian 0.00 1 -1 479.44 477.55 545.76 685.75 1.93 0.50 0.51 -4.45 1.65 22.11 -4.711 0.000 0.000 -3.140 1.00 0.0000000000 0.0000000000 -0.9999997358 0.0007269098 True True True False
Pedestrian 0.00 0 -1 771.69 475.76 829.02 683.83 1.77 0.80 0.43 -1.62 1.50 20.43 0.004 0.000 0.000 1.575 1.00 0.0000000000 0.0000000000 0.7085456381 0.7056649904 True True True False
Pedestrian 0.00 0 -1 801.06 476.69 856.75 672.46 1.64 0.43 0.47 -1.38 1.43 21.05 0.002 0.000 0.000 1.573 1.00 0.0000000000 0.0000000000 0.7079861300 0.7062263375 True True True False
Pedestrian 0.00 0 -1 850.84 478.30 910.50 669.62 1.84 0.34 0.56 -1.12 1.51 22.81 -0.010 0.000 0.000 1.561 1.00 0.0000000000 0.0000000000 0.7034795832 0.7107154677 True True True False
Pedestrian 0.00 0 -1 914.65 481.70 959.98 641.29 1.64 0.82 0.46 -0.53 1.38 24.69 -0.006 0.000 0.000 1.565 1.00 0.0000000000 0.0000000000 0.7048850759 0.7093215278 True True True False
Pedestrian 0.00 0 -1 956.56 481.28 1039.87 708.72 1.67 0.47 0.71 0.04 1.47 18.18 0.030 0.000 0.000 1.601 1.00 0.0000000000 0.0000000000 0.7176143257 0.6964407223 True True True False
Pedestrian 0.00 0 -1 1005.03 484.65 1056.76 694.99 1.65 0.60 0.40 0.34 1.47 18.76 0.015 0.000 0.000 1.586 1.00 0.0000000000 0.0000000000 0.7123660159 0.7018081357 True True True False
Pedestrian_is_group 0.00 0 -1 1030.41 470.45 1125.82 693.91 1.86 0.77 0.79 0.77 1.55 20.03 0.066 0.000 0.000 1.636 1.00 0.0000000000 0.0000000000 0.7298972754 0.6835568501 True True True False
Pedestrian_is_group 0.00 0 -1 1084.86 479.21 1243.82 684.72 1.79 2.15 1.38 1.60 1.55 21.62 0.056 0.000 0.000 1.627 1.00 0.0000000000 0.0000000000 0.7266202342 0.6870393258 True True True False
Pedestrian_is_group 0.00 0 -1 1196.81 487.97 1274.27 662.27 1.75 1.00 0.72 2.65 1.57 24.10 0.040 0.000 0.000 1.611 1.00 0.0000000000 0.0000000000 0.7211225328 0.6928075437 True True True False
Pedestrian 0.00 2 -1 704.17 476.77 756.64 618.72 1.71 0.44 1.00 -3.02 1.33 28.85 -4.605 0.000 0.000 -3.035 1.00 0.0000000000 0.0000000000 -0.9985716049 0.0534298591 True True True False
Pedestrian 0.00 3 -1 755.03 485.33 798.86 639.46 1.88 0.38 0.48 -2.59 1.61 28.96 -3.061 0.000 0.000 -1.490 1.00 0.0000000000 0.0000000000 -0.6779149099 0.7351403777 True True True False
