PassengerCar 0.00 0 -1 476.21 521.69 692.01 655.58 1.43 1.78 4.54 -4.56 1.63 27.47 1.529 -0.001 -0.003 3.100 1.00 0.0016121723 -0.0005530446 0.9997778070 0.0210102755 True True True False
PassengerCar 0.00 0 -1 884.82 500.02 1098.74 665.56 1.43 1.83 4.21 0.02 1.37 21.22 -1.571 0.000 0.010 0.000 1.00 0.0000000000 0.0050135098 0.0000000000 0.9999874323 True True True False
PassengerCar 0.41 0 -1 1418.82 468.19 1920.00 866.13 1.40 1.92 4.25 3.08 1.30 9.56 -1.561 -0.000 -0.009 0.010 1.00 -0.0000217175 -0.0042855150 0.0050675337 0.9999779768 True True True False
PassengerCar 0.00 2 -1 1300.09 464.44 1668.62 730.11 1.48 1.88 4.02 3.15 1.28 14.71 -1.561 0.000 0.000 0.009 1.00 0.0000000000 0.0000000000 0.0046782254 0.9999890570 True True True False
PassengerCar 0.00 2 -1 1248.64 519.56 1496.22 696.57 1.42 1.53 3.81 3.31 1.53 20.91 -1.580 -0.010 -0.001 -0.009 1.00 -0.0050565579 -0.0002955167 -0.0047455501 0.9999759115 True True True False
PassengerCar 0.00 2 -1 1208.36 515.50 1409.97 664.87 1.46 1.58 3.99 3.34 1.55 25.11 -1.577 0.000 0.000 -0.007 1.00 0.0000000000 0.0000000000 -0.0033188801 0.9999944925 True True True False
PassengerCar 0.00 2 -1 1179.86 515.36 1338.32 644.79 1.57 1.66 2.97 3.30 1.67 30.44 -1.592 0.000 0.000 -0.021 1.00 0.0000000000 0.0000000000 -0.0106420873 0.9999433714 True True True False
PassengerCar 0.00 3 -1 1147.46 528.68 1301.46 627.81 1.37 1.81 4.30 3.45 1.69 35.07 -1.582 0.000 0.000 -0.012 1.00 0.0000000000 0.0000000000 -0.0058215598 0.9999830546 True True True False
PassengerCar 0.00 1 -1 1090.79 536.56 1216.48 600.21 1.48 1.82 2.88 4.14 2.25 58.91 -3.006 -0.017 -0.005 -1.435 1.00 -0.0080145107 0.0034098524 -0.6573972366 0.7534938711 True True True False
DontCare 0.00 -1 -1 1065.86 537.61 1183.28 589.31 -1.00 -1.00 -1.00 -1000.00 -1000.00 -1000.00 -1.000 -1.000 -1.000 -1.000 1.00 -1000.0000000000 -1000.0000000000 -1000.0000000000 -1000.0000000000 False False False False
Vehicle 0.00 3 -1 891.51 539.86 961.10 594.48 1.48 1.92 4.22 -1.75 2.40 67.17 -1.593 0.000 0.000 -0.023 1.00 0.0000000000 0.0000000000 -0.0113106066 0.9999360330 False False True True
LargeVehicle 0.00 0 -1 823.90 499.61 913.14 595.36 3.03 2.51 11.09 -3.97 2.80 80.20 1.568 0.000 0.000 3.138 1.00 0.0000000000 0.0000000000 0.9999986594 0.0016374439 True True True False
Obstacle 0.43 3 -1 1863.15 404.33 1920.00 669.78 1.86 0.75 0.82 7.04 1.11 17.96 -1.260 0.010 0.031 0.311 1.00 0.0025052907 0.0159999483 0.1546759641 0.9878325118 True False True True
Obstacle 0.00 3 -1 1710.96 398.89 1795.94 679.35 1.97 0.65 0.48 5.80 1.18 17.74 -1.313 0.005 0.034 0.258 1.00 0.0003330005 0.0173450374 0.1286767552 0.9915348362 True False True True
Obstacle 0.00 3 -1 1521.62 436.60 1595.11 662.22 1.88 0.56 0.46 4.66 1.27 19.22 -1.554 0.000 0.000 0.017 1.00 0.0000040317 0.0000002682 0.0085558468 0.9999633981 True False True False
Pedestrian 0.00 0 -1 183.01 467.53 241.21 624.48 1.81 0.54 0.60 -8.40 1.35 25.38 -3.727 0.000 0.000 -2.157 1.00 0.0000000000 0.0000000000 -0.8811532018 0.4728308735 True False True False
