PassengerCar 0.00 0 -1 728.50 459.53 1242.02 903.17 1.31 1.69 3.72 0.18 1.15 8.49 -1.481 -0.019 0.024 0.090 1.00 -0.0101326222 0.0115921706 0.0450272680 0.9988671066 True True True False
PassengerCar 0.00 1 -1 1070.80 480.37 1426.03 659.56 1.54 1.81 4.13 2.63 1.32 22.74 -0.946 -0.017 0.007 0.625 1.00 -0.0090404574 0.0005435241 0.3072868155 0.9515738478 True True True False
PassengerCar 0.55 1 -1 1805.34 498.60 1920.00 586.33 1.52 1.78 4.05 17.01 1.40 42.54 -3.560 0.000 0.000 -1.989 1.00 0.0000000000 0.0000000000 -0.8384932046 0.5449120533 True False True False
PassengerCar 0.00 3 -1 1104.08 487.42 1426.12 636.01 1.71 1.83 4.14 3.07 1.46 28.15 -3.765 0.036 -0.001 -2.194 1.00 0.0078775916 -0.0163015616 -0.8897335149 0.4561211189 True True True True
Vehicle 0.00 3 -1 806.65 462.19 1149.87 717.87 1.64 1.81 4.18 -0.03 1.45 17.42 -1.500 0.000 0.000 0.071 1.00 0.0000000000 0.0000000000 0.0355148823 0.9993691476 False False True False
LargeVehicle 0.00 3 -1 827.64 434.53 1028.25 573.68 3.79 2.86 11.45 -1.57 1.81 70.06 -1.312 0.001 0.003 0.259 1.00 0.0002328720 0.0017841506 0.1291163243 0.9916278220 True False True False
LargeVehicle 0.00 3 -1 1020.81 446.30 1142.93 571.09 -1.00 -1.00 -1.00 -1000.00 -1000.00 -1000.00 -1.000 -1.000 -1.000 -1.000 1.00 -1000.0000000000 -1000.0000000000 -1000.0000000000 -1000.0000000000 True False False False
Pedestrian 0.00 2 -1 1513.88 432.27 1620.73 750.24 1.63 0.61 0.43 3.31 1.22 13.33 -3.133 0.002 -0.002 -1.563 1.00 -0.0001021836 -0.0013649893 -0.7042254017 0.7099751474 True True True False
Pedestrian 0.00 0 -1 1696.66 411.20 1788.69 682.88 1.66 0.44 0.65 4.99 1.02 15.46 -4.679 0.007 0.025 -3.109 1.00 0.0127410679 -0.0031490646 -0.9997783930 0.0164594468 True False True True
Pedestrian 0.00 1 -1 1646.16 459.37 1722.05 669.05 1.53 0.43 0.54 5.26 1.18 17.88 -4.227 0.001 -0.000 -2.656 1.00 -0.0001643047 -0.0003102497 -0.9706741703 0.2403986935 True False True False
Pedestrian 0.00 3 -1 1555.47 463.60 1623.76 664.69 1.53 0.46 0.48 4.67 1.20 18.27 -4.366 0.000 0.000 -2.795 1.00 0.0000000000 0.0000000000 -0.9850100509 0.1724969555 True False True False
Pedestrian 0.00 0 -1 1803.46 478.54 1844.36 603.51 1.67 0.39 0.56 11.21 1.29 31.71 1.431 0.000 0.000 3.002 1.00 0.0000000000 0.0000000000 0.9975648115 0.0697455867 True False True True
Pedestrian 0.00 3 -1 1675.61 432.14 1738.95 643.31 1.83 0.48 0.38 6.32 1.18 20.70 -3.220 0.000 0.000 -1.650 1.00 0.0000000000 0.0000000000 -0.7344430452 0.6786703274 True False True False
