PassengerCar 0.82 0 -1 1637.35 387.63 1920.00 960.87 1.69 1.80 4.24 3.41 1.20 6.93 -1.577 -0.010 -0.009 -0.006 1.00 -0.0048332428 -0.0046877282 -0.0032551617 0.9999720341 True False True False
PassengerCar 0.00 0 -1 1310.72 508.17 1580.21 682.74 1.23 1.76 3.75 3.69 1.23 18.62 -1.569 0.000 0.000 0.002 1.00 0.0000000000 0.0000000000 0.0009438803 0.9999995545 True True True False
PassengerCar 0.00 2 -1 1554.36 507.67 1814.86 651.68 1.40 1.48 4.21 7.21 1.38 24.71 -1.571 0.000 0.000 0.000 1.00 0.0000000000 0.0000000000 0.0000000000 1.0000000000 True False True False
PassengerCar 0.00 0 -1 1144.08 514.80 1269.23 609.73 1.51 1.81 4.11 3.51 1.58 36.74 -1.570 -0.010 -0.012 0.001 1.00 -0.0048143854 -0.0059368638 0.0002694696 0.9999707509 True True True False
PassengerCar 0.00 1 -1 1253.95 529.18 1340.67 587.24 1.24 1.44 3.96 7.03 1.74 53.75 -1.571 0.000 0.000 0.000 1.00 0.0000000000 0.0000000000 0.0000000000 1.0000000000 True True True False
PassengerCar 0.00 0 -1 1072.93 527.93 1152.52 581.90 1.51 1.85 4.30 3.44 1.92 64.39 -1.571 0.000 0.000 0.000 1.00 0.0000000000 0.0000000000 0.0000000000 1.0000000000 True True True False
PassengerCar 0.00 1 -1 873.94 531.38 936.67 576.72 1.26 1.68 4.22 -2.43 1.98 70.04 1.565 0.000 0.000 3.136 1.00 0.0000000000 0.0000000000 0.9999963029 0.0027192173 True True True False
PassengerCar 0.00 1 -1 717.61 514.62 807.43 577.63 1.50 1.81 4.06 -5.91 1.64 63.34 1.569 0.000 0.000 3.140 1.00 0.0000000000 0.0000000000 0.9999995920 0.0009032742 True True True False
PassengerCar 0.00 0 -1 783.13 515.80 895.21 600.01 1.50 1.81 4.40 -2.59 1.53 43.58 -4.711 0.000 0.000 -3.140 1.00 0.0000000000 0.0000000000 -0.9999996477 0.0008394283 True True True False
PassengerCar 0.00 1 -1 566.39 516.84 685.62 608.03 -1.00 -1.00 -1.00 -1000.00 -1000.00 -1000.00 -1.000 -1.000 -1.000 -1.000 1.00 -1000.0000000000 -1000.0000000000 -1000.0000000000 -1000.0000000000 True True False False
PassengerCar 0.00 0 -1 115.97 479.32 603.33 788.14 -1.00 -1.00 -1.00 -1000.00 -1000.00 -1000.00 -1.000 -1.000 -1.000 -1.000 1.00 -1000.0000000000 -1000.0000000000 -1000.0000000000 -1000.0000000000 True True False False
Pedestrian 0.00 0 -1 12.43 459.09 165.70 615.61 -1.00 -1.00 -1.00 -1000.00 -1000.00 -1000.00 -1.000 -1.000 -1.000 -1.000 1.00 -1000.0000000000 -1000.0000000000 -1000.0000000000 -1000.0000000000 True False False False
