PassengerCar 0.55 0 -1 0.00 422.38 599.75 1024.00 1.62 1.86 4.39 -2.38 1.34 7.21 -4.690 0.000 0.000 -3.120 1.00 0.0000000000 0.0000000000 -0.9999395659 0.0109938401 True True True False
PassengerCar 0.00 2 -1 374.81 509.74 734.54 808.04 1.39 1.63 3.50 -2.22 1.41 12.50 1.538 0.000 -0.014 3.109 1.00 0.0068517465 0.0000130936 0.9998404393 0.0164969489 True True True False
PassengerCar 0.00 2 -1 542.53 517.13 792.49 738.09 1.49 1.69 3.43 -2.32 1.54 17.05 1.531 -0.000 -0.004 3.102 1.00 0.0021394232 -0.0001004188 0.9997988477 0.0199418377 True True True False
PassengerCar 0.00 3 -1 588.64 533.13 825.46 696.31 1.50 1.81 3.50 -2.47 1.67 21.78 1.565 0.000 0.000 3.136 1.00 0.0000000000 0.0000000000 0.9999957767 0.0029063036 True True True False
PassengerCar 0.00 1 -1 713.92 500.37 901.59 665.38 1.78 1.99 4.21 -2.09 1.67 26.34 -1.558 0.000 0.000 0.013 1.00 0.0000000000 0.0000000000 0.0064118704 0.9999794437 True True True False
PassengerCar 0.00 0 -1 931.00 528.18 1097.49 637.97 1.43 1.94 4.21 0.33 1.68 32.58 -4.586 0.000 0.000 -3.016 1.00 0.0000000000 0.0000000000 -0.9980137754 0.0629960640 True True True False
PassengerCar 0.94 0 -1 1622.37 381.77 1920.00 1024.00 1.53 1.88 4.29 2.63 1.29 4.56 -1.576 0.000 0.000 -0.005 1.00 0.0000000000 0.0000000000 -0.0024730159 0.9999969421 True False True False
PassengerCar 0.08 1 -1 1335.21 506.95 1857.70 857.64 1.40 1.97 4.07 2.75 1.35 10.98 -4.709 0.000 0.000 -3.138 1.00 0.0000000000 0.0000000000 -0.9999984816 0.0017426386 True True True False
PassengerCar 0.00 2 -1 1205.31 520.66 1469.53 728.47 1.43 1.81 4.21 2.68 1.49 18.10 -4.709 0.000 0.000 -3.138 1.00 0.0000000000 0.0000000000 -0.9999983809 0.0017994970 True True True False
PassengerCar 0.00 2 -1 1156.46 532.43 1333.52 674.39 1.42 1.70 3.90 2.67 1.66 24.67 -1.585 0.000 0.000 -0.014 1.00 0.0000000000 0.0000000000 -0.0070537216 0.9999751222 True True True False
PassengerCar 0.00 2 -1 1111.15 502.19 1283.97 649.46 1.68 1.93 4.21 2.60 1.58 29.30 -1.571 0.000 0.000 0.000 1.00 0.0000000000 0.0000000000 0.0000000000 1.0000000000 True True True False
