PassengerCar 0.00 0 -1 779.43 484.13 1023.45 617.70 1.60 1.89 4.28 -1.03 1.32 31.19 -1.112 0.009 0.018 0.459 1.00 0.0023096987 0.0098856650 0.2275022016 0.9737246465 True True True False
PassengerCar 0.00 0 -1 1025.36 494.75 1098.26 547.31 1.45 1.87 4.07 2.08 1.00 67.24 -1.440 0.000 0.000 0.130 1.00 0.0000000000 0.0000000000 0.0651537878 0.9978752347 True True True False
PassengerCar 0.00 0 -1 314.82 514.43 473.17 606.55 1.60 1.60 3.51 -11.09 1.76 44.18 -4.566 0.038 -0.006 -2.996 1.00 -0.0015061504 -0.0191115909 -0.9971526325 0.0729322016 True True True False
PassengerCar 0.00 1 -1 513.53 516.39 635.19 600.70 1.51 1.95 4.20 -7.91 1.62 44.50 1.440 0.000 0.000 3.010 1.00 0.0000000000 0.0000000000 0.9978492018 0.0655512819 True True True False
PassengerCar 0.00 1 -1 615.62 487.45 747.87 577.56 1.88 2.17 5.28 -6.85 1.44 51.99 -4.610 0.000 0.000 -3.039 1.00 0.0000000000 0.0000000000 -0.9986817072 0.0513307676 True True True False
PassengerCar 0.00 2 -1 705.41 507.82 801.56 569.34 1.49 1.82 4.23 -5.84 1.50 59.09 -4.669 0.000 0.000 -3.098 1.00 0.0000000000 0.0000000000 -0.9997659382 0.0216348978 True True True False
PassengerCar 0.00 0 -1 1167.84 488.10 1261.72 527.71 -1.00 -1.00 -1.00 -1000.00 -1000.00 -1000.00 -1.000 -1.000 -1.000 -1.000 1.00 -1000.0000000000 -1000.0000000000 -1000.0000000000 -1000.0000000000 True True False False
PassengerCar 0.00 1 -1 1253.25 486.46 1295.00 515.11 -1.00 -1.00 -1.00 -1000.00 -1000.00 -1000.00 -1.000 -1.000 -1.000 -1.000 1.00 -1000.0000000000 -1000.0000000000 -1000.0000000000 -1000.0000000000 True True False False
PassengerCar 0.00 2 -1 123.01 530.92 226.94 595.55 -1.00 -1.00 -1.00 -1000.00 -1000.00 -1000.00 -1.000 -1.000 -1.000 -1.000 1.00 -1000.0000000000 -1000.0000000000 -1000.0000000000 -1000.0000000000 True False False False
PassengerCar 0.00 3 -1 498.76 522.39 597.30 584.63 -1.00 -1.00 -1.00 -1000.00 -1000.00 -1000.00 -1.000 -1.000 -1.000 -1.000 1.00 -1000.0000000000 -1000.0000000000 -1000.0000000000 -1000.0000000000 True True False False
Obstacle 0.00 3 -1 162.61 511.32 176.75 554.74 -1.00 -1.00 -1.00 -1000.00 -1000.00 -1000.00 -1.000 -1.000 -1.000 -1.000 1.00 -1000.0000000000 -1000.0000000000 -1000.0000000000 -1000.0000000000 True False False False
Obstacle 0.00 3 -1 184.90 512.86 198.50 555.65 -1.00 -1.00 -1.00 -1000.00 -1000.00 -1000.00 -1.000 -1.000 -1.000 -1.000 1.00 -1000.0000000000 -1000.0000000000 -1000.0000000000 -1000.0000000000 True False False False
Pedestrian 0.34 0 -1 1780.67 352.84 1920.00 818.13 1.76 0.69 0.54 3.42 1.14 9.05 -3.377 -0.000 -0.004 -1.806 1.00 -0.0015570040 -0.0011537768 -0.7853239341 0.6190820325 True False True False
Pedestrian 0.00 0 -1 1648.02 397.66 1793.41 780.76 1.58 0.60 0.50 3.18 1.11 10.07 -3.257 0.000 0.000 -1.686 1.00 0.0000000000 0.0000000000 -0.7466356046 0.6652332478 True False True False
Pedestrian 0.00 0 -1 1527.15 401.39 1670.88 746.60 1.78 0.74 0.65 3.17 1.20 12.07 -4.433 0.001 0.005 -2.863 1.00 0.0025911410 -0.0003637646 -0.9902855645 0.1390239344 True True True False
Pedestrian 0.00 1 -1 1383.42 457.66 1423.76 581.25 1.75 0.64 0.41 5.97 1.04 33.82 0.451 0.000 0.000 2.022 1.00 0.0000000000 0.0000000000 0.8472804002 0.5311458588 True True True False
Pedestrian 0.00 0 -1 1471.18 450.44 1511.59 554.67 1.79 0.54 0.56 8.72 0.80 40.78 -1.075 -0.001 -0.001 0.496 1.00 -0.0003059342 -0.0008065185 0.2452744219 0.9694533067 True True True False
Pedestrian 0.00 2 -1 1431.51 449.59 1480.64 560.46 1.96 0.74 0.55 8.19 0.86 41.09 -1.123 0.000 0.000 0.448 1.00 0.0000000000 0.0000000000 0.2220472218 0.9750359128 True True True False
Pedestrian 0.00 1 -1 1411.07 453.97 1442.88 548.83 1.71 0.57 0.57 8.15 0.65 43.78 -4.525 0.000 0.000 -2.955 1.00 0.0000000000 0.0000000000 -0.9956322707 0.0933615630 True True True False
Pedestrian 0.00 0 -1 1433.32 449.77 1471.04 558.25 2.08 0.70 0.74 8.96 0.96 45.50 -1.385 0.000 0.000 0.186 1.00 0.0000000000 0.0000000000 0.0927357671 0.9956907539 True True True False
Pedestrian 0.00 2 -1 1339.17 457.18 1370.62 542.01 1.62 0.62 0.38 7.04 0.65 45.21 -3.387 0.000 0.000 -1.816 1.00 0.0000000000 0.0000000000 -0.7882742480 0.6153240690 True True True False
Pedestrian 0.00 2 -1 1456.54 454.76 1485.01 540.64 1.75 0.46 0.45 9.68 0.74 46.94 -1.571 0.000 0.000 0.000 1.00 0.0000000000 0.0000000000 0.0000000000 1.0000000000 True True True True
Pedestrian 0.00 3 -1 1493.84 456.28 1518.88 552.07 1.87 0.45 0.64 10.25 0.68 46.23 -1.571 0.000 0.000 0.000 1.00 0.0000000000 0.0000000000 0.0000000000 1.0000000000 True True True True
Pedestrian 0.00 2 -1 1373.25 454.86 1405.11 547.16 1.89 0.60 0.58 7.83 0.76 45.99 -4.555 0.000 0.000 -2.984 1.00 0.0000000000 0.0000000000 -0.9968919257 0.0787812700 True True True False
Pedestrian_is_group 0.43 3 -1 1734.61 346.94 1920.00 753.88 1.73 0.97 2.28 4.11 1.02 10.88 -1.377 0.019 -0.004 0.194 1.00 0.0096261887 -0.0009371460 0.0968911682 0.9952479891 True False True False
