PassengerCar 0.00 0 -1 406.96 498.87 516.04 580.50 1.50 1.92 4.04 -9.33 1.19 41.53 -1.777 -0.001 0.006 -0.206 1.00 -0.0003272038 0.0031676579 -0.1027479369 0.9947023275 True True True False
PassengerCar 0.00 0 -1 542.61 499.89 614.94 554.31 1.55 2.00 4.01 -11.98 1.33 69.12 -1.721 0.000 0.000 -0.150 1.00 0.0000000000 0.0000000000 -0.0748668100 0.9971935423 True True True False
PassengerCar 0.69 1 -1 1737.49 476.40 1920.00 663.84 1.40 1.71 4.12 8.35 1.17 18.97 -0.236 0.000 0.000 1.335 1.00 0.0000000000 0.0000000000 0.6191006941 0.7853116136 True False True False
PassengerCar 0.00 0 -1 630.02 504.81 674.13 536.06 -1.00 -1.00 -1.00 -1000.00 -1000.00 -1000.00 -1.000 -1.000 -1.000 -1.000 1.00 -1000.0000000000 -1000.0000000000 -1000.0000000000 -1000.0000000000 True True False False
PassengerCar 0.00 2 -1 613.21 505.65 644.04 536.48 -1.00 -1.00 -1.00 -1000.00 -1000.00 -1000.00 -1.000 -1.000 -1.000 -1.000 1.00 -1000.0000000000 -1000.0000000000 -1000.0000000000 -1000.0000000000 True True False False
DontCare 0.00 -1 -1 523.34 500.85 558.48 530.04 -1.00 -1.00 -1.00 -1000.00 -1000.00 -1000.00 -1.000 -1.000 -1.000 -1.000 1.00 -1000.0000000000 -1000.0000000000 -1000.0000000000 -1000.0000000000 False False False False
Obstacle 0.00 0 -1 1055.59 474.56 1087.19 566.62 -1.00 -1.00 -1.00 -1000.00 -1000.00 -1000.00 -1.000 -1.000 -1.000 -1.000 1.00 -1000.0000000000 -1000.0000000000 -1000.0000000000 -1000.0000000000 False False False False
Pedestrian 0.00 0 -1 818.62 472.10 859.42 596.60 1.73 0.54 0.54 -2.09 1.23 32.94 -3.249 0.000 0.000 -1.678 1.00 0.0000000000 0.0000000000 -0.7440528276 0.6681207898 True True True True
Pedestrian 0.00 0 -1 782.26 481.47 810.73 595.77 1.64 0.51 0.40 -2.77 1.26 34.03 -3.235 0.000 0.000 -1.665 1.00 0.0000000000 0.0000000000 -0.7395099297 0.6731456483 True True True False
Pedestrian 0.00 0 -1 839.74 470.10 870.61 590.04 1.89 0.68 0.44 -2.11 1.29 37.41 -3.268 0.000 0.000 -1.698 1.00 0.0000000000 0.0000000000 -0.7505004069 0.6608699867 True True True True
Pedestrian 0.00 0 -1 743.33 475.61 780.35 582.37 1.79 0.60 0.41 -3.61 1.24 37.88 -3.358 0.000 0.000 -1.787 1.00 0.0000000000 0.0000000000 -0.7792407177 0.6267247434 True True True False
Pedestrian_is_group 0.00 3 -1 801.13 468.79 833.52 578.88 1.81 0.65 0.62 -2.73 1.25 36.71 -3.347 0.000 0.000 -1.777 1.00 0.0000000000 0.0000000000 -0.7760237069 0.6307037390 True True True False
Pedestrian_is_group 0.00 3 -1 832.05 468.48 870.38 583.91 1.80 0.69 0.49 -2.07 1.29 35.66 -3.336 0.000 0.000 -1.765 1.00 0.0000000000 0.0000000000 -0.7722409136 0.6353298131 True True True False
Pedestrian 0.00 0 -1 961.84 483.74 1012.88 579.13 1.63 0.60 0.74 -0.01 1.20 39.14 -3.280 0.000 0.000 -1.709 1.00 0.0000000000 0.0000000000 -0.7542883518 0.6565432829 True True True False
Pedestrian 0.00 0 -1 1024.02 482.66 1055.89 570.96 1.70 0.57 0.65 0.99 1.25 45.42 1.519 0.000 0.000 3.089 1.00 0.0000000000 0.0000000000 0.9996591629 0.0261066649 True True True False
Pedestrian 0.00 1 -1 1024.84 485.40 1057.62 571.84 1.65 0.59 0.68 1.02 1.22 45.24 1.533 0.000 0.000 3.104 1.00 0.0000000000 0.0000000000 0.9998260419 0.0186516987 True True True False
Pedestrian 0.00 1 -1 1361.55 466.02 1387.48 555.60 1.60 0.68 0.45 6.77 0.85 41.69 -2.921 0.000 0.000 -1.350 1.00 0.0000000000 0.0000000000 -0.6248683768 0.7807301145 True True True False
Pedestrian_is_group 0.00 1 -1 1403.67 463.13 1470.09 559.53 1.60 0.87 1.05 7.28 0.82 38.47 -1.084 0.016 -0.009 0.487 1.00 0.0086436004 -0.0026279974 0.2412614393 0.9704181056 True True True False
Pedestrian_is_group 0.00 1 -1 1478.84 471.49 1514.08 551.09 1.51 0.55 0.60 7.80 0.86 36.82 -2.617 0.000 0.000 -1.046 1.00 0.0000000000 0.0000000000 -0.4995873057 0.8662635419 True True True False
Pedestrian 0.00 1 -1 1149.86 469.61 1195.46 565.76 1.84 0.83 0.59 3.56 1.11 45.46 -1.571 0.000 0.000 0.000 1.00 0.0000000000 0.0000000000 0.0000000000 1.0000000000 True True True False
Pedestrian 0.00 0 -1 258.91 481.84 290.03 602.19 1.61 0.50 0.31 -9.62 1.26 31.76 -0.096 0.000 0.000 1.475 1.00 0.0000000000 0.0000000000 0.6723498720 0.7402335102 True False True False
Pedestrian 0.00 0 -1 910.47 489.47 943.45 558.68 -1.00 -1.00 -1.00 -1000.00 -1000.00 -1000.00 -1.000 -1.000 -1.000 -1.000 1.00 -1000.0000000000 -1000.0000000000 -1000.0000000000 -1000.0000000000 True True False False
Pedestrian 0.00 0 -1 689.10 491.54 709.81 541.66 -1.00 -1.00 -1.00 -1000.00 -1000.00 -1000.00 -1.000 -1.000 -1.000 -1.000 1.00 -1000.0000000000 -1000.0000000000 -1000.0000000000 -1000.0000000000 True True False False
Pedestrian 0.00 0 -1 1501.19 480.95 1523.26 552.94 -1.00 -1.00 -1.00 -1000.00 -1000.00 -1000.00 -1.000 -1.000 -1.000 -1.000 1.00 -1000.0000000000 -1000.0000000000 -1000.0000000000 -1000.0000000000 True True False False
