PassengerCar 0.92 0 -1 0.00 542.86 75.35 849.55 1.34 1.78 3.69 -5.14 1.46 9.32 1.541 -0.008 -0.009 3.112 1.00 0.0045623250 -0.0043132131 0.9998674763 0.0150203625 True False True False
PassengerCar 0.33 1 -1 13.36 541.41 346.41 797.40 1.44 1.79 4.00 -5.15 1.61 14.20 1.540 0.073 0.002 3.111 1.00 -0.0005582578 0.0362976739 0.9992226921 0.0153681086 True False True False
PassengerCar 0.00 0 -1 501.97 477.58 696.85 666.46 2.30 2.23 5.68 -5.28 1.90 32.46 1.561 0.023 0.000 3.132 1.00 -0.0000538745 0.0113488836 0.9999243312 0.0047467611 True True True False
PassengerCar 0.00 2 -1 594.47 500.58 730.55 640.09 2.18 1.98 4.40 -5.44 2.03 39.08 1.555 0.016 -0.008 3.126 1.00 0.0041852798 0.0080980771 0.9999269966 0.0079313274 True True True False
PassengerCar 0.00 0 -1 796.70 543.94 892.50 617.96 1.48 1.89 4.02 -2.93 2.18 49.13 1.521 0.000 0.000 3.092 1.00 0.0000000000 0.0000000000 0.9996868762 0.0250229795 True True True False
PassengerCar 0.00 0 -1 892.37 527.59 1143.12 727.83 1.52 1.99 4.22 0.20 1.57 18.58 -1.588 0.000 0.000 -0.017 1.00 0.0000000000 0.0000000000 -0.0086354708 0.9999627136 True True True False
PassengerCar 0.00 0 -1 1136.94 511.06 1302.95 653.05 1.81 1.96 4.58 3.26 1.83 33.38 -1.579 0.082 0.001 -0.009 1.00 0.0410876219 0.0001773875 -0.0043136114 0.9991462198 True True True False
PassengerCar 0.00 0 -1 857.54 512.83 904.25 549.22 -1.00 -1.00 -1.00 -1000.00 -1000.00 -1000.00 -1.000 -1.000 -1.000 -1.000 1.00 -1000.0000000000 -1000.0000000000 -1000.0000000000 -1000.0000000000 True True False False
PassengerCar 0.00 0 -1 897.42 493.30 935.73 522.95 -1.00 -1.00 -1.00 -1000.00 -1000.00 -1000.00 -1.000 -1.000 -1.000 -1.000 1.00 -1000.0000000000 -1000.0000000000 -1000.0000000000 -1000.0000000000 True True False False
DontCare 0.00 -1 -1 942.03 498.80 1034.60 540.02 -1.00 -1.00 -1.00 -1000.00 -1000.00 -1000.00 -1.000 -1.000 -1.000 -1.000 1.00 -1000.0000000000 -1000.0000000000 -1000.0000000000 -1000.0000000000 False False False False
DontCare 0.00 -1 -1 826.89 494.53 901.28 524.22 -1.00 -1.00 -1.00 -1000.00 -1000.00 -1000.00 -1.000 -1.000 -1.000 -1.000 1.00 -1000.0000000000 -1000.0000000000 -1000.0000000000 -1000.0000000000 False False False False
Obstacle 0.00 3 -1 59.11 491.56 123.64 680.25 1.76 0.55 0.53 -8.54 1.62 22.43 -0.330 0.000 0.000 1.241 1.00 0.0000000000 0.0000000000 0.5814293105 0.8135969253 True False True False
Obstacle 0.00 3 -1 258.07 534.10 309.08 676.53 1.74 0.60 0.42 -8.32 1.98 27.66 1.494 0.000 0.000 3.065 1.00 0.0000000000 0.0000000000 0.9992635113 0.0383723209 True False True True
Obstacle 0.00 3 -1 1148.18 490.23 1238.42 562.15 -1.00 -1.00 -1.00 -1000.00 -1000.00 -1000.00 -1.000 -1.000 -1.000 -1.000 1.00 -1000.0000000000 -1000.0000000000 -1000.0000000000 -1000.0000000000 True False False True
Obstacle 0.00 0 -1 806.21 495.40 817.52 521.77 -1.00 -1.00 -1.00 -1000.00 -1000.00 -1000.00 -1.000 -1.000 -1.000 -1.000 1.00 -1000.0000000000 -1000.0000000000 -1000.0000000000 -1000.0000000000 True True False True
Obstacle 0.00 0 -1 816.52 494.99 826.26 521.95 -1.00 -1.00 -1.00 -1000.00 -1000.00 -1000.00 -1.000 -1.000 -1.000 -1.000 1.00 -1000.0000000000 -1000.0000000000 -1000.0000000000 -1000.0000000000 True True False True
Obstacle 0.00 3 -1 0.00 493.64 47.86 682.27 -1.00 -1.00 -1.00 -1000.00 -1000.00 -1000.00 -1.000 -1.000 -1.000 -1.000 1.00 -1000.0000000000 -1000.0000000000 -1000.0000000000 -1000.0000000000 True False False True
Pedestrian 0.00 0 -1 307.41 514.03 372.56 662.88 1.70 0.65 0.58 -7.61 1.78 27.62 1.414 0.000 0.000 2.985 1.00 0.0000000000 0.0000000000 0.9969442431 0.0781164263 True True True False
Pedestrian 0.00 1 -1 483.53 530.62 516.69 628.35 1.61 0.55 0.54 -8.31 1.97 40.09 1.483 0.000 0.000 3.054 1.00 0.0000000000 0.0000000000 0.9990419092 0.0437637259 True True True False
Pedestrian 0.00 0 -1 1347.56 516.27 1396.42 637.22 1.58 0.54 0.56 5.06 1.71 31.12 -1.568 0.000 0.000 0.003 1.00 0.0000000000 0.0000000000 0.0014211192 0.9999989902 True True True False
Pedestrian 0.00 0 -1 1390.41 511.38 1434.53 639.43 1.62 0.65 0.51 5.67 1.71 31.21 -1.569 0.000 0.000 0.002 1.00 0.0000000000 0.0000000000 0.0009327564 0.9999995650 True True True False
Pedestrian 0.00 1 -1 1327.04 515.45 1367.68 616.68 1.87 0.77 0.52 6.42 2.06 41.83 -0.003 0.000 0.000 1.567 1.00 0.0000000000 0.0000000000 0.7059347819 0.7082768411 True True True False
Pedestrian_is_group 0.00 1 -1 1267.05 518.87 1340.13 610.94 2.06 1.34 1.56 6.33 2.23 46.01 -3.161 0.000 0.000 -1.591 1.00 0.0000000000 0.0000000000 -0.7140759394 0.7000682487 True True True False
Pedestrian 0.00 0 -1 756.81 508.34 769.51 551.16 -1.00 -1.00 -1.00 -1000.00 -1000.00 -1000.00 -1.000 -1.000 -1.000 -1.000 1.00 -1000.0000000000 -1000.0000000000 -1000.0000000000 -1000.0000000000 True True False False
Pedestrian 0.00 0 -1 770.17 508.46 787.94 551.49 -1.00 -1.00 -1.00 -1000.00 -1000.00 -1000.00 -1.000 -1.000 -1.000 -1.000 1.00 -1000.0000000000 -1000.0000000000 -1000.0000000000 -1000.0000000000 True True False False
Pedestrian 0.00 0 -1 789.87 507.29 805.91 549.54 -1.00 -1.00 -1.00 -1000.00 -1000.00 -1000.00 -1.000 -1.000 -1.000 -1.000 1.00 -1000.0000000000 -1000.0000000000 -1000.0000000000 -1000.0000000000 True True False False
Pedestrian 0.00 0 -1 1069.81 497.08 1086.91 531.98 -1.00 -1.00 -1.00 -1000.00 -1000.00 -1000.00 -1.000 -1.000 -1.000 -1.000 1.00 -1000.0000000000 -1000.0000000000 -1000.0000000000 -1000.0000000000 True False False False
Pedestrian 0.00 0 -1 1099.45 496.21 1122.91 551.86 -1.00 -1.00 -1.00 -1000.00 -1000.00 -1000.00 -1.000 -1.000 -1.000 -1.000 1.00 -1000.0000000000 -1000.0000000000 -1000.0000000000 -1000.0000000000 True False False False
Pedestrian 0.00 0 -1 1118.67 504.97 1136.84 547.04 -1.00 -1.00 -1.00 -1000.00 -1000.00 -1000.00 -1.000 -1.000 -1.000 -1.000 1.00 -1000.0000000000 -1000.0000000000 -1000.0000000000 -1000.0000000000 True False False False
