PassengerCar 0.00 0 -1 861.98 496.95 1124.15 715.58 1.36 1.73 4.09 0.08 1.31 16.71 -1.586 0.000 0.000 -0.015 1.00 0.0000000000 0.0000000000 -0.0075493871 0.9999715030 True True True False
PassengerCar 0.00 3 -1 874.84 497.31 1044.75 647.41 1.56 1.59 3.89 -0.32 1.44 26.11 -1.525 0.000 0.000 0.046 1.00 0.0000000000 0.0000000000 0.0231044159 0.9997330574 True True True False
PassengerCar 0.00 2 -1 1050.58 515.89 1181.99 592.03 1.51 1.82 3.68 2.77 1.69 49.27 -1.212 -0.009 0.003 0.359 1.00 -0.0048857726 0.0004749983 0.1786311297 0.9839038688 True True True False
PassengerCar 0.00 0 -1 464.58 522.90 595.51 592.56 1.50 1.67 4.03 -10.81 1.93 54.11 -2.157 0.017 -0.018 -0.587 1.00 0.0052936121 -0.0111566105 -0.2890574439 0.9572321045 True True True False
PassengerCar 0.00 1 -1 1256.73 463.61 1641.95 656.38 1.39 1.92 4.54 3.91 1.21 20.11 -1.760 0.015 -0.071 -0.189 1.00 0.0040420778 -0.0362754002 -0.0941078505 0.9948926924 True True True False
PassengerCar 0.36 0 -1 1556.18 315.59 1920.00 745.60 1.86 1.93 4.71 4.24 1.00 12.57 -1.430 0.026 0.012 0.141 1.00 0.0125453725 0.0068025153 0.0702594831 0.9974266612 True True True False
DontCare 0.00 -1 -1 114.58 494.64 280.83 600.09 -1.00 -1.00 -1.00 -1000.00 -1000.00 -1000.00 -1.000 -1.000 -1.000 -1.000 1.00 -1000.0000000000 -1000.0000000000 -1000.0000000000 -1000.0000000000 False False False False
Vehicle 0.00 2 -1 0.00 550.31 68.68 621.61 -1.00 -1.00 -1.00 -1000.00 -1000.00 -1000.00 -1.000 -1.000 -1.000 -1.000 1.00 -1000.0000000000 -1000.0000000000 -1000.0000000000 -1000.0000000000 True False False True
LargeVehicle 0.00 3 -1 876.40 468.88 1041.37 582.75 -1.00 -1.00 -1.00 -1000.00 -1000.00 -1000.00 -1.000 -1.000 -1.000 -1.000 1.00 -1000.0000000000 -1000.0000000000 -1000.0000000000 -1000.0000000000 True False False False
LargeVehicle 0.00 3 -1 1000.14 479.19 1111.98 562.13 -1.00 -1.00 -1.00 -1000.00 -1000.00 -1000.00 -1.000 -1.000 -1.000 -1.000 1.00 -1000.0000000000 -1000.0000000000 -1000.0000000000 -1000.0000000000 True False False False
Obstacle 0.00 2 -1 1299.04 499.00 1330.94 597.87 -1.00 -1.00 -1.00 -1000.00 -1000.00 -1000.00 -1.000 -1.000 -1.000 -1.000 1.00 -1000.0000000000 -1000.0000000000 -1000.0000000000 -1000.0000000000 True True False False
Pedestrian 0.00 2 -1 1199.05 501.27 1234.88 606.43 1.79 0.43 0.58 3.93 1.68 40.43 -3.095 0.004 0.001 -1.524 1.00 0.0016917643 -0.0012258369 -0.6903412228 0.7234809129 True True True False
Pedestrian 0.00 0 -1 1251.19 501.34 1284.32 578.09 1.71 0.69 0.64 6.75 1.61 56.80 -4.589 0.004 0.000 -3.018 1.00 0.0001217743 -0.0017624579 -0.9980834325 0.0618574221 True True True False
Pedestrian 0.05 0 -1 689.38 526.42 719.05 577.58 1.62 0.68 0.65 -9.24 2.21 76.54 -3.855 0.000 0.000 -2.284 1.00 0.0000000000 0.0000000000 -0.9095207678 0.4156584810 True True True False
