PassengerCar 0.25 0 -1 1587.28 534.41 1920.00 687.25 1.35 1.85 3.80 7.80 1.67 22.73 -3.333 0.009 -0.033 -1.762 1.00 -0.0097365506 -0.0137486403 -0.7713065101 0.6362408679 True False True False
DontCare 0.46 3 -1 -27.00 488.00 34.00 614.00 1.80 0.65 0.63 -14.18 1.53 33.92 1.491 0.000 0.000 3.062 1.00 0.0000000000 0.0000000000 0.9992070179 0.0398162705 False False False False
Pedestrian 0.00 0 -1 1068.23 484.58 1121.12 643.43 1.68 0.55 0.41 1.15 1.42 25.06 -4.585 0.000 0.000 -3.014 1.00 0.0000000000 0.0000000000 -0.9979661142 0.0637466457 True True True False
Pedestrian 0.00 0 -1 979.78 498.49 1056.48 673.06 1.71 0.60 0.71 0.30 1.58 22.95 -0.033 0.000 0.000 1.537 1.00 0.0000000000 0.0000000000 0.6952103235 0.7188063759 True True True False
Pedestrian 0.00 1 -1 970.88 472.91 1026.81 656.23 1.82 0.39 0.63 0.09 1.48 23.80 -3.146 0.000 0.000 -1.575 1.00 0.0000000000 0.0000000000 -0.7085562973 0.7056542876 True True True False
Pedestrian 0.00 0 -1 884.36 508.49 981.87 686.65 1.60 0.50 0.93 -0.49 1.61 21.50 -0.008 0.000 0.000 1.563 1.00 0.0000000000 0.0000000000 0.7042599890 0.7099421581 True True True False
Pedestrian 0.00 2 -1 878.71 489.29 933.76 673.75 1.74 0.68 0.56 -0.76 1.58 22.31 -0.015 0.000 0.000 1.556 1.00 0.0000000000 0.0000000000 0.7019054375 0.7122701432 True True True False
Pedestrian 0.00 1 -1 906.62 486.42 969.16 670.78 1.86 0.55 0.60 -0.51 1.65 24.30 -3.143 0.000 0.000 -1.572 1.00 0.0000000000 0.0000000000 -0.7076935120 0.7065195631 True True True False
Pedestrian 0.00 2 -1 854.22 501.30 897.80 646.44 1.55 0.58 0.52 -1.10 1.46 23.96 -0.014 0.000 0.000 1.556 1.00 0.0000000000 0.0000000000 0.7020302895 0.7121470864 True True True False
Pedestrian 0.00 0 -1 785.79 453.99 852.19 621.79 1.76 0.64 0.81 -1.78 1.19 25.00 -1.618 -0.001 0.017 -0.048 1.00 -0.0001977607 0.0083102371 -0.0237896785 0.9996824256 True True True False
Pedestrian 0.00 0 -1 740.21 424.00 789.74 572.14 1.61 0.53 0.48 -2.45 0.69 25.75 -1.523 0.000 0.000 0.048 1.00 0.0000000000 0.0000000000 0.0241343515 0.9997087241 True True True False
Pedestrian 0.65 0 -1 0.00 438.68 66.38 941.99 1.76 0.56 0.48 -3.28 1.39 7.62 -3.249 0.000 0.000 -1.678 1.00 0.0000000000 0.0000000000 -0.7439350255 0.6682519568 True False True False
Pedestrian 0.00 0 -1 203.37 428.43 359.58 896.08 1.66 0.54 0.49 -2.57 1.38 8.51 -3.192 -0.004 -0.000 -1.621 1.00 -0.0014536852 0.0013821578 -0.7247099233 0.6890511617 True False True False
Pedestrian 0.00 0 -1 380.24 400.89 517.46 861.55 1.73 0.70 0.39 -2.12 1.33 9.28 -3.161 -0.001 0.003 -1.590 1.00 0.0006668846 0.0012395626 -0.7137939873 0.7003543121 True True True False
Pedestrian 0.00 1 -1 448.94 433.46 603.84 836.56 1.70 0.65 0.68 -2.04 1.38 10.14 -3.148 0.000 0.000 -1.577 1.00 0.0000000000 0.0000000000 -0.7092802419 0.7049266192 True True True False
Pedestrian 0.00 1 -1 437.74 427.06 618.73 817.78 1.80 0.84 0.88 -2.18 1.42 10.90 -3.167 0.001 0.018 -1.596 1.00 0.0067482526 0.0061037646 -0.7160484773 0.6979912487 True True True False
Pedestrian 0.00 1 -1 546.79 471.59 598.37 649.34 1.83 0.61 0.55 -4.35 1.43 24.43 -3.100 0.000 0.000 -1.529 1.00 0.0000000000 0.0000000000 -0.6922628872 0.7216454081 True True True False
Pedestrian 0.00 1 -1 520.52 478.34 568.53 642.49 1.74 0.70 0.49 -4.73 1.43 25.16 -3.309 0.000 0.000 -1.739 1.00 0.0000000000 0.0000000000 -0.7639050872 0.6453286123 True True True False
Pedestrian 0.00 1 -1 48.71 500.35 98.97 625.61 1.70 0.65 0.49 -13.11 1.63 33.70 1.493 0.000 0.000 3.064 1.00 0.0000000000 0.0000000000 0.9992524075 0.0386603942 True False True False
Pedestrian 0.00 0 -1 150.00 452.26 295.94 829.44 1.68 0.52 0.59 -3.45 1.43 10.55 -3.288 0.000 0.000 -1.717 1.00 0.0000000000 0.0000000000 -0.7569897133 0.6534267931 True False True False
Pedestrian 0.00 0 -1 617.62 526.33 635.81 569.09 -1.00 -1.00 -1.00 -1000.00 -1000.00 -1000.00 -1.000 -1.000 -1.000 -1.000 1.00 -1000.0000000000 -1000.0000000000 -1000.0000000000 -1000.0000000000 True True False False
Pedestrian 0.00 2 -1 1753.68 503.24 1801.57 644.26 1.61 0.67 0.39 8.69 1.59 25.97 -2.705 0.000 0.000 -1.135 1.00 0.0000000000 0.0000000000 -0.5373400939 0.8433656523 True False True False
