PassengerCar 0.90 0 -1 0.00 495.88 40.85 830.99 1.57 1.73 3.85 -6.44 1.53 12.31 -2.276 0.021 0.004 -0.705 1.00 0.0105950546 -0.0016510591 -0.3451087982 0.9385014311 True False True False
PassengerCar 0.00 0 -1 18.77 501.20 352.02 778.81 1.49 1.74 3.82 -5.17 1.46 14.89 -1.966 -0.006 0.013 -0.395 1.00 -0.0014744647 0.0070393533 -0.1962035201 0.9805368184 True True True False
PassengerCar 0.00 1 -1 567.44 546.73 792.84 673.56 1.39 1.49 3.49 -3.79 1.87 28.53 -2.098 0.000 0.000 -0.527 1.00 0.0000000000 0.0000000000 -0.2604406073 0.9654898705 True True True False
PassengerCar 0.00 0 -1 730.00 534.24 1047.33 696.79 1.47 1.93 4.08 -0.89 1.77 23.42 -2.062 0.013 -0.023 -0.491 1.00 0.0033722762 -0.0126136793 -0.2431236894 0.9699074154 True True True False
PassengerCar 0.00 1 -1 1132.68 489.70 1509.76 755.24 1.57 1.37 3.32 2.08 1.53 15.53 -1.801 0.014 -0.054 -0.231 1.00 0.0039708131 -0.0273934028 -0.1147933248 0.9930036892 True True True False
PassengerCar 0.00 0 -1 1366.65 477.71 1833.21 843.89 1.54 1.36 2.79 2.74 1.44 11.13 -1.602 0.011 0.000 -0.031 1.00 0.0057493347 0.0000892469 -0.0155208719 0.9998630105 True True True False
PassengerCar 0.24 3 -1 0.00 503.47 131.16 663.57 1.62 1.62 3.21 -10.26 1.58 25.54 -1.985 0.000 0.000 -0.415 1.00 0.0000000000 0.0000000000 -0.2058566166 0.9785821649 True False True True
LargeVehicle 0.00 1 -1 339.86 425.29 692.86 657.13 3.16 2.55 10.42 -7.45 2.16 36.13 -2.030 0.040 -0.004 -0.459 1.00 0.0191541086 -0.0065183026 -0.2275212265 0.9735629016 True True True False
Pedestrian 0.00 2 -1 792.00 510.28 833.54 629.30 1.71 0.49 0.59 -2.53 1.74 33.98 -3.222 0.000 0.000 -1.651 1.00 0.0000000000 0.0000000000 -0.7349926025 0.6780751243 True True True False
Pedestrian 0.00 3 -1 692.46 519.04 718.56 609.89 1.66 0.60 0.53 -5.64 1.90 47.25 -2.608 0.000 0.000 -1.037 1.00 0.0000000000 0.0000000000 -0.4956354642 0.8685306480 True True True False
Pedestrian 0.00 0 -1 1784.47 439.14 1871.97 676.36 1.68 0.57 0.35 5.99 1.17 16.81 -1.265 0.000 0.000 0.306 1.00 0.0000000000 0.0000000000 0.1523613789 0.9883248505 True False True False
Pedestrian 0.00 0 -1 1751.36 427.63 1829.56 640.08 1.66 0.44 0.47 5.51 1.16 16.94 -1.053 0.000 0.000 0.518 1.00 0.0000000000 0.0000000000 0.2559131602 0.9666997747 True False True False
Pedestrian 0.00 3 -1 1504.25 451.30 1561.98 679.62 1.62 0.67 0.50 3.90 1.33 16.30 -1.571 0.000 0.000 0.000 1.00 0.0000000000 0.0000000000 0.0000000000 1.0000000000 True False True False
Pedestrian 0.00 2 -1 1414.53 450.25 1475.41 656.47 1.85 0.53 0.46 4.16 1.34 21.45 -1.394 0.000 0.000 0.177 1.00 0.0000000000 0.0000000000 0.0881988981 0.9961028834 True True True False
Pedestrian 0.00 3 -1 1373.99 469.45 1429.96 658.94 1.70 0.39 0.37 3.76 1.36 21.10 -1.383 0.000 0.000 0.188 1.00 0.0000000000 0.0000000000 0.0936530449 0.9956048951 True False True False
Pedestrian_is_group 0.00 3 -1 1662.14 437.33 1751.71 662.50 1.67 0.53 0.40 5.40 1.15 17.72 1.536 0.000 0.000 3.107 1.00 0.0000000000 0.0000000000 0.9998476952 0.0174524064 True False True False
Pedestrian 0.00 3 -1 1592.15 447.22 1661.59 651.41 1.70 0.45 0.37 5.48 1.18 20.20 -1.757 0.000 0.000 -0.186 1.00 0.0000000000 0.0000000000 -0.0927444928 0.9956899412 True False True False
Pedestrian 0.00 3 -1 1567.56 462.41 1608.31 663.02 1.71 0.39 0.30 5.63 1.24 21.96 -1.446 0.000 0.000 0.125 1.00 0.0000000000 0.0000000000 0.0625563478 0.9980414337 True False True True
Pedestrian 0.00 1 -1 1065.69 470.50 1119.21 636.57 1.74 0.40 0.55 1.10 1.35 24.86 0.018 0.000 0.000 1.588 1.00 0.0000000000 0.0000000000 0.7133228241 0.7008356074 True True True False
Pedestrian 0.00 1 -1 985.37 480.56 1041.05 639.07 1.64 0.36 0.50 0.31 1.35 25.41 -0.027 0.000 0.000 1.544 1.00 0.0000000000 0.0000000000 0.6976407435 0.7164477601 True True True False
Pedestrian 0.00 2 -1 1013.05 481.53 1056.94 639.80 1.79 0.48 0.40 0.71 1.48 26.79 -1.891 0.000 0.000 -0.320 1.00 0.0000000000 0.0000000000 -0.1595001840 0.9871978988 True True True False
Pedestrian 0.00 3 -1 1072.51 491.28 1104.73 631.46 1.63 0.36 0.36 1.18 1.44 27.57 -1.559 0.000 0.000 0.012 1.00 0.0000000000 0.0000000000 0.0058667453 0.9999827905 True True True True
Pedestrian 0.00 3 -1 902.77 504.62 942.86 626.63 1.81 0.60 0.31 -0.99 1.79 35.77 1.476 0.000 0.000 3.047 1.00 0.0000000000 0.0000000000 0.9988714829 0.0474948482 True True True False
Pedestrian 0.00 3 -1 1055.24 495.79 1088.79 629.71 1.88 0.33 0.38 1.07 1.72 31.76 -1.545 0.000 0.000 0.026 1.00 0.0000000000 0.0000000000 0.0127617317 0.9999185658 True True True False
Pedestrian 0.00 3 -1 942.98 502.84 973.27 621.97 1.62 0.41 0.29 -0.41 1.55 32.22 0.873 0.000 0.000 2.444 1.00 0.0000000000 0.0000000000 0.9397118219 0.3419673841 True True True False
Pedestrian 0.00 3 -1 937.75 496.87 973.18 613.37 1.78 0.49 0.55 6.41 1.09 18.18 -1.381 0.000 0.000 0.190 1.00 0.0000000000 0.0000000000 0.0947496716 0.9955011300 True True True True
Pedestrian 0.00 3 -1 1467.02 452.55 1528.41 632.70 -1.00 -1.00 -1.00 -1000.00 -1000.00 -1000.00 -1.000 -1.000 -1.000 -1.000 1.00 -1000.0000000000 -1000.0000000000 -1000.0000000000 -1000.0000000000 True False False False
Pedestrian 0.00 1 -1 1850.79 453.40 1907.39 659.63 1.58 0.35 0.38 6.96 1.17 18.29 -2.755 0.000 0.000 -1.184 1.00 0.0000000000 0.0000000000 -0.5579748867 0.8298578347 True True True False
