PassengerCar 0.00 0 -1 581.46 476.96 1267.84 1013.61 1.10 1.64 3.96 -0.14 1.05 6.82 -1.571 0.000 0.000 0.000 1.00 0.0000000000 0.0000000000 0.0000000000 1.0000000000 True True True True
PassengerCar 0.61 0 -1 0.00 469.44 358.69 936.78 1.34 1.63 3.66 -3.53 1.32 8.44 -1.601 0.032 -0.012 -0.030 1.00 0.0157509614 -0.0063919146 -0.0150312836 0.9997425224 True True True False
PassengerCar 0.00 1 -1 232.60 496.63 591.27 737.15 1.35 1.56 3.18 -3.63 1.32 15.35 -1.586 0.035 -0.001 -0.016 1.00 0.0176701156 -0.0006241532 -0.0077907111 0.9998133237 True True True False
PassengerCar 0.00 2 -1 450.15 509.74 721.78 685.47 1.43 1.82 4.13 -3.59 1.46 21.70 -1.577 0.000 0.000 -0.006 1.00 0.0000000000 0.0000000000 -0.0029697924 0.9999955902 True True True False
PassengerCar 0.00 3 -1 571.56 509.96 750.32 634.51 1.43 1.65 3.65 -3.77 1.47 28.98 -1.590 0.000 0.000 -0.020 1.00 0.0000000000 0.0000000000 -0.0098075597 0.9999519047 True False True True
DontCare 0.07 3 -1 -11.00 481.00 193.00 595.00 1.50 1.52 3.29 -12.39 1.16 32.72 -1.542 0.000 0.000 0.028 1.00 0.0000000000 0.0000000000 0.0142047829 0.9998991070 False False False False
DontCare 0.23 3 -1 -45.00 464.00 159.00 614.00 1.50 1.28 2.20 -9.75 1.07 24.77 -1.571 0.000 0.000 0.000 1.00 0.0000000000 0.0000000000 0.0000000000 1.0000000000 False False False False
DontCare 0.00 3 -1 379.00 497.00 561.00 555.00 1.69 4.82 5.35 -15.67 1.41 71.79 -1.667 0.000 0.000 -0.096 1.00 0.0000000000 0.0000000000 -0.0481910098 0.9988381383 False False False False
DontCare 0.00 3 -1 270.00 505.00 377.00 555.00 1.52 2.07 4.01 -20.70 1.44 73.54 -1.529 0.000 0.000 0.042 1.00 0.0000000000 0.0000000000 0.0208152263 0.9997833397 False False False False
DontCare 0.82 -1 -1 1796.22 477.74 1920.00 708.01 1.50 2.09 4.18 8.24 1.32 17.21 -2.681 0.000 0.000 -1.111 1.00 0.0000000000 0.0000000000 -0.5272135896 0.8497327997 False False False False
Vehicle 0.00 3 -1 749.03 490.05 1096.25 742.24 1.41 1.94 4.21 -0.38 1.29 14.94 -1.571 0.000 0.000 0.000 1.00 0.0000000000 0.0000000000 0.0000000000 1.0000000000 False False True False
Vehicle 0.00 3 -1 866.46 509.90 1062.43 658.23 1.24 1.60 3.77 -0.14 1.27 21.64 -1.529 0.000 0.000 0.042 1.00 0.0000000000 0.0000000000 0.0208382348 0.9997828604 False False True False
Pedestrian 0.00 2 -1 1486.62 465.95 1528.67 591.84 1.70 0.46 0.38 7.06 1.13 32.03 1.473 0.000 0.000 3.044 1.00 0.0000000000 0.0000000000 0.9988154962 0.0486580374 True True True False
Pedestrian 0.00 2 -1 1616.55 459.88 1655.95 580.94 1.47 0.44 0.42 8.16 0.99 29.26 1.458 0.000 0.000 3.029 1.00 0.0000000000 0.0000000000 0.9984019360 0.0565117171 True False True False
