PassengerCar 0.12 0 -1 0.00 460.57 647.94 899.86 1.34 1.75 4.44 -2.93 1.16 9.10 -2.103 0.008 0.026 -0.532 1.00 0.0071344004 0.0115097005 -0.2628586133 0.9647393309 True True True False
PassengerCar 0.17 0 -1 0.00 454.58 280.95 749.88 1.57 1.84 3.91 -5.21 1.20 14.21 -2.068 0.000 0.000 -0.498 1.00 0.0000000000 0.0000000000 -0.2461940547 0.9692205566 True False True False
Pedestrian 0.00 0 -1 1600.03 386.21 1736.96 792.32 1.82 0.61 0.49 3.08 1.26 10.70 -4.655 0.000 0.000 -3.085 1.00 0.0000000000 0.0000000000 -0.9995926219 0.0285410280 True False True False
Pedestrian 0.00 0 -1 1453.85 419.00 1597.07 791.91 1.65 0.61 0.70 2.43 1.26 10.71 -4.516 0.000 0.000 -2.945 1.00 0.0000000000 0.0000000000 -0.9951614994 0.0982526848 True True True False
Pedestrian 0.00 2 -1 1424.73 422.24 1547.70 773.44 1.71 0.37 0.48 2.43 1.29 11.62 -4.705 0.000 0.000 -3.134 1.00 0.0000000000 0.0000000000 -0.9999923948 0.0039000564 True True True False
Pedestrian 0.00 0 -1 1114.00 407.51 1248.54 746.08 1.81 0.71 0.67 1.07 1.27 13.03 1.387 0.000 0.000 2.958 1.00 0.0000000000 0.0000000000 0.9958002518 0.0915524904 True True True False
Pedestrian 0.00 0 -1 996.13 455.84 1096.84 718.27 1.62 0.62 0.53 0.33 1.30 15.19 1.318 0.000 0.000 2.888 1.00 0.0000000000 0.0000000000 0.9919944246 0.1262816757 True True True False
Pedestrian 0.00 1 -1 1323.38 415.12 1451.92 782.06 1.71 0.59 0.92 1.91 1.28 11.25 -4.670 0.000 0.000 -3.099 1.00 0.0000000000 0.0000000000 -0.9997703994 0.0214277519 True True True False
Pedestrian 0.00 0 -1 900.52 472.80 978.94 667.11 1.78 0.70 0.64 -0.46 1.45 22.05 -1.695 0.000 -0.017 -0.124 1.00 -0.0005141057 -0.0082526320 -0.0621733120 0.9980311163 True True True False
Pedestrian 0.00 1 -1 1233.97 463.05 1320.77 728.00 1.59 0.49 0.62 1.71 1.32 14.11 1.528 -0.001 -0.000 3.098 1.00 0.0000125468 -0.0005819787 0.9997675197 0.0215538344 True True True False
Pedestrian 0.00 2 -1 1108.62 503.59 1158.09 664.19 1.64 0.38 0.34 1.50 1.60 24.33 -3.809 0.001 0.001 -2.238 1.00 0.0005053391 -0.0001482523 -0.8996138395 0.4366859998 True True True False
Pedestrian 0.00 3 -1 1048.52 500.35 1088.67 653.49 1.76 0.51 0.42 0.96 1.63 27.51 -4.049 0.000 0.000 -2.478 1.00 0.0000000000 0.0000000000 -0.9454526612 0.3257595210 True True True True
Pedestrian 0.00 3 -1 643.45 489.66 689.35 621.00 1.68 0.59 0.58 -3.90 1.41 27.97 -4.635 0.000 0.000 -3.065 1.00 0.0000000000 0.0000000000 -0.9992583467 0.0385065781 True False True True
Pedestrian 0.00 2 -1 763.27 490.22 793.98 610.83 1.98 0.45 0.35 -3.54 1.68 38.95 -3.670 0.000 0.000 -2.099 1.00 0.0000000000 0.0000000000 -0.8672548179 0.4978645206 True True True False
