PassengerCar 0.00 0 -1 1171.33 485.06 1504.55 667.81 1.59 2.16 4.13 3.37 1.29 21.88 -4.252 0.040 -0.014 -2.681 1.00 -0.0024682941 -0.0209871618 -0.9733651169 0.2282844623 True True True False
PassengerCar 0.74 0 -1 1811.66 455.38 1920.00 680.95 1.47 1.91 4.33 7.53 1.10 16.98 -4.104 0.011 0.015 -2.533 1.00 0.0087772298 -0.0027550533 -0.9540622723 0.2994671110 True False True False
PassengerCar 0.00 3 -1 1316.12 493.49 1565.45 606.64 1.35 1.44 3.31 5.55 1.18 29.25 1.142 0.000 0.000 2.713 1.00 0.0000000000 0.0000000000 0.9770852177 0.2128484844 True False True False
PassengerCar 0.00 0 -1 1670.95 475.12 1841.04 574.99 1.50 2.07 4.20 13.18 0.98 40.40 -4.181 0.039 0.066 -2.610 1.00 0.0370852553 -0.0100674441 -0.9643589983 0.2617920028 True False True False
PassengerCar 0.00 0 -1 1541.09 482.33 1696.24 571.19 1.51 1.89 4.01 11.65 1.05 43.25 -4.182 0.025 0.036 -2.611 1.00 0.0204751830 -0.0072125684 -0.9648310993 0.2619727002 True True True False
PassengerCar 0.00 2 -1 1373.72 480.48 1519.95 561.18 1.71 1.61 4.05 9.66 1.12 49.39 -4.116 -0.006 -0.009 -2.545 1.00 -0.0050108386 0.0015394784 -0.9558900333 0.2936779967 True False True False
PassengerCar 0.00 2 -1 1142.87 504.24 1264.54 584.45 1.90 1.86 3.79 5.22 1.75 56.23 -4.329 0.016 0.020 -2.758 1.00 0.0112770046 -0.0057870430 -0.9816275314 0.1903857370 True True True False
PassengerCar 0.00 2 -1 1082.68 500.95 1202.07 563.30 1.52 1.43 2.74 3.84 1.38 59.10 -3.327 0.008 0.011 -1.756 1.00 0.0066973032 0.0003817380 -0.7696063891 0.6384833641 True True True False
Vehicle 0.00 3 -1 1202.87 498.00 1359.35 579.60 1.70 1.95 4.07 6.47 1.51 52.64 -4.079 0.012 0.015 -2.508 1.00 0.0092071313 -0.0034895635 -0.9502128630 0.3114459289 False False True True
Pedestrian 0.31 0 -1 0.00 499.26 70.49 689.58 1.74 0.66 0.55 -9.13 1.67 22.21 -2.470 0.000 0.000 -0.899 1.00 0.0000000000 0.0000000000 -0.4344214201 0.9007097367 True False True False
Pedestrian 0.00 0 -1 51.73 497.79 136.11 694.11 1.89 0.62 0.50 -8.66 1.78 22.80 -2.876 0.000 0.000 -1.305 1.00 0.0000000000 0.0000000000 -0.6073260986 0.7944526481 True False True False
Pedestrian_is_group 0.00 1 -1 973.83 455.57 1103.11 631.14 1.93 1.28 1.63 0.56 1.30 27.09 -1.682 0.000 0.000 -0.111 1.00 0.0000000000 0.0000000000 -0.0554180300 0.9984632402 True True True False
Pedestrian_is_group 0.00 2 -1 810.17 453.83 909.78 627.00 1.98 0.99 0.87 -1.61 1.36 27.54 -0.952 0.000 0.000 0.619 1.00 0.0000000000 0.0000000000 0.3044213501 0.9525374752 True True True False
