PassengerCar 0.85 0 -1 0.00 475.74 57.81 624.01 1.35 1.82 4.21 -11.08 1.07 23.63 -4.711 0.000 0.000 -3.140 1.00 0.0000000000 0.0000000000 -0.9999997010 0.0007732487 True False True False
PassengerCar 0.12 1 -1 0.00 484.15 243.45 598.35 1.37 1.83 4.36 -11.06 1.10 29.90 -4.707 0.000 0.000 -3.136 1.00 0.0000000000 0.0000000000 -0.9999966819 0.0025760729 True False True False
PassengerCar 0.00 2 -1 160.22 494.03 336.07 587.21 1.34 1.68 4.03 -11.29 1.15 35.98 1.536 0.000 0.000 3.107 1.00 0.0000000000 0.0000000000 0.9998485283 0.0174046100 True False True False
PassengerCar 0.00 1 -1 303.34 490.60 460.17 574.55 1.42 1.96 4.17 -10.93 1.12 42.44 1.553 -0.011 0.013 3.124 1.00 -0.0063580292 -0.0053480646 0.9999263130 0.0088511107 True True True False
PassengerCar 0.00 2 -1 411.41 500.57 533.56 578.71 1.52 1.83 4.16 -10.56 1.39 47.94 1.565 0.000 0.000 3.135 1.00 0.0000000000 0.0000000000 0.9999952742 0.0030743483 True False True False
PassengerCar 0.00 1 -1 831.07 498.77 927.10 578.06 1.80 1.81 4.44 -2.46 1.52 49.99 1.417 0.005 -0.001 2.988 1.00 0.0007615111 0.0025365538 0.9970532871 0.0766663466 True True True False
PassengerCar 0.00 0 -1 943.37 511.46 1171.22 595.59 1.43 1.83 4.08 1.36 1.50 41.64 0.683 -0.005 -0.006 2.254 1.00 0.0015537233 -0.0032664908 0.9030422142 0.4295365822 True True True False
PassengerCar 0.00 1 -1 1133.65 520.01 1339.42 595.81 1.50 1.90 4.38 5.10 1.77 48.50 -2.544 -0.010 -0.014 -0.973 1.00 -0.0074768001 -0.0039546032 -0.4675290144 0.8839372598 True True True False
PassengerCar 0.00 1 -1 706.92 506.76 763.43 546.22 -1.00 -1.00 -1.00 -1000.00 -1000.00 -1000.00 -1.000 -1.000 -1.000 -1.000 1.00 -1000.0000000000 -1000.0000000000 -1000.0000000000 -1000.0000000000 True True False False
PassengerCar 0.00 0 -1 1480.60 539.64 1570.76 593.20 1.52 1.82 4.11 14.78 2.23 64.12 -4.674 0.000 0.000 -3.103 1.00 0.0000000000 0.0000000000 -0.9998147961 0.0192450879 True True True False
PassengerCar 0.00 2 -1 1429.68 536.03 1510.24 584.07 1.50 1.86 4.19 15.67 2.42 76.78 -4.688 0.000 0.000 -3.117 1.00 0.0000000000 0.0000000000 -0.9999254289 0.0122121542 True True True False
PassengerCar 0.00 2 -1 1643.25 551.91 1733.87 598.22 -1.00 -1.00 -1.00 -1000.00 -1000.00 -1000.00 -1.000 -1.000 -1.000 -1.000 1.00 -1000.0000000000 -1000.0000000000 -1000.0000000000 -1000.0000000000 True False False False
PassengerCar 0.00 2 -1 1665.75 536.76 1761.54 591.05 -1.00 -1.00 -1.00 -1000.00 -1000.00 -1000.00 -1.000 -1.000 -1.000 -1.000 1.00 -1000.0000000000 -1000.0000000000 -1000.0000000000 -1000.0000000000 True False False False
PassengerCar 0.00 1 -1 1795.97 532.63 1920.00 619.28 -1.00 -1.00 -1.00 -1000.00 -1000.00 -1000.00 -1.000 -1.000 -1.000 -1.000 1.00 -1000.0000000000 -1000.0000000000 -1000.0000000000 -1000.0000000000 True False False False
PassengerCar 0.00 1 -1 1389.99 526.57 1461.14 576.80 -1.00 -1.00 -1.00 -1000.00 -1000.00 -1000.00 -1.000 -1.000 -1.000 -1.000 1.00 -1000.0000000000 -1000.0000000000 -1000.0000000000 -1000.0000000000 True False False False
Vehicle 0.00 2 -1 1693.49 555.45 1792.68 612.23 -1.00 -1.00 -1.00 -1000.00 -1000.00 -1000.00 -1.000 -1.000 -1.000 -1.000 1.00 -1000.0000000000 -1000.0000000000 -1000.0000000000 -1000.0000000000 True False False True
Obstacle 0.00 3 -1 91.02 457.79 120.46 542.95 1.62 0.46 0.26 -16.85 0.67 44.98 -1.571 0.000 0.000 0.000 1.00 0.0000000000 0.0000000000 0.0000000000 1.0000000000 True False True False
Obstacle 0.00 3 -1 466.94 486.42 491.46 541.13 -1.00 -1.00 -1.00 -1000.00 -1000.00 -1000.00 -1.000 -1.000 -1.000 -1.000 1.00 -1000.0000000000 -1000.0000000000 -1000.0000000000 -1000.0000000000 True False False False
Pedestrian 0.06 0 -1 1369.44 517.13 1388.25 577.72 1.67 0.58 0.54 10.81 1.90 65.04 -3.136 0.000 0.000 -1.565 1.00 0.0000000000 0.0000000000 -0.7049631690 0.7092439146 True True True False
Pedestrian 0.05 3 -1 1089.23 512.88 1115.33 582.70 1.91 0.65 0.50 3.14 2.04 64.72 -0.357 0.000 0.000 1.214 1.00 0.0000000000 0.0000000000 0.5703363738 0.8214112372 True True True False
Pedestrian 0.06 2 -1 1131.54 508.34 1150.46 578.87 1.86 0.41 0.46 4.05 1.87 62.35 -0.035 0.000 0.000 1.536 1.00 0.0000000000 0.0000000000 0.6947968342 0.7192060617 True True True False
Pedestrian 0.00 0 -1 528.36 375.54 661.13 741.68 1.63 0.47 0.60 -1.80 1.02 10.72 0.016 0.000 0.000 1.587 1.00 0.0000000000 0.0000000000 0.7127675394 0.7014003384 True True True False
Pedestrian 0.00 1 -1 615.22 407.07 692.70 671.94 1.64 0.40 0.44 -2.10 0.99 14.83 -0.036 0.000 0.000 1.535 1.00 0.0000000000 0.0000000000 0.6943075632 0.7196784058 True True True False
