PassengerCar 0.00 0 -1 1279.54 484.83 1416.82 586.80 1.52 1.82 4.27 5.48 1.13 35.57 -1.492 -0.000 -0.015 0.079 1.00 0.0002002283 -0.0072606646 0.0394283740 0.9991959998 True True True False
PassengerCar 0.00 1 -1 1345.09 479.30 1517.27 565.32 1.53 1.83 3.95 7.96 0.95 41.67 -0.983 0.002 0.002 0.587 1.00 0.0004163582 0.0013767840 0.2894665051 0.9571870630 True True True False
PassengerCar 0.00 0 -1 812.83 468.94 857.38 502.48 -1.00 -1.00 -1.00 -1000.00 -1000.00 -1000.00 -1.000 -1.000 -1.000 -1.000 1.00 -1000.0000000000 -1000.0000000000 -1000.0000000000 -1000.0000000000 True True False False
LargeVehicle 0.00 0 -1 865.24 381.63 1049.75 590.40 3.01 2.79 9.04 -0.51 1.22 38.18 -1.627 0.016 -0.006 -0.056 1.00 0.0081486944 -0.0030272204 -0.0280082189 0.9995698947 True True True False
Pedestrian 0.00 0 -1 41.91 459.92 123.79 692.32 1.77 0.41 0.33 -6.79 1.43 17.65 1.554 0.000 0.000 3.125 1.00 0.0000000000 0.0000000000 0.9999664707 0.0081888625 True False True False
Pedestrian 0.00 0 -1 1702.42 384.42 1844.61 881.43 1.68 0.47 0.32 2.74 1.27 8.22 -3.186 0.000 0.000 -1.615 1.00 0.0000000000 0.0000000000 -0.7226176622 0.6912479398 True False True False
Pedestrian 0.39 0 -1 1804.26 404.49 1920.00 827.30 1.65 0.53 0.44 3.68 1.25 9.54 -3.628 0.014 0.009 -2.057 1.00 0.0071847616 -0.0036843779 -0.8565327059 0.5160295808 True False True False
Pedestrian 0.07 3 -1 1179.00 458.00 1196.00 524.00 1.84 0.46 0.43 5.53 0.47 65.16 -3.160 0.000 0.000 -1.589 1.00 0.0000000000 0.0000000000 -0.7136765165 0.7004754312 True True True False
Pedestrian 0.07 2 -1 1176.11 458.24 1193.89 524.41 1.84 0.37 0.46 5.49 0.46 65.69 -3.156 0.000 0.000 -1.585 1.00 0.0000000000 0.0000000000 -0.7122497209 0.7019261607 True True True False
Pedestrian 0.06 2 -1 1247.18 456.23 1267.44 510.44 1.60 0.55 0.31 7.97 0.07 69.77 -1.291 0.000 0.000 0.279 1.00 0.0000000000 0.0000000000 0.1392805866 0.9902529567 True True False False
Pedestrian 0.05 0 -1 1269.50 447.36 1294.23 508.18 1.76 0.72 0.68 8.55 0.00 68.52 -2.979 -0.000 0.006 -1.408 1.00 0.0017293202 0.0022894969 -0.6472244469 0.7622940922 True True True False
Pedestrian 0.06 0 -1 1206.94 456.11 1223.87 514.40 1.64 0.48 0.56 6.53 0.20 66.26 -3.195 0.000 0.000 -1.624 1.00 0.0000000000 0.0000000000 -0.7256740303 0.6880386630 True True True False
Pedestrian 0.07 1 -1 1148.44 457.47 1166.18 522.67 1.95 0.32 0.45 4.86 0.40 66.97 -3.153 0.000 0.000 -1.582 1.00 0.0000000000 0.0000000000 -0.7110634495 0.7031278481 True True True False
Pedestrian 0.08 1 -1 1130.28 458.75 1143.94 523.64 1.85 0.37 0.35 4.23 0.42 66.60 -3.159 0.000 0.000 -1.588 1.00 0.0000000000 0.0000000000 -0.7130861191 0.7010764486 True True True False
Pedestrian 0.07 0 -1 1108.23 457.85 1124.12 524.74 1.98 0.45 0.35 3.70 0.47 67.92 -3.285 0.000 0.000 -1.714 1.00 0.0000000000 0.0000000000 -0.7559736657 0.6546020293 False False False False
Pedestrian 0.06 0 -1 646.15 467.22 668.80 527.72 1.69 0.56 0.29 -9.25 0.55 65.92 -1.319 0.000 0.000 0.251 1.00 0.0000000000 0.0000000000 0.1253398604 0.9921138641 True True True False
Pedestrian 0.07 3 -1 672.38 461.13 690.01 529.14 1.90 0.43 0.43 -8.62 0.59 66.17 -0.282 0.000 0.000 1.289 1.00 0.0000000000 0.0000000000 0.6009070935 0.7993188756 True True True False
Pedestrian 0.06 0 -1 667.89 460.84 688.87 529.16 1.71 0.37 0.56 -8.64 0.41 65.72 -0.132 0.012 0.002 1.439 1.00 0.0039459570 0.0048673061 0.6590654665 0.7520594722 True True True False
Pedestrian 0.06 0 -1 686.58 458.15 706.67 527.82 1.78 0.42 0.45 -8.13 0.44 65.40 -0.428 0.000 0.000 1.143 1.00 0.0000000000 0.0000000000 0.5410099721 0.8410161771 True True True False
Pedestrian 0.00 2 -1 522.37 466.97 542.43 525.40 -1.00 -1.00 -1.00 -1000.00 -1000.00 -1000.00 -1.000 -1.000 -1.000 -1.000 1.00 -1000.0000000000 -1000.0000000000 -1000.0000000000 -1000.0000000000 True True False False
Pedestrian 0.09 0 -1 1212.78 457.41 1226.25 515.42 1.61 0.38 0.31 6.58 0.14 66.93 -3.212 0.000 0.000 -1.641 1.00 0.0000000000 0.0000000000 -0.7315889107 0.6817460420 False False False False
Pedestrian 0.10 1 -1 1141.58 455.93 1153.78 519.00 1.80 0.39 0.31 4.61 0.28 67.66 -3.086 0.000 0.000 -1.515 1.00 0.0000000000 0.0000000000 -0.6871927378 0.7264751483 True True True False
Pedestrian 0.00 1 -1 1088.99 456.42 1105.22 505.54 -1.00 -1.00 -1.00 -1000.00 -1000.00 -1000.00 -1.000 -1.000 -1.000 -1.000 1.00 -1000.0000000000 -1000.0000000000 -1000.0000000000 -1000.0000000000 True True False False
Pedestrian_is_group 0.05 0 -1 757.33 463.86 782.00 526.22 1.70 0.59 0.71 -6.41 0.44 68.87 -0.095 0.000 0.000 1.476 1.00 0.0000000000 0.0000000000 0.6727584638 0.7398621827 True True True False
Pedestrian 0.40 0 -1 0.00 473.81 38.96 690.58 1.84 0.36 0.27 -7.24 1.55 17.37 -0.007 0.000 0.000 1.564 1.00 0.0000000000 0.0000000000 0.7047734107 0.7094324771 True False False False
Pedestrian 0.00 2 -1 1673.14 443.39 1857.51 562.82 -1.00 -1.00 -1.00 -1000.00 -1000.00 -1000.00 -1.000 -1.000 -1.000 -1.000 1.00 -1000.0000000000 -1000.0000000000 -1000.0000000000 -1000.0000000000 True False False False
Pedestrian 0.00 2 -1 1621.51 458.59 1654.08 560.57 -1.00 -1.00 -1.00 -1000.00 -1000.00 -1000.00 -1.000 -1.000 -1.000 -1.000 1.00 -1000.0000000000 -1000.0000000000 -1000.0000000000 -1000.0000000000 True False False False
Pedestrian 0.06 0 -1 737.87 463.90 758.27 521.78 1.61 0.45 0.53 -6.69 0.38 65.63 -0.033 0.000 0.000 1.538 1.00 0.0000000000 0.0000000000 0.6954949728 0.7185309616 True True True False
Pedestrian 0.07 0 -1 750.93 464.95 767.31 526.76 1.68 0.42 0.43 -6.45 0.33 66.41 -0.020 0.000 0.000 1.551 1.00 0.0000000000 0.0000000000 0.7000492761 0.7140945393 True True True False
Pedestrian 0.00 0 -1 112.59 466.40 140.48 548.95 -1.00 -1.00 -1.00 -1000.00 -1000.00 -1000.00 -1.000 -1.000 -1.000 -1.000 1.00 -1000.0000000000 -1000.0000000000 -1000.0000000000 -1000.0000000000 True False False True
Pedestrian 0.00 1 -1 223.66 468.51 247.28 544.74 -1.00 -1.00 -1.00 -1000.00 -1000.00 -1000.00 -1.000 -1.000 -1.000 -1.000 1.00 -1000.0000000000 -1000.0000000000 -1000.0000000000 -1000.0000000000 True False False True
Pedestrian 0.00 0 -1 1563.13 451.63 1587.82 513.96 -1.00 -1.00 -1.00 -1000.00 -1000.00 -1000.00 -1.000 -1.000 -1.000 -1.000 1.00 -1000.0000000000 -1000.0000000000 -1000.0000000000 -1000.0000000000 True False False True
