PassengerCar 0.87 0 -1 0.00 460.73 490.80 1024.00 1.39 1.85 4.96 -2.42 1.26 5.31 -4.707 0.000 0.000 -3.137 1.00 0.0000000000 0.0000000000 -0.9999969184 0.0024825962 True True True False
PassengerCar 0.00 1 -1 449.08 514.32 795.58 767.91 1.51 1.86 4.21 -2.14 1.36 14.12 -4.679 0.031 -0.000 -3.109 1.00 0.0000550626 -0.0152996588 -0.9997470992 0.0164819616 True True True False
PassengerCar 0.00 1 -1 611.83 514.77 877.88 682.34 1.46 1.83 4.21 -1.94 1.36 20.39 1.570 0.000 0.000 3.141 1.00 0.0000000000 0.0000000000 0.9999998787 0.0004925387 True True True False
PassengerCar 0.00 2 -1 712.40 493.47 906.38 649.27 1.61 1.83 4.15 -1.79 1.31 25.65 1.531 0.000 0.000 3.102 1.00 0.0000000000 0.0000000000 0.9998025206 0.0198725904 True True True False
PassengerCar 0.00 1 -1 856.85 508.36 967.43 599.64 1.76 2.01 4.20 -1.44 1.51 42.46 -4.667 0.000 0.000 -3.096 1.00 0.0000000000 0.0000000000 -0.9997373432 0.0229182177 True True True False
PassengerCar 0.00 1 -1 898.77 505.13 984.24 571.16 1.54 1.85 4.21 -1.19 1.40 51.94 1.571 0.000 0.000 3.142 1.00 0.0000000000 0.0000000000 1.0000000000 0.0000000000 True True True False
PassengerCar 0.00 1 -1 961.18 506.16 1011.69 552.45 -1.00 -1.00 -1.00 -1000.00 -1000.00 -1000.00 -1.000 -1.000 -1.000 -1.000 1.00 -1000.0000000000 -1000.0000000000 -1000.0000000000 -1000.0000000000 True True False False
PassengerCar 0.00 0 -1 1017.87 514.36 1081.25 540.61 -1.00 -1.00 -1.00 -1000.00 -1000.00 -1000.00 -1.000 -1.000 -1.000 -1.000 1.00 -1000.0000000000 -1000.0000000000 -1000.0000000000 -1000.0000000000 True True False False
PassengerCar 0.48 0 -1 1447.47 473.05 1920.00 972.46 1.48 1.81 4.21 2.84 1.26 8.43 -1.613 0.000 0.000 -0.042 1.00 0.0000000000 0.0000000000 -0.0211855118 0.9997755619 True True True False
PassengerCar 0.00 1 -1 1327.86 484.17 1826.31 773.93 1.69 1.80 4.21 2.98 1.30 12.91 -1.557 0.000 0.000 0.013 1.00 0.0000000000 0.0000000000 0.0067319992 0.9999773398 True True True False
PassengerCar 0.00 1 -1 1136.02 527.43 1219.21 590.31 1.52 1.80 4.20 3.90 1.38 47.70 -1.544 0.000 -0.006 0.027 1.00 0.0001888517 -0.0029896119 0.0135494683 0.9999037146 True True True False
PassengerCar 0.00 1 -1 1122.15 512.85 1205.29 580.25 1.58 1.81 4.21 3.92 1.43 53.57 -1.555 0.000 0.000 0.016 1.00 0.0000000000 0.0000000000 0.0081070531 0.9999671373 True True True False
PassengerCar 0.00 1 -1 1097.24 512.68 1163.02 568.00 1.52 1.81 4.20 4.48 1.27 75.91 -1.671 0.000 0.000 -0.100 1.00 0.0000000000 0.0000000000 -0.0498707169 0.9987556816 True True True False
PassengerCar 0.00 1 -1 1088.67 503.84 1144.05 553.73 -1.00 -1.00 -1.00 -1000.00 -1000.00 -1000.00 -1.000 -1.000 -1.000 -1.000 1.00 -1000.0000000000 -1000.0000000000 -1000.0000000000 -1000.0000000000 True True False False
PassengerCar 0.00 1 -1 1071.64 513.98 1111.58 551.04 -1.00 -1.00 -1.00 -1000.00 -1000.00 -1000.00 -1.000 -1.000 -1.000 -1.000 1.00 -1000.0000000000 -1000.0000000000 -1000.0000000000 -1000.0000000000 True True False False
Obstacle 0.00 0 -1 451.65 479.46 500.84 722.08 1.44 0.74 0.76 -5.37 1.12 24.79 -2.911 0.000 0.000 -1.340 1.00 0.0000000000 0.0000000000 -0.6211059017 0.7837266481 False False False False
Obstacle 0.00 3 -1 545.00 481.00 570.00 582.00 1.41 0.25 0.25 -6.02 1.03 32.95 -2.814 0.000 0.000 -1.243 1.00 0.0000000000 0.0000000000 -0.5824507996 0.8128659582 False False False False
Obstacle 0.00 0 -1 601.75 490.94 624.95 606.99 1.39 0.35 0.35 -5.28 1.12 33.50 -2.811 0.000 0.000 -1.241 1.00 0.0000000000 0.0000000000 -0.5812842975 0.8137005379 True False True False
Obstacle 0.00 0 -1 531.10 490.65 553.88 592.61 -1.00 -1.00 -1.00 -1000.00 -1000.00 -1000.00 -1.000 -1.000 -1.000 -1.000 1.00 -1000.0000000000 -1000.0000000000 -1000.0000000000 -1000.0000000000 True False False False
Obstacle 0.00 0 -1 565.61 495.86 600.23 562.62 -1.00 -1.00 -1.00 -1000.00 -1000.00 -1000.00 -1.000 -1.000 -1.000 -1.000 1.00 -1000.0000000000 -1000.0000000000 -1000.0000000000 -1000.0000000000 True False False False
Obstacle 0.00 2 -1 622.24 498.72 657.59 601.43 -1.00 -1.00 -1.00 -1000.00 -1000.00 -1000.00 -1.000 -1.000 -1.000 -1.000 1.00 -1000.0000000000 -1000.0000000000 -1000.0000000000 -1000.0000000000 True False False False
