PassengerCar 0.65 0 -1 0.00 553.68 176.81 762.78 1.51 1.84 4.45 -7.48 1.81 17.04 -4.692 0.046 -0.001 -3.122 1.00 -0.0002296559 -0.0228811037 -0.9996878147 0.0100337136 True False True False
PassengerCar 0.00 0 -1 294.49 570.63 490.30 690.71 1.45 1.76 3.86 -7.60 2.21 30.06 1.570 0.019 -0.021 3.140 1.00 0.0105559172 0.0096141111 0.9998979457 0.0004896514 True True True False
PassengerCar 0.00 2 -1 424.75 577.23 559.84 675.77 1.39 1.72 3.83 -7.68 2.40 35.69 1.552 0.000 -0.026 3.123 1.00 0.0130354385 0.0001211154 0.9998718706 0.0092900470 True True True False
PassengerCar 0.00 2 -1 485.65 585.87 604.78 666.46 1.23 1.47 3.34 -7.68 2.64 41.09 -4.710 0.000 0.000 -3.139 1.00 0.0000294406 -0.0000000323 -0.9999993884 0.0011056012 True True True False
PassengerCar 0.00 2 -1 553.68 578.55 658.23 656.22 1.51 1.77 3.92 -7.51 2.88 47.20 1.565 0.027 -0.015 3.136 1.00 0.0077465267 0.0132712309 0.9998782335 0.0027173398 True True True False
PassengerCar 0.00 3 -1 528.22 581.35 691.59 653.19 1.41 1.76 3.30 -8.12 3.04 50.68 -0.038 -0.000 0.004 1.533 1.00 -0.0015043287 0.0014482800 0.6935575865 0.7203981633 True True True False
PassengerCar_is_group 0.00 3 -1 630.50 576.84 720.03 647.94 1.57 1.77 4.76 -7.55 3.19 57.06 1.535 0.001 -0.019 3.106 1.00 0.0096944678 0.0001045710 0.9997912010 0.0179877968 True True True False
PassengerCar 0.00 2 -1 683.93 581.56 752.02 638.86 1.50 1.83 4.22 -7.57 3.50 66.27 1.542 0.001 -0.020 3.112 1.00 0.0101066949 0.0003294809 0.9998423542 0.0145949638 True True True False
PassengerCar 0.00 0 -1 768.37 569.39 891.41 658.64 1.40 1.99 4.40 -2.71 2.47 40.73 -1.593 0.000 -0.028 -0.022 1.00 -0.0001526604 -0.0138026855 -0.0110584653 0.9998435742 True True True False
PassengerCar 0.00 0 -1 912.50 532.71 1119.17 710.79 1.53 1.79 4.26 0.20 1.71 21.02 -1.574 0.000 -0.029 -0.003 1.00 0.0000237221 -0.0144432666 -0.0016422578 0.9998943417 True True True False
DontCare 0.00 -1 -1 873.99 581.19 946.06 635.01 -1.00 -1.00 -1.00 -1000.00 -1000.00 -1000.00 -1.000 -1.000 -1.000 -1.000 1.00 -1000.0000000000 -1000.0000000000 -1000.0000000000 -1000.0000000000 False False False False
Obstacle 0.06 3 -1 547.47 567.79 570.11 628.34 1.52 0.51 0.55 -10.89 3.04 59.75 1.499 0.000 0.000 3.070 1.00 0.0000000000 0.0000000000 0.9993634050 0.0356761075 True False True True
Obstacle 0.00 1 -1 313.53 529.13 356.46 639.80 1.97 0.54 0.60 -11.92 2.34 42.88 -0.026 0.000 0.000 1.544 1.00 0.0000000000 0.0000000000 0.6977445323 0.7163466812 True False True False
Pedestrian 0.00 0 -1 1615.35 444.48 1749.50 803.25 1.65 0.60 0.66 3.29 1.36 11.27 -1.513 0.000 0.000 0.057 1.00 0.0000000000 0.0000000000 0.0286965642 0.9995881688 True False True False
Pedestrian 0.00 0 -1 1733.34 440.55 1837.78 794.67 1.64 0.46 0.53 3.78 1.32 11.16 -1.274 -0.000 -0.001 0.296 1.00 0.0000469493 -0.0006697856 0.1476861283 0.9890340523 True False True False
Pedestrian 0.00 3 -1 1695.88 442.03 1777.47 755.64 1.70 0.39 0.39 4.03 1.33 12.59 -1.547 0.000 0.000 0.024 1.00 0.0000000000 0.0000000000 0.0118132957 0.9999302206 True False True False
Pedestrian 0.00 1 -1 1569.12 428.89 1686.17 710.27 1.87 0.60 0.69 4.36 1.35 16.10 -1.571 0.000 0.000 0.000 1.00 0.0000000000 0.0000000000 0.0000000000 1.0000000000 True False True False
Pedestrian 0.00 0 -1 1373.53 495.44 1427.08 659.20 1.69 0.51 0.56 4.01 1.58 22.67 1.536 0.000 -0.008 3.107 1.00 0.0041513474 0.0000721065 0.9998405687 0.0173665834 True True True False
Pedestrian 0.00 0 -1 1312.77 514.97 1359.17 655.43 1.62 0.43 0.56 4.22 1.73 28.64 -1.593 0.000 0.000 -0.022 1.00 0.0000000000 0.0000000000 -0.0109679331 0.9999398504 True True True False
Pedestrian 0.00 0 -1 1279.64 529.11 1323.90 658.66 1.55 0.46 0.43 3.78 1.76 28.63 -1.598 0.000 0.000 -0.027 1.00 0.0000000000 0.0000000000 -0.0135525242 0.9999081603 True True True False
Pedestrian 0.00 3 -1 1324.57 514.72 1364.37 649.29 1.74 0.37 0.74 4.62 1.84 30.49 -1.605 0.000 -0.002 -0.034 1.00 0.0000134468 -0.0007830295 -0.0171703013 0.9998522728 True True True False
Pedestrian 0.00 3 -1 1289.35 512.40 1327.90 656.91 1.76 0.45 0.52 3.98 1.83 29.30 -1.482 0.000 0.000 0.089 1.00 0.0000000000 0.0000000000 0.0442589408 0.9990200930 True True True False
Pedestrian 0.00 1 -1 1254.52 510.05 1292.39 650.37 1.68 0.64 0.49 3.53 1.72 29.07 -3.057 0.005 -0.005 -1.486 1.00 0.0003207436 -0.0033617753 -0.6764864598 0.7364473269 True True True False
Pedestrian 0.00 1 -1 1224.56 511.40 1264.79 655.62 1.65 0.58 0.55 3.09 1.71 28.34 -3.172 0.000 0.000 -1.601 1.00 0.0000000000 0.0000000000 -0.7177837807 0.6962660728 True True True False
Pedestrian_is_group 0.00 3 -1 1152.82 510.38 1297.69 656.45 1.81 1.45 2.12 2.93 1.81 29.69 -1.590 0.002 -0.034 -0.019 1.00 0.0006210018 -0.0168444339 -0.0094155642 0.9998135959 True True True False
Pedestrian 0.00 2 -1 1177.50 519.16 1222.68 660.48 1.56 0.55 0.45 2.57 1.70 27.64 -1.671 0.000 0.000 -0.101 1.00 0.0000000000 0.0000000000 -0.0503262044 0.9987328337 True True True True
Pedestrian 0.00 0 -1 1123.97 516.15 1169.97 667.75 1.74 0.48 0.59 1.87 1.85 27.71 -1.540 -0.000 0.002 0.030 1.00 -0.0001456239 0.0012039548 0.0152430498 0.9998830825 True True True False
Pedestrian 0.00 2 -1 1085.28 512.96 1124.32 660.54 1.72 0.55 0.47 1.31 1.79 27.96 -1.663 0.001 -0.014 -0.093 1.00 0.0003316457 -0.0071547417 -0.0463023628 0.9989017924 True True True True
Pedestrian_is_group 0.00 3 -1 1066.25 520.04 1167.29 662.91 1.84 0.86 1.85 1.43 1.73 29.11 -1.497 -0.001 -0.018 0.073 1.00 -0.0003217603 -0.0087683401 0.0366696012 0.9992889237 True True True False
