PassengerCar 0.80 0 -1 0.00 490.85 455.66 1024.00 1.34 1.83 3.87 -2.57 1.22 5.70 -1.600 0.004 0.000 -0.029 1.00 0.0017749353 0.0000257676 -0.0145159110 0.9998930629 True True True False
PassengerCar 0.00 0 -1 439.23 500.55 709.54 653.50 1.42 1.90 4.26 -4.25 1.32 23.75 -2.023 -0.019 0.008 -0.453 1.00 -0.0084130934 0.0058401895 -0.2243215073 0.9744613761 True True True False
PassengerCar 0.60 0 -1 1335.45 367.91 1920.00 1024.00 1.68 1.92 4.08 2.22 1.25 6.68 -1.670 0.000 0.000 -0.099 1.00 0.0000000000 0.0000000000 -0.0496232187 0.9987680092 True True True False
PassengerCar 0.00 1 -1 1206.85 492.80 1643.80 810.72 1.37 1.64 3.25 2.09 1.31 11.68 -1.620 -0.015 -0.000 -0.049 1.00 -0.0073007753 -0.0000175805 -0.0247058699 0.9996681041 True True True False
PassengerCar 0.00 1 -1 996.23 488.58 1455.73 719.41 1.48 1.86 4.25 1.43 1.32 16.28 -1.828 -0.002 -0.000 -0.257 1.00 -0.0007928227 -0.0001023923 -0.1280852069 0.9917628450 True True True False
PassengerCar 0.00 0 -1 910.96 488.96 1175.28 674.34 1.52 1.52 2.69 0.34 1.35 20.48 -1.892 0.000 0.000 -0.321 1.00 0.0000000000 0.0000000000 -0.1598297070 0.9871446018 True True True False
PassengerCar 0.00 1 -1 755.26 496.40 1036.42 650.90 1.42 1.83 3.71 -1.14 1.35 24.40 -1.921 0.006 -0.016 -0.350 1.00 0.0014976752 -0.0084749478 -0.1740150947 0.9847053768 True True True False
PassengerCar 0.00 1 -1 644.55 507.72 771.73 588.87 1.39 1.74 3.86 -5.14 1.39 44.27 -1.571 0.000 0.000 0.000 1.00 0.0000000000 0.0000000000 0.0000000000 1.0000000000 True True True False
PassengerCar 0.00 2 -1 652.68 501.04 685.17 531.96 -1.00 -1.00 -1.00 -1000.00 -1000.00 -1000.00 -1.000 -1.000 -1.000 -1.000 1.00 -1000.0000000000 -1000.0000000000 -1000.0000000000 -1000.0000000000 True False False False
PassengerCar 0.00 0 -1 357.09 498.83 460.37 571.38 -1.00 -1.00 -1.00 -1000.00 -1000.00 -1000.00 -1.000 -1.000 -1.000 -1.000 1.00 -1000.0000000000 -1000.0000000000 -1000.0000000000 -1000.0000000000 True False False False
DontCare 0.00 -1 -1 191.83 491.06 233.60 559.99 1.79 0.79 0.70 -20.69 1.34 61.51 -1.571 0.000 0.000 0.000 1.00 0.0000000000 0.0000000000 0.0000000000 1.0000000000 False False False False
DontCare 0.00 3 -1 72.00 486.00 100.00 560.00 1.89 0.40 0.79 -23.05 1.34 60.21 -1.571 0.000 0.000 0.000 1.00 0.0000000000 0.0000000000 0.0000000000 1.0000000000 False False False False
DontCare 0.00 3 -1 93.00 485.00 127.00 560.00 1.91 0.58 0.76 -22.35 1.33 59.97 -1.571 0.000 0.000 0.000 1.00 0.0000000000 0.0000000000 0.0000000000 1.0000000000 False False False False
DontCare 0.00 -1 -1 187.98 490.62 527.31 559.49 -1.00 -1.00 -1.00 -1000.00 -1000.00 -1000.00 -1.000 -1.000 -1.000 -1.000 1.00 -1000.0000000000 -1000.0000000000 -1000.0000000000 -1000.0000000000 False False False False
DontCare 0.06 -1 -1 267.72 497.25 294.89 561.41 1.89 0.56 0.39 -20.15 1.38 66.89 -3.156 0.000 0.000 -1.586 1.00 0.0000000000 0.0000000000 -0.7123345839 0.7018400392 False False False False
DontCare 0.00 -1 -1 214.17 490.68 242.83 559.20 1.87 0.64 0.43 -21.16 1.11 64.60 -1.571 0.000 0.000 0.000 1.00 0.0000000000 0.0000000000 0.0000000000 1.0000000000 False False False False
Obstacle 0.06 3 -1 530.90 488.52 548.51 567.53 1.87 0.40 0.40 -10.35 1.35 54.16 1.479 0.000 0.000 3.050 1.00 0.0000000000 0.0000000000 0.9989502803 0.0458076134 True False True True
Obstacle 0.06 3 -1 558.87 493.73 581.79 571.52 1.80 0.45 0.46 -9.73 1.45 54.69 1.477 0.000 0.000 3.048 1.00 0.0000000000 0.0000000000 0.9989002531 0.0468858654 True False True False
Obstacle 0.06 3 -1 614.43 491.74 636.95 571.32 1.80 0.46 0.39 -8.34 1.43 54.26 1.492 0.000 0.000 3.063 1.00 0.0000000000 0.0000000000 0.9992221674 0.0394342508 True False True False
Obstacle 0.00 3 -1 592.86 489.43 612.10 569.91 -1.00 -1.00 -1.00 -1000.00 -1000.00 -1000.00 -1.000 -1.000 -1.000 -1.000 1.00 -1000.0000000000 -1000.0000000000 -1000.0000000000 -1000.0000000000 True False False False
Obstacle 0.00 3 -1 629.44 498.66 647.82 572.99 -1.00 -1.00 -1.00 -1000.00 -1000.00 -1000.00 -1.000 -1.000 -1.000 -1.000 1.00 -1000.0000000000 -1000.0000000000 -1000.0000000000 -1000.0000000000 True False False False
Obstacle 0.00 3 -1 638.69 495.74 659.77 572.20 -1.00 -1.00 -1.00 -1000.00 -1000.00 -1000.00 -1.000 -1.000 -1.000 -1.000 1.00 -1000.0000000000 -1000.0000000000 -1000.0000000000 -1000.0000000000 True False False False
Pedestrian 0.00 1 -1 372.98 494.84 401.81 579.39 1.84 0.51 0.43 -13.12 1.55 51.14 -4.124 0.000 0.000 -2.554 1.00 0.0000000000 0.0000000000 -0.9571004291 0.2897563953 True True True False
Pedestrian 0.00 0 -1 419.35 494.09 447.22 577.37 1.94 0.64 0.27 -12.82 1.63 54.62 1.498 0.000 0.000 3.069 1.00 0.0000000000 0.0000000000 0.9993459421 0.0361619694 True False True False
Pedestrian 0.00 0 -1 465.56 496.06 495.05 577.07 1.86 0.66 0.48 -12.04 1.61 55.45 1.438 0.000 0.000 3.009 1.00 0.0000000000 0.0000000000 0.9977918616 0.0664183774 True False True True
Pedestrian 0.05 1 -1 456.86 488.30 480.93 566.52 1.72 0.49 0.27 -11.42 1.31 51.85 1.544 0.000 0.000 3.115 1.00 0.0000000000 0.0000000000 0.9999102914 0.0133943676 True False True False
