PassengerCar 0.92 0 -1 1718.23 482.93 1920.00 951.40 1.32 1.94 4.25 3.50 1.22 6.09 -1.558 0.007 0.008 0.013 1.00 0.0037049831 0.0041007997 0.0062745766 0.9999650425 True False True False
PassengerCar 0.19 1 -1 1427.83 460.83 1920.00 776.81 1.44 1.80 3.81 3.54 1.23 12.00 -1.593 0.008 0.011 -0.022 1.00 0.0040650924 0.0056082233 -0.0108854402 0.9999167616 True True True False
PassengerCar 0.00 2 -1 1318.54 439.38 1648.49 692.04 1.66 1.81 4.15 3.55 1.24 17.15 -1.571 0.000 0.000 0.000 1.00 0.0000000000 0.0000000000 0.0000000000 1.0000000000 True True True False
PassengerCar 0.00 2 -1 1251.85 496.00 1474.85 653.32 1.42 1.80 4.20 3.60 1.30 22.29 -1.571 -0.027 0.019 0.000 1.00 -0.0134902830 0.0096235200 0.0001298418 0.9998626822 True True True False
PassengerCar 0.00 2 -1 1212.57 500.45 1387.35 614.66 1.50 1.80 4.15 4.13 1.45 31.89 -1.571 0.000 0.010 0.000 1.00 0.0000000000 0.0050757869 0.0000000000 0.9999871181 True True True False
PassengerCar 0.00 2 -1 1182.21 504.94 1322.48 598.20 1.48 1.80 3.89 4.14 1.45 37.70 -1.548 0.000 0.000 0.023 1.00 0.0000000000 0.0000000000 0.0114158166 0.9999348374 True True True False
PassengerCar 0.00 2 -1 1170.48 477.11 1280.47 590.91 1.98 1.80 4.20 4.23 1.46 42.63 -1.571 -0.016 0.013 0.000 1.00 -0.0078726601 0.0062788629 0.0000494339 0.9999492960 True True True False
PassengerCar 0.00 0 -1 243.50 526.42 473.52 666.97 1.38 1.55 3.72 -6.63 1.59 25.14 1.569 0.007 0.000 3.140 1.00 -0.0000033481 0.0033744226 0.9999938145 0.0009920443 True True True False
PassengerCar 0.00 2 -1 373.05 526.80 565.34 643.01 1.41 1.80 4.05 -6.68 1.61 30.38 -4.663 0.025 0.011 -3.093 1.00 0.0056892959 -0.0124929218 -0.9996069823 0.0244425826 True True True False
PassengerCar 0.00 2 -1 473.27 520.92 629.18 621.10 1.40 1.80 3.83 -6.54 1.60 34.81 -4.682 0.015 0.001 -3.111 1.00 0.0006104630 -0.0073081910 -0.9998558782 0.0153114483 True True True False
PassengerCar 0.00 2 -1 544.07 509.04 670.40 606.82 1.61 1.83 3.77 -6.50 1.65 39.67 1.560 0.004 -0.000 3.131 1.00 0.0002457788 0.0021622046 0.9999833357 0.0053472158 True True True False
PassengerCar 0.00 3 -1 579.68 520.92 698.29 598.86 1.41 1.80 3.71 -6.51 1.66 43.89 1.556 0.021 0.006 3.127 1.00 -0.0027480610 0.0104653207 0.9999144650 0.0073476427 True True True False
PassengerCar 0.00 1 -1 632.23 502.04 741.22 591.72 1.82 1.80 4.41 -6.31 1.68 49.32 1.554 0.042 0.010 3.125 1.00 -0.0047106280 0.0211791865 0.9997303467 0.0082756286 True True True False
PassengerCar 0.00 3 -1 1158.21 512.33 1266.23 584.68 1.40 1.81 3.93 4.48 1.50 47.60 -1.571 0.000 0.000 0.000 1.00 0.0000000000 0.0000000000 0.0000000000 1.0000000000 True True True False
