PassengerCar 0.95 0 -1 0.00 420.88 360.71 1024.00 1.40 1.83 3.66 -3.11 1.20 4.00 -0.996 0.000 0.000 0.575 1.00 0.0000000000 0.0000000000 0.2835943424 0.9589443409 True True True False
PassengerCar 0.00 2 -1 992.65 510.89 1648.19 851.79 1.28 1.68 3.57 1.67 1.30 10.77 -0.941 0.000 0.000 0.629 1.00 0.0000000000 0.0000000000 0.3095476349 0.9508839370 True True True False
PassengerCar 0.63 0 -1 1379.93 464.09 1920.00 1024.00 1.32 1.61 4.03 2.63 1.26 6.11 -0.967 0.000 0.000 0.604 1.00 0.0000000000 0.0000000000 0.2972894578 0.9547873995 True True True False
PassengerCar 0.36 3 -1 1669.34 502.36 1920.00 731.80 1.62 1.72 4.50 7.15 1.59 18.95 -0.930 0.000 0.000 0.641 1.00 0.0000000000 0.0000000000 0.3151197514 0.9490519176 False False True False
PassengerCar 0.00 3 -1 1026.81 529.48 1389.00 691.42 1.71 2.06 4.20 2.50 1.90 25.96 -3.913 0.000 0.000 -2.342 1.00 0.0000000000 0.0000000000 -0.9212183462 0.3890459594 True True True False
DontCare 0.00 -1 -1 914.29 515.31 949.41 612.68 1.50 0.49 0.29 -0.87 1.61 36.48 -4.529 0.000 0.000 -2.958 1.00 0.0000000000 0.0000000000 -0.9957972795 0.0915848143 False False False False
DontCare 0.00 -1 -1 1073.46 507.01 1155.80 616.35 1.72 1.23 0.58 2.01 1.71 37.42 -1.362 0.000 0.000 0.209 1.00 0.0000000000 0.0000000000 0.1043710760 0.9945384248 False False False False
DontCare 0.00 -1 -1 935.93 509.88 980.52 610.75 1.50 0.64 0.38 -0.45 1.53 35.26 1.486 0.000 0.000 3.057 1.00 0.0000000000 0.0000000000 0.9991068810 0.0422544707 False False False False
DontCare 0.00 -1 -1 372.77 501.41 432.42 651.71 1.73 0.69 0.58 -6.95 1.68 27.56 -0.495 0.000 0.000 1.076 1.00 0.0000000000 0.0000000000 0.5122376201 0.8588437696 False False False False
DontCare 0.00 -1 -1 452.94 510.43 572.81 630.22 1.50 0.81 1.28 -6.08 1.53 30.16 -2.636 0.000 0.000 -1.065 1.00 0.0000000000 0.0000000000 -0.5078939629 0.8614195972 False False False False
DontCare 0.00 -1 -1 642.04 515.33 824.86 631.53 1.50 2.24 0.88 -3.37 1.60 31.17 -1.259 0.000 0.000 0.312 1.00 0.0000000000 0.0000000000 0.1553903730 0.9878531429 False False False False
DontCare 0.00 -1 -1 362.39 508.91 413.53 654.32 1.81 0.60 1.22 -8.07 1.85 30.08 -0.490 0.000 0.000 1.081 1.00 0.0000000000 0.0000000000 0.5145338724 0.8574700544 False False False False
DontCare 0.00 -1 -1 392.53 503.73 474.90 641.12 1.82 1.00 0.46 -7.43 1.76 31.59 -1.159 0.000 0.000 0.412 1.00 0.0000000000 0.0000000000 0.2044142444 0.9788844757 False False False False
DontCare 0.00 -1 -1 397.41 503.87 604.48 643.26 1.93 0.75 2.82 -6.94 1.88 33.65 -0.580 0.000 0.000 0.991 1.00 0.0000000000 0.0000000000 0.4754426916 0.8797466948 False False False False
DontCare 0.00 -1 -1 762.05 500.36 953.48 620.27 1.86 1.02 3.08 -1.95 1.65 35.90 -3.970 0.000 0.000 -2.400 1.00 0.0000000000 0.0000000000 -0.9319629707 0.3625534737 False False False False
DontCare 0.00 -1 -1 677.15 503.30 796.67 613.05 1.50 2.20 0.52 -3.56 1.44 33.20 -0.710 0.000 0.000 0.861 1.00 0.0000000000 0.0000000000 0.4171317795 0.9088460148 False False False False
DontCare 0.00 -1 -1 1297.63 501.30 1485.44 604.39 1.79 2.62 2.60 7.88 1.70 46.01 -0.828 0.000 0.000 0.742 1.00 0.0000000000 0.0000000000 0.3627426979 0.9318893363 False False False False
DontCare 0.00 -1 -1 1457.25 503.20 1552.89 593.36 1.80 0.93 2.25 10.59 1.71 48.18 -0.850 0.000 0.000 0.721 1.00 0.0000000000 0.0000000000 0.3526617671 0.9357508632 False False False False
DontCare 0.00 -1 -1 1196.52 507.96 1240.22 614.60 1.77 0.63 0.36 3.86 1.77 39.44 -0.947 0.000 0.000 0.623 1.00 0.0000000000 0.0000000000 0.3066560062 0.9518204105 False False False False
DontCare 0.00 -1 -1 154.71 510.36 242.76 681.33 2.16 0.83 0.68 -10.14 2.20 30.25 -4.358 0.000 0.000 -2.787 1.00 0.0000000000 0.0000000000 -0.9843274682 0.1763503197 False False False False
DontCare 0.00 3 -1 1590.00 516.00 1789.00 616.00 1.60 1.82 4.22 12.01 1.76 40.12 -4.047 0.000 0.000 -2.476 1.00 0.0000000000 0.0000000000 -0.9451650377 0.3265930978 False False False False
