PassengerCar 0.30 0 -1 1722.94 560.73 1920.00 670.95 1.40 1.71 4.20 11.86 2.09 31.87 -0.704 0.040 -0.028 0.867 1.00 0.0239561486 -0.0043944048 0.4202229111 0.9070939847 True False True False
PassengerCar 0.00 2 -1 1556.16 576.68 1646.48 622.93 -1.00 -1.00 -1.00 -1000.00 -1000.00 -1000.00 -1.000 -1.000 -1.000 -1.000 1.00 -1000.0000000000 -1000.0000000000 -1000.0000000000 -1000.0000000000 True False False True
PassengerCar 0.00 2 -1 1653.63 575.40 1795.01 625.24 1.48 1.98 4.41 21.06 3.35 66.70 0.971 0.000 0.000 2.542 1.00 0.0000000000 0.0000000000 0.9553899610 0.2953472912 True False True False
LargeVehicle 0.00 2 -1 1201.25 540.08 1478.06 635.55 3.43 2.78 16.86 12.55 4.47 85.52 1.258 0.008 -0.025 2.829 1.00 0.0130155338 0.0020516808 0.9877169744 0.1556970293 True True True False
Pedestrian 0.00 0 -1 117.55 579.43 168.67 695.27 1.50 0.59 0.34 -11.07 2.43 30.84 1.299 0.000 0.000 2.869 1.00 0.0000000000 0.0000000000 0.9907566320 0.1356513769 True False True False
Pedestrian 0.00 0 -1 270.03 556.54 325.44 693.32 1.81 0.63 0.45 -9.38 2.48 32.02 1.487 0.000 0.000 3.058 1.00 0.0000000000 0.0000000000 0.9991302795 0.0416975374 True False True False
Pedestrian 0.00 1 -1 552.85 569.51 584.70 668.87 1.58 0.41 0.32 -6.68 2.55 37.53 -4.600 0.000 0.000 -3.029 1.00 0.0000000000 0.0000000000 -0.9984077616 0.0564087013 True True True False
Pedestrian 0.00 0 -1 529.94 575.60 565.02 672.72 1.53 0.48 0.45 -6.94 2.57 37.03 -1.487 0.002 -0.000 0.084 1.00 0.0009019552 -0.0001289474 0.0417898963 0.9991260053 True True True False
Pedestrian 0.00 0 -1 628.19 556.34 672.53 670.09 1.75 0.48 0.58 -5.14 2.47 36.18 -3.217 0.000 0.000 -1.646 1.00 0.0000000000 0.0000000000 -0.7331466505 0.6800705764 True True True False
Pedestrian 0.00 0 -1 669.91 557.86 714.60 671.27 1.80 0.53 0.51 -4.84 2.65 38.47 -2.264 0.000 0.000 -0.693 1.00 0.0000000000 0.0000000000 -0.3397411606 0.9405189758 True True True False
Pedestrian 0.06 1 -1 862.22 560.84 882.71 640.73 1.70 0.39 0.34 -2.50 2.85 50.92 -0.331 0.000 0.000 1.240 1.00 0.0000000000 0.0000000000 0.5811157996 0.8138208817 True True True False
Pedestrian 0.00 0 -1 873.85 562.18 903.65 640.35 1.78 0.53 0.51 -2.16 2.71 51.46 1.221 0.000 0.000 2.791 1.00 0.0000000000 0.0000000000 0.9847041053 0.1742349706 True True True False
