PassengerCar 0.00 0 -1 671.66 493.31 843.42 626.79 1.43 1.86 4.22 -2.66 1.28 27.86 -1.567 0.000 0.000 0.003 1.00 0.0000000000 0.0000000000 0.0017223103 0.9999985168 True True True False
PassengerCar 0.00 0 -1 912.17 505.38 1077.46 624.73 1.22 1.81 4.21 0.09 1.21 27.95 -1.571 0.000 0.000 0.000 1.00 0.0000000000 0.0000000000 0.0000000000 1.0000000000 True True True False
PassengerCar 0.00 1 -1 1061.34 490.81 1140.22 551.02 1.55 1.90 4.30 2.97 1.11 62.87 -1.571 0.000 0.004 0.000 1.00 0.0000000000 0.0021921608 0.0000000000 0.9999975972 True True True False
PassengerCar 0.00 3 -1 1055.65 487.21 1115.76 543.02 1.90 1.81 4.46 3.21 1.00 78.10 -1.571 0.000 0.000 0.000 1.00 0.0000000000 0.0000000000 0.0000000000 1.0000000000 True True True False
PassengerCar 0.00 0 -1 460.36 507.60 541.86 560.58 1.48 1.45 4.21 -13.98 1.48 67.79 -4.706 0.000 0.000 -3.136 1.00 0.0000000000 0.0000000000 -0.9999954987 0.0030004459 True True True False
PassengerCar 0.00 2 -1 640.55 504.36 686.92 537.21 -1.00 -1.00 -1.00 -1000.00 -1000.00 -1000.00 -1.000 -1.000 -1.000 -1.000 1.00 -1000.0000000000 -1000.0000000000 -1000.0000000000 -1000.0000000000 True False False False
PassengerCar 0.00 1 -1 516.35 502.94 579.84 554.82 -1.00 -1.00 -1.00 -1000.00 -1000.00 -1000.00 -1.000 -1.000 -1.000 -1.000 1.00 -1000.0000000000 -1000.0000000000 -1000.0000000000 -1000.0000000000 True True False False
Pedestrian 0.00 2 -1 1715.59 436.50 1749.35 538.94 1.62 0.52 0.54 11.00 0.53 34.79 -1.325 0.000 0.000 0.246 1.00 0.0000000000 0.0000000000 0.1228081182 0.9924304339 True False True True
Pedestrian 0.00 0 -1 1820.84 434.60 1857.63 550.87 1.72 0.38 0.34 12.67 0.63 35.05 -1.814 0.000 0.000 -0.243 1.00 0.0000000000 0.0000000000 -0.1211873489 0.9926296522 True False True False
Pedestrian 0.00 1 -1 1869.63 426.24 1913.11 554.36 1.86 0.56 0.63 13.45 0.69 35.24 -2.803 0.000 0.000 -1.232 1.00 0.0000000000 0.0000000000 -0.5778904873 0.8161143208 True False True True
Pedestrian 0.00 1 -1 1788.28 437.60 1820.06 548.03 1.61 0.20 0.50 11.99 0.58 34.59 -1.796 0.000 0.000 -0.225 1.00 0.0000000000 0.0000000000 -0.1124620674 0.9936560187 True False True False
Pedestrian 0.00 1 -1 1344.74 466.23 1373.96 567.49 1.58 0.35 0.40 5.96 0.96 37.57 -3.218 0.000 0.000 -1.648 1.00 0.0000000000 0.0000000000 -0.7337662427 0.6794020173 True True True False
Pedestrian 0.00 2 -1 46.65 495.26 86.23 581.42 1.63 0.51 0.51 -17.56 1.39 44.89 -4.534 0.000 0.000 -2.964 1.00 0.0000000000 0.0000000000 -0.9960428905 0.0888738452 True False True False
Pedestrian 0.00 2 -1 208.84 484.79 244.50 577.07 1.75 0.60 0.70 -14.49 1.28 44.92 1.520 0.000 0.000 3.091 1.00 0.0000000000 0.0000000000 0.9996804764 0.0252773641 True False True True
Pedestrian 0.00 2 -1 241.63 487.54 266.74 574.88 1.69 0.35 0.33 -14.28 1.29 45.83 -4.004 0.000 0.000 -2.433 1.00 0.0000000000 0.0000000000 -0.9379110889 0.3468757548 True False True False
Pedestrian 0.00 0 -1 438.56 496.61 457.51 542.11 -1.00 -1.00 -1.00 -1000.00 -1000.00 -1000.00 -1.000 -1.000 -1.000 -1.000 1.00 -1000.0000000000 -1000.0000000000 -1000.0000000000 -1000.0000000000 True False False False
Pedestrian 0.00 2 -1 1662.73 437.47 1717.92 564.24 1.72 0.62 0.61 9.66 0.77 32.19 -2.517 0.000 0.000 -0.946 1.00 0.0000000000 0.0000000000 -0.4556841330 0.8901415455 True False True True
Pedestrian 0.00 1 -1 1878.94 444.03 1920.00 566.68 1.46 0.39 0.33 10.69 0.69 27.67 -1.195 0.000 0.000 0.376 1.00 0.0000000000 0.0000000000 0.1870192849 0.9823562424 True False True False
Pedestrian 0.00 1 -1 1312.91 459.19 1348.64 576.98 1.87 0.52 0.52 5.40 1.08 36.77 -3.070 0.000 0.000 -1.499 1.00 0.0000000000 0.0000000000 -0.6813796201 0.7319301970 True True True False
Pedestrian_is_group 0.00 1 -1 1384.40 457.83 1503.22 550.42 1.68 1.68 2.84 8.52 0.78 44.23 -1.571 0.000 0.000 0.000 1.00 0.0000000000 0.0000000000 0.0000000000 1.0000000000 True False True False
Pedestrian 0.00 2 -1 1713.27 434.82 1751.72 530.97 1.65 0.51 0.46 12.87 0.34 40.76 -1.571 0.000 0.000 0.000 1.00 0.0000000000 0.0000000000 0.0000000000 1.0000000000 True False True True
Pedestrian 0.00 1 -1 1415.84 460.99 1453.57 553.64 1.70 0.61 0.42 12.44 0.55 43.46 -1.571 0.000 0.000 0.000 1.00 0.0000000000 0.0000000000 0.0000000000 1.0000000000 True False True True
