PassengerCar 0.00 1 -1 816.92 460.20 884.50 511.88 1.51 1.75 4.12 -4.17 0.06 70.88 1.516 -0.001 0.009 3.087 1.00 -0.0045867066 -0.0003944169 0.9996186019 0.0272297123 True True True False
PassengerCar 0.00 3 -1 843.35 453.82 892.23 500.47 -1.00 -1.00 -1.00 -1000.00 -1000.00 -1000.00 -1.000 -1.000 -1.000 -1.000 1.00 -1000.0000000000 -1000.0000000000 -1000.0000000000 -1000.0000000000 True True False False
PassengerCar 0.00 0 -1 918.22 453.16 972.57 492.43 -1.00 -1.00 -1.00 -1000.00 -1000.00 -1000.00 -1.000 -1.000 -1.000 -1.000 1.00 -1000.0000000000 -1000.0000000000 -1000.0000000000 -1000.0000000000 True True False False
PassengerCar 0.00 2 -1 1032.92 451.80 1074.69 489.62 -1.00 -1.00 -1.00 -1000.00 -1000.00 -1000.00 -1.000 -1.000 -1.000 -1.000 1.00 -1000.0000000000 -1000.0000000000 -1000.0000000000 -1000.0000000000 True True False False
PassengerCar 0.00 2 -1 1018.34 452.02 1053.96 489.58 -1.00 -1.00 -1.00 -1000.00 -1000.00 -1000.00 -1.000 -1.000 -1.000 -1.000 1.00 -1000.0000000000 -1000.0000000000 -1000.0000000000 -1000.0000000000 True True False False
PassengerCar 0.00 2 -1 999.44 455.76 1035.29 489.46 -1.00 -1.00 -1.00 -1000.00 -1000.00 -1000.00 -1.000 -1.000 -1.000 -1.000 1.00 -1000.0000000000 -1000.0000000000 -1000.0000000000 -1000.0000000000 True True False False
PassengerCar 0.00 1 -1 977.80 454.30 1012.97 487.19 -1.00 -1.00 -1.00 -1000.00 -1000.00 -1000.00 -1.000 -1.000 -1.000 -1.000 1.00 -1000.0000000000 -1000.0000000000 -1000.0000000000 -1000.0000000000 True True False False
PassengerCar 0.00 0 -1 1844.29 441.89 1920.00 501.61 -1.00 -1.00 -1.00 -1000.00 -1000.00 -1000.00 -1.000 -1.000 -1.000 -1.000 1.00 -1000.0000000000 -1000.0000000000 -1000.0000000000 -1000.0000000000 True False False False
Pedestrian 0.00 1 -1 236.44 441.13 271.48 531.39 1.80 0.47 0.55 -14.70 0.47 47.16 0.021 0.000 0.000 1.591 1.00 0.0000000000 0.0000000000 0.7143175224 0.6998217468 True False True False
Pedestrian 0.06 0 -1 432.62 456.94 452.70 518.57 1.71 0.40 0.39 -13.57 0.36 58.54 0.006 0.000 0.000 1.577 1.00 0.0000000000 0.0000000000 0.7093253904 0.7048811890 True True True False
Pedestrian 0.07 0 -1 455.63 453.50 472.49 516.89 1.74 0.49 0.34 -12.96 0.34 58.35 -3.138 0.000 0.000 -1.567 1.00 0.0000000000 0.0000000000 -0.7058663547 0.7083450355 True True True False
Pedestrian 0.00 0 -1 500.24 460.95 528.72 526.62 1.71 0.61 0.58 -11.85 0.46 58.92 1.554 0.000 0.000 3.125 1.00 0.0000000000 0.0000000000 0.9999658892 0.0082595670 True True True False
Pedestrian 0.06 0 -1 524.46 457.86 549.65 531.53 1.71 0.50 0.48 -11.20 0.42 58.21 1.568 0.000 0.000 3.139 1.00 0.0000000000 0.0000000000 0.9999993145 0.0011708585 True True True False
Pedestrian 0.05 0 -1 569.19 451.72 596.84 518.63 1.71 0.42 0.68 -10.92 0.18 63.36 -4.379 0.000 0.000 -2.808 1.00 0.0000000000 0.0000000000 -0.9861274855 0.1659897053 True True True False
Pedestrian 0.06 0 -1 550.38 454.61 570.66 517.94 1.70 0.40 0.51 -11.55 0.27 63.64 -3.403 0.000 0.000 -1.832 1.00 0.0000000000 0.0000000000 -0.7932412377 0.6089074961 True True True False
Pedestrian 0.07 0 -1 487.87 450.86 512.57 517.85 1.71 0.39 0.45 -13.25 0.27 63.51 -0.260 0.000 0.000 1.311 1.00 0.0000000000 0.0000000000 0.6095810921 0.7927237174 False False False False
Pedestrian 0.07 0 -1 471.30 454.77 491.17 517.85 1.71 0.46 0.46 -13.91 0.27 64.58 1.265 0.000 0.000 2.836 1.00 0.0000000000 0.0000000000 0.9883527175 0.1521805039 False False False False
Pedestrian 0.06 0 -1 446.73 452.52 468.33 516.48 1.71 0.50 0.44 -14.24 0.22 63.22 0.070 0.000 0.000 1.641 1.00 0.0000000000 0.0000000000 0.7313537016 0.6819983601 True True True False
Pedestrian 0.00 0 -1 296.93 455.56 324.08 519.30 1.74 0.48 0.71 -18.39 0.47 63.60 -0.051 0.000 0.000 1.519 1.00 0.0000000000 0.0000000000 0.6886860953 0.7250596266 True True True False
Pedestrian 0.06 0 -1 281.16 456.55 313.02 520.03 1.73 0.44 0.52 -19.35 0.46 63.40 -0.054 0.000 0.000 1.517 1.00 0.0000000000 0.0000000000 0.6877084576 0.7259869677 True False True False
Pedestrian 0.06 1 -1 158.65 451.37 178.40 522.62 1.71 0.27 0.47 -22.53 0.22 64.02 -3.162 0.000 0.000 -1.591 1.00 0.0000000000 0.0000000000 -0.7141767957 0.6999653595 True False True True
Pedestrian_is_group 0.00 1 -1 52.62 449.12 122.28 512.76 1.70 2.01 1.41 -24.74 0.24 64.42 -3.160 0.000 0.000 -1.589 1.00 0.0000000000 0.0000000000 -0.7136688214 0.7004832713 True False True False
Pedestrian 0.06 0 -1 633.74 450.10 655.12 516.47 1.70 0.32 0.52 -9.34 0.10 64.21 -0.016 0.000 0.000 1.555 1.00 0.0000000000 0.0000000000 0.7015506320 0.7126196116 True True True False
Pedestrian 0.10 2 -1 640.27 447.64 651.24 511.51 1.72 0.48 0.25 -9.25 0.09 63.64 -0.053 0.000 0.000 1.518 1.00 0.0000000000 0.0000000000 0.6881107267 0.7256056972 True True False True
Pedestrian 0.08 0 -1 687.99 451.98 705.34 512.15 1.70 0.41 0.37 -8.17 -0.04 65.29 -3.403 0.000 0.000 -1.833 1.00 0.0000000000 0.0000000000 -0.7933533403 0.6087614290 True True True False
Pedestrian 0.07 0 -1 713.08 450.46 731.85 504.55 1.70 0.43 0.41 -7.76 -0.01 69.49 -4.689 0.000 0.000 -3.119 1.00 0.0000000000 0.0000000000 -0.9999340938 0.0114807684 True True True False
Pedestrian 0.00 0 -1 819.92 451.19 853.39 522.89 1.71 0.53 0.76 -3.93 0.41 61.19 -2.965 0.000 0.000 -1.395 1.00 0.0000000000 0.0000000000 -0.6421803252 0.7665536054 True True True False
Pedestrian 0.06 0 -1 1153.77 444.05 1173.49 501.45 1.72 0.56 0.47 5.29 -0.20 71.05 -1.571 0.000 0.000 0.000 1.00 0.0000000000 0.0000000000 0.0000000000 1.0000000000 True True True False
Pedestrian 0.06 0 -1 1169.10 444.30 1188.10 507.72 1.69 0.51 0.50 5.12 -0.01 63.34 -3.079 0.000 0.000 -1.509 1.00 0.0000000000 0.0000000000 -0.6847648572 0.7287640841 True True True False
Pedestrian 0.06 0 -1 1197.32 444.97 1219.58 511.50 1.77 0.49 0.53 5.76 0.09 61.62 -3.151 0.000 0.000 -1.580 1.00 0.0000000000 0.0000000000 -0.7104464073 0.7037513072 True True True False
Pedestrian 0.08 1 -1 1232.44 443.36 1246.59 509.01 1.70 0.45 0.32 6.56 0.02 61.50 -3.131 0.000 0.000 -1.561 1.00 0.0000000000 0.0000000000 -0.7035080924 0.7106872476 True True True False
Pedestrian 0.08 0 -1 1210.15 444.63 1229.04 510.35 1.70 0.39 0.32 6.18 0.04 60.85 -3.140 0.000 0.000 -1.569 1.00 0.0000000000 0.0000000000 -0.7065815200 0.7076316525 True True True False
Pedestrian 0.05 0 -1 1256.73 445.75 1280.70 509.35 1.64 0.58 0.55 7.30 0.03 61.28 -3.141 0.000 0.000 -1.570 1.00 0.0000000000 0.0000000000 -0.7069145336 0.7072989765 True True True False
Pedestrian 0.06 0 -1 1294.86 440.84 1315.65 508.01 1.71 0.43 0.47 8.12 -0.00 60.34 -3.145 0.000 0.000 -1.574 1.00 0.0000000000 0.0000000000 -0.7081937394 0.7060181495 True True True False
Pedestrian 0.07 0 -1 1286.24 434.22 1305.09 496.88 1.73 0.43 0.47 8.56 -0.31 65.57 -3.139 0.000 0.000 -1.568 1.00 0.0000000000 0.0000000000 -0.7060753883 0.7081366718 True True True False
Pedestrian 0.06 0 -1 1342.52 436.41 1363.03 503.53 1.82 0.39 0.49 9.92 -0.13 64.07 -3.146 0.000 0.000 -1.575 1.00 0.0000000000 0.0000000000 -0.7087643018 0.7054453661 True True True False
Pedestrian 0.06 0 -1 1362.00 438.53 1383.05 508.97 1.91 0.49 0.43 10.27 -0.03 62.41 -3.131 0.000 0.000 -1.560 1.00 0.0000000000 0.0000000000 -0.7032065261 0.7109856410 True True True False
Pedestrian 0.06 1 -1 1389.95 437.82 1411.69 500.30 1.65 0.50 0.50 10.97 -0.21 62.62 -4.669 0.000 0.000 -3.098 1.00 0.0000000000 0.0000000000 -0.9997614138 0.0218429747 True True True False
Pedestrian 0.05 0 -1 1412.25 437.80 1436.55 504.19 1.72 0.54 0.47 11.38 -0.10 61.46 -4.708 0.000 0.000 -3.137 1.00 0.0000000000 0.0000000000 -0.9999977290 0.0021311930 True True True False
Pedestrian 0.06 1 -1 1465.80 434.15 1487.98 504.79 1.93 0.46 0.51 13.41 -0.09 64.61 -0.007 0.000 0.000 1.564 1.00 0.0000000000 0.0000000000 0.7047692069 0.7094366533 True True True False
Pedestrian 0.00 0 -1 1746.53 435.41 1784.38 550.21 1.74 0.49 0.33 11.89 0.64 36.02 -4.215 0.000 0.000 -2.644 1.00 0.0000000000 0.0000000000 -0.9692249767 0.2461766530 True False True False
Pedestrian 0.00 0 -1 1716.96 440.24 1748.99 557.89 1.70 0.38 0.41 11.29 0.63 35.62 0.147 0.000 0.000 1.718 1.00 0.0000000000 0.0000000000 0.7572414613 0.6531350315 True False True False
Pedestrian 0.00 0 -1 1760.64 432.03 1792.52 556.69 1.72 0.43 0.49 11.85 0.61 35.26 -2.958 0.000 0.000 -1.388 1.00 0.0000000000 0.0000000000 -0.6394550751 0.7688284639 True False True False
Pedestrian_is_group 0.00 0 -1 1419.38 436.06 1446.65 505.78 1.89 0.61 0.79 12.06 -0.10 62.91 -4.708 0.000 0.000 -3.137 1.00 0.0000000000 0.0000000000 -0.9999978838 0.0020572905 True True True False
Pedestrian 0.00 0 -1 1387.30 438.63 1427.09 505.54 -1.00 -1.00 -1.00 -1000.00 -1000.00 -1000.00 -1.000 -1.000 -1.000 -1.000 1.00 -1000.0000000000 -1000.0000000000 -1000.0000000000 -1000.0000000000 True True False False
Pedestrian 0.00 0 -1 721.72 446.35 740.20 502.39 -1.00 -1.00 -1.00 -1000.00 -1000.00 -1000.00 -1.000 -1.000 -1.000 -1.000 1.00 -1000.0000000000 -1000.0000000000 -1000.0000000000 -1000.0000000000 True True False False
Pedestrian 0.00 3 -1 699.01 437.49 718.69 501.71 -1.00 -1.00 -1.00 -1000.00 -1000.00 -1000.00 -1.000 -1.000 -1.000 -1.000 1.00 -1000.0000000000 -1000.0000000000 -1000.0000000000 -1000.0000000000 True True False True
Pedestrian 0.00 2 -1 700.89 449.18 724.40 506.70 -1.00 -1.00 -1.00 -1000.00 -1000.00 -1000.00 -1.000 -1.000 -1.000 -1.000 1.00 -1000.0000000000 -1000.0000000000 -1000.0000000000 -1000.0000000000 True True False False
Pedestrian 0.00 1 -1 1113.29 442.80 1131.05 490.49 -1.00 -1.00 -1.00 -1000.00 -1000.00 -1000.00 -1.000 -1.000 -1.000 -1.000 1.00 -1000.0000000000 -1000.0000000000 -1000.0000000000 -1000.0000000000 True True False False
Pedestrian 0.00 0 -1 1223.60 441.52 1288.36 509.14 -1.00 -1.00 -1.00 -1000.00 -1000.00 -1000.00 -1.000 -1.000 -1.000 -1.000 1.00 -1000.0000000000 -1000.0000000000 -1000.0000000000 -1000.0000000000 True True False False
