PassengerCar 0.68 0 -1 1570.62 500.59 1920.00 933.44 1.25 1.93 4.21 3.45 1.23 8.21 -1.600 -0.000 0.009 -0.029 1.00 -0.0000454379 0.0044139925 -0.0146088912 0.9998835407 True True True False
PassengerCar 0.00 0 -1 959.53 513.99 1088.19 625.13 1.50 1.90 4.20 0.49 1.56 33.28 -1.587 -0.019 -0.000 -0.016 1.00 -0.0094041158 -0.0000765728 -0.0081418463 0.9999226305 True True True False
PassengerCar 0.00 0 -1 1046.33 520.13 1173.36 564.69 -1.00 -1.00 -1.00 -1000.00 -1000.00 -1000.00 -1.000 -1.000 -1.000 -1.000 1.00 -1000.0000000000 -1000.0000000000 -1000.0000000000 -1000.0000000000 True True False False
PassengerCar 0.00 0 -1 1338.91 490.94 1516.58 623.99 1.58 1.80 4.40 5.93 1.41 32.24 -1.600 0.066 -0.015 -0.029 1.00 0.0330740878 -0.0079012206 -0.0144941526 0.9993165639 True True True False
PassengerCar 0.00 2 -1 1289.22 516.74 1404.94 603.89 1.33 1.83 4.27 6.11 1.51 38.22 -1.571 -0.003 -0.015 -0.000 1.00 -0.0017475213 -0.0073562664 -0.0000843441 0.9999714118 True True True False
DontCare 0.00 -1 -1 925.94 523.79 991.56 576.85 -1.00 -1.00 -1.00 -1000.00 -1000.00 -1000.00 -1.000 -1.000 -1.000 -1.000 1.00 -1000.0000000000 -1000.0000000000 -1000.0000000000 -1000.0000000000 False False False False
DontCare 0.00 -1 -1 1121.21 514.90 1159.97 557.35 -1.00 -1.00 -1.00 -1000.00 -1000.00 -1000.00 -1.000 -1.000 -1.000 -1.000 1.00 -1000.0000000000 -1000.0000000000 -1000.0000000000 -1000.0000000000 False False False False
DontCare 0.00 -1 -1 322.16 533.66 421.74 601.05 -1.00 -1.00 -1.00 -1000.00 -1000.00 -1000.00 -1.000 -1.000 -1.000 -1.000 1.00 -1000.0000000000 -1000.0000000000 -1000.0000000000 -1000.0000000000 False False False False
DontCare 0.00 -1 -1 0.00 457.97 112.95 625.49 -1.00 -1.00 -1.00 -1000.00 -1000.00 -1000.00 -1.000 -1.000 -1.000 -1.000 1.00 -1000.0000000000 -1000.0000000000 -1000.0000000000 -1000.0000000000 False False False False
Pedestrian 0.05 0 -1 661.98 516.88 684.41 587.60 1.68 0.49 0.43 -7.53 1.82 56.31 -1.599 0.000 0.000 -0.028 1.00 0.0000000000 0.0000000000 -0.0140298120 0.9999015773 True True True False
Pedestrian 0.06 1 -1 679.63 517.84 702.72 589.89 1.63 0.43 0.40 -6.97 1.93 56.12 -1.620 0.000 0.000 -0.049 1.00 0.0000000000 0.0000000000 -0.0246974837 0.9996949706 True True True True
Pedestrian 0.00 0 -1 1188.72 510.20 1204.89 560.48 -1.00 -1.00 -1.00 -1000.00 -1000.00 -1000.00 -1.000 -1.000 -1.000 -1.000 1.00 -1000.0000000000 -1000.0000000000 -1000.0000000000 -1000.0000000000 True True False False
Pedestrian 0.00 0 -1 1170.07 510.04 1190.64 560.90 -1.00 -1.00 -1.00 -1000.00 -1000.00 -1000.00 -1.000 -1.000 -1.000 -1.000 1.00 -1000.0000000000 -1000.0000000000 -1000.0000000000 -1000.0000000000 True True False False
Pedestrian 0.00 0 -1 1199.35 508.38 1218.44 560.28 -1.00 -1.00 -1.00 -1000.00 -1000.00 -1000.00 -1.000 -1.000 -1.000 -1.000 1.00 -1000.0000000000 -1000.0000000000 -1000.0000000000 -1000.0000000000 True True False True
Pedestrian 0.00 0 -1 1215.22 505.48 1238.24 556.91 -1.00 -1.00 -1.00 -1000.00 -1000.00 -1000.00 -1.000 -1.000 -1.000 -1.000 1.00 -1000.0000000000 -1000.0000000000 -1000.0000000000 -1000.0000000000 True True False False
Pedestrian 0.00 0 -1 1232.99 508.30 1252.28 552.85 -1.00 -1.00 -1.00 -1000.00 -1000.00 -1000.00 -1.000 -1.000 -1.000 -1.000 1.00 -1000.0000000000 -1000.0000000000 -1000.0000000000 -1000.0000000000 True True False False
