PassengerCar 0.40 0 -1 0.00 553.83 152.70 669.78 1.48 1.82 4.02 -12.68 2.13 31.36 1.567 0.034 -0.022 3.138 1.00 0.0107896242 0.0167330381 0.9998005915 0.0015384155 True False True False
PassengerCar 0.00 0 -1 121.46 552.83 314.49 653.24 1.45 1.81 3.97 -11.87 2.15 36.21 -4.629 0.000 0.000 -3.058 1.00 0.0000000000 0.0000000000 -0.9991289575 0.0417292015 True False True False
PassengerCar 0.00 1 -1 243.56 551.28 415.43 639.41 1.42 1.62 3.46 -11.36 2.19 40.85 -4.574 0.000 0.000 -3.003 1.00 0.0000000000 0.0000000000 -0.9976078889 0.0691266954 True True True False
PassengerCar 0.00 0 -1 522.43 546.12 636.16 606.90 1.49 1.82 4.09 -10.13 2.42 58.30 -4.548 0.000 0.000 -2.977 1.00 0.0000000000 0.0000000000 -0.9966060374 0.0823189300 True True True False
PassengerCar 0.00 1 -1 590.89 530.58 754.09 597.94 1.79 1.81 4.05 -8.63 2.43 64.12 -3.776 0.011 -0.016 -2.205 1.00 -0.0043642691 -0.0086248319 -0.8922294490 0.4514788764 True True True False
PassengerCar 0.00 2 -1 707.23 541.11 781.35 587.99 1.45 1.89 3.91 -7.84 2.49 75.14 -4.607 -0.002 -0.015 -3.036 1.00 -0.0075238187 0.0003968367 -0.9985835773 0.0526694768 True True True False
PassengerCar 0.00 2 -1 752.89 540.12 813.19 583.13 -1.00 -1.00 -1.00 -1000.00 -1000.00 -1000.00 -1.000 -1.000 -1.000 -1.000 1.00 -1000.0000000000 -1000.0000000000 -1000.0000000000 -1000.0000000000 True True False False
PassengerCar 0.00 1 -1 787.27 538.86 854.20 581.03 -1.00 -1.00 -1.00 -1000.00 -1000.00 -1000.00 -1.000 -1.000 -1.000 -1.000 1.00 -1000.0000000000 -1000.0000000000 -1000.0000000000 -1000.0000000000 True True False False
PassengerCar 0.00 1 -1 830.01 538.02 889.06 578.09 -1.00 -1.00 -1.00 -1000.00 -1000.00 -1000.00 -1.000 -1.000 -1.000 -1.000 1.00 -1000.0000000000 -1000.0000000000 -1000.0000000000 -1000.0000000000 True True False False
PassengerCar 0.00 2 -1 855.28 538.44 909.23 573.47 -1.00 -1.00 -1.00 -1000.00 -1000.00 -1000.00 -1.000 -1.000 -1.000 -1.000 1.00 -1000.0000000000 -1000.0000000000 -1000.0000000000 -1000.0000000000 True True False False
PassengerCar 0.00 0 -1 940.88 530.27 1001.28 574.38 -1.00 -1.00 -1.00 -1000.00 -1000.00 -1000.00 -1.000 -1.000 -1.000 -1.000 1.00 -1000.0000000000 -1000.0000000000 -1000.0000000000 -1000.0000000000 True True False False
PassengerCar 0.00 1 -1 915.86 536.10 961.99 566.30 -1.00 -1.00 -1.00 -1000.00 -1000.00 -1000.00 -1.000 -1.000 -1.000 -1.000 1.00 -1000.0000000000 -1000.0000000000 -1000.0000000000 -1000.0000000000 True True False False
Pedestrian 0.05 0 -1 1631.43 501.05 1660.77 566.59 1.78 0.51 0.51 17.97 1.57 63.95 -2.539 0.000 0.000 -0.969 1.00 0.0000000000 0.0000000000 -0.4655999372 0.8849953099 True False True False
Pedestrian 0.05 0 -1 1787.36 500.47 1815.38 565.92 1.73 0.54 0.56 21.67 1.59 62.70 -4.586 0.000 0.000 -3.015 1.00 0.0000000000 0.0000000000 -0.9979893482 0.0633818660 True False True False
Pedestrian 0.06 0 -1 1306.01 519.34 1327.92 571.33 1.75 0.62 0.59 10.23 1.93 73.00 -4.660 0.000 0.000 -3.090 1.00 0.0000000000 0.0000000000 -0.9996614604 0.0260185442 True True True False
Pedestrian 0.07 1 -1 1284.57 518.43 1306.28 572.56 1.72 0.51 0.51 9.52 1.97 73.02 -4.663 0.000 0.000 -3.092 1.00 0.0000000000 0.0000000000 -0.9996915171 0.0248368824 True True True False
Pedestrian 0.00 2 -1 1266.56 516.66 1289.24 571.01 -1.00 -1.00 -1.00 -1000.00 -1000.00 -1000.00 -1.000 -1.000 -1.000 -1.000 1.00 -1000.0000000000 -1000.0000000000 -1000.0000000000 -1000.0000000000 True True False False
Pedestrian_is_group 0.00 1 -1 512.62 532.40 556.77 595.62 1.76 1.14 0.51 -13.03 2.51 67.72 1.564 0.000 0.000 3.134 1.00 0.0000000000 0.0000000000 0.9999934992 0.0036057791 True True True False
Pedestrian 0.00 1 -1 1668.35 504.80 1717.99 567.69 -1.00 -1.00 -1.00 -1000.00 -1000.00 -1000.00 -1.000 -1.000 -1.000 -1.000 1.00 -1000.0000000000 -1000.0000000000 -1000.0000000000 -1000.0000000000 True False False False
