PassengerCar 0.00 0 -1 205.61 476.74 885.02 903.64 1.28 1.70 3.18 -1.43 1.21 8.72 -1.493 0.007 -0.001 0.078 1.00 0.0037401185 -0.0001457443 0.0389380134 0.9992346178 True True True False
PassengerCar 0.00 0 -1 823.97 481.08 1046.54 657.39 1.57 1.95 4.35 -0.46 1.33 23.38 -1.528 0.001 0.015 0.043 1.00 0.0001588010 0.0073741140 0.0215293498 0.9997410086 True True True False
PassengerCar 0.00 1 -1 980.26 512.02 1087.88 594.66 1.30 1.67 4.21 0.74 1.37 39.48 -1.582 0.000 0.000 -0.011 1.00 0.0000000000 0.0000000000 -0.0054035529 0.9999854007 True True True False
PassengerCar 0.00 2 -1 700.27 490.66 849.88 623.89 1.49 1.81 4.29 -2.68 1.33 30.63 -1.552 0.010 -0.000 0.019 1.00 0.0051204814 -0.0000485696 0.0094848121 0.9999419066 True True True False
DontCare 0.48 -1 -1 0.00 554.32 95.53 653.87 1.50 1.96 3.90 -16.91 2.33 40.71 -4.704 0.000 0.000 -3.133 1.00 0.0000000000 0.0000000000 -0.9999917003 0.0040742257 False False False False
DontCare 0.00 -1 -1 79.93 528.01 250.41 632.72 1.78 1.88 4.68 -16.31 2.21 46.34 -4.622 -0.021 0.002 -3.051 1.00 0.0004697379 0.0103640679 -0.9989206973 0.0452747821 False False False False
DontCare 0.00 -1 -1 226.04 548.21 381.27 619.03 1.50 2.29 6.88 -16.26 2.54 54.40 -4.627 0.000 0.000 -3.056 1.00 0.0000000000 0.0000000000 -0.9990894854 0.0426638036 False False False False
DontCare 0.00 -1 -1 1481.72 483.72 1638.06 549.39 -1.00 -1.00 -1.00 -1000.00 -1000.00 -1000.00 -1.000 -1.000 -1.000 -1.000 1.00 -1000.0000000000 -1000.0000000000 -1000.0000000000 -1000.0000000000 False False False False
DontCare 0.00 -1 -1 0.00 529.39 118.68 604.44 1.54 1.04 1.70 -20.61 2.37 52.14 -1.449 0.000 0.000 0.122 1.00 0.0000000000 0.0000000000 0.0610485354 0.9981347987 False False False False
DontCare 0.00 -1 -1 230.13 531.32 285.89 584.51 -1.00 -1.00 -1.00 -1000.00 -1000.00 -1000.00 -1.000 -1.000 -1.000 -1.000 1.00 -1000.0000000000 -1000.0000000000 -1000.0000000000 -1000.0000000000 False False False False
