PassengerCar 0.98 0 -1 0.00 376.76 393.69 1020.80 1.61 2.25 5.22 -2.56 1.36 3.73 -4.683 0.045 -0.003 -3.112 1.00 -0.0009890179 -0.0225458687 -0.9996343802 0.0148933430 True True True True
PassengerCar 0.00 1 -1 189.46 561.22 548.12 774.29 1.34 1.86 4.18 -4.47 1.69 16.95 -4.645 0.013 -0.001 -3.074 1.00 -0.0002188154 -0.0065113456 -0.9994146097 0.0335855977 True True True False
PassengerCar 0.00 0 -1 661.86 543.47 892.75 721.71 1.36 1.83 4.20 -1.78 1.61 20.22 -4.702 0.043 0.001 -3.131 1.00 0.0003942369 -0.0215506186 -0.9997540825 0.0052143963 True True True False
PassengerCar 0.00 1 -1 566.04 568.54 731.85 695.21 1.51 1.83 3.85 -4.21 2.07 29.90 -4.710 0.029 -0.011 -3.139 1.00 -0.0057181414 -0.0143625235 -0.9998793927 0.0014902579 True True True False
PassengerCar 0.00 0 -1 1015.42 557.73 1110.69 638.65 1.37 1.82 3.94 1.43 2.05 44.82 -1.571 0.000 0.000 0.000 1.00 0.0000000000 0.0000000000 0.0000000000 1.0000000000 True True True False
PassengerCar 0.00 0 -1 1261.58 513.82 1496.31 698.11 1.52 1.78 4.07 3.40 1.48 20.65 -1.546 0.036 -0.019 0.025 1.00 0.0182137937 -0.0090452614 0.0126267991 0.9997134614 True True True False
PassengerCar 0.00 2 -1 1209.75 537.21 1373.38 679.74 1.41 1.81 3.99 3.42 1.64 25.68 -1.544 0.025 0.000 0.026 1.00 0.0123288947 0.0001624763 0.0131763507 0.9998371646 True True True False
PassengerCar 0.00 2 -1 1182.03 553.80 1307.50 655.69 1.54 1.75 3.96 3.88 2.10 34.64 -1.539 -0.000 -0.007 0.031 1.00 -0.0000930209 -0.0036557520 0.0157147921 0.9998698276 True True True False
PassengerCar 0.00 2 -1 1151.32 547.60 1268.79 642.29 1.50 1.89 4.23 3.93 2.09 39.58 -1.606 -0.000 -0.011 -0.036 1.00 -0.0001003171 -0.0055570043 -0.0178117281 0.9998259108 True True True False
PassengerCar_is_group 0.00 3 -1 1132.21 559.75 1245.31 628.73 1.50 1.93 8.08 4.04 2.28 48.73 -1.557 0.000 -0.009 0.013 1.00 0.0000314864 -0.0046908975 0.0067120106 0.9999664711 True True True False
PassengerCar 0.00 2 -1 941.42 590.38 978.10 623.65 -1.00 -1.00 -1.00 -1000.00 -1000.00 -1000.00 -1.000 -1.000 -1.000 -1.000 1.00 -1000.0000000000 -1000.0000000000 -1000.0000000000 -1000.0000000000 True True False False
PassengerCar 0.00 1 -1 897.64 589.82 938.00 627.04 -1.00 -1.00 -1.00 -1000.00 -1000.00 -1000.00 -1.000 -1.000 -1.000 -1.000 1.00 -1000.0000000000 -1000.0000000000 -1000.0000000000 -1000.0000000000 True True False False
PassengerCar 0.00 3 -1 833.34 582.18 896.89 639.70 -1.00 -1.00 -1.00 -1000.00 -1000.00 -1000.00 -1.000 -1.000 -1.000 -1.000 1.00 -1000.0000000000 -1000.0000000000 -1000.0000000000 -1000.0000000000 True True False False
DontCare 0.00 3 -1 147.00 505.00 246.00 710.00 1.71 0.60 0.69 -6.67 1.68 19.86 -4.708 0.000 0.000 -3.137 1.00 0.0000000000 0.0000000000 -0.9999971358 0.0023933901 False False False False
DontCare 0.33 3 -1 -34.00 506.00 71.00 695.00 1.69 0.66 0.68 -8.83 1.68 21.48 -4.673 0.000 0.000 -3.102 1.00 0.0000000000 0.0000000000 -0.9998015747 0.0199201221 False False False False
Vehicle 0.00 3 -1 1222.00 530.00 1390.00 648.00 1.42 1.74 3.49 4.06 1.72 30.55 -1.560 0.000 0.000 0.011 1.00 0.0000000000 0.0000000000 0.0055612183 0.9999845363 False False True False
Vehicle 0.49 3 -1 -350.00 530.00 366.00 889.00 1.52 1.87 4.04 -4.74 1.64 12.12 -1.526 0.000 0.000 0.045 1.00 0.0000000000 0.0000000000 0.0225295991 0.9997461764 False False True False
Obstacle 0.00 3 -1 427.68 537.03 492.04 674.67 1.76 0.73 0.79 -6.90 2.10 30.81 -4.703 0.000 0.000 -3.133 1.00 0.0000000000 0.0000000000 -0.9999899324 0.0044872041 True True True False
Pedestrian 0.00 0 -1 923.55 572.32 941.39 626.38 -1.00 -1.00 -1.00 -1000.00 -1000.00 -1000.00 -1.000 -1.000 -1.000 -1.000 1.00 -1000.0000000000 -1000.0000000000 -1000.0000000000 -1000.0000000000 True True False False
Pedestrian 0.00 0 -1 938.82 572.00 955.34 625.15 -1.00 -1.00 -1.00 -1000.00 -1000.00 -1000.00 -1.000 -1.000 -1.000 -1.000 1.00 -1000.0000000000 -1000.0000000000 -1000.0000000000 -1000.0000000000 True True False False
Pedestrian 0.00 1 -1 489.89 539.99 542.26 679.01 1.76 0.77 0.97 -6.03 2.10 30.91 -4.706 0.000 0.000 -3.135 1.00 0.0000000000 0.0000000000 -0.9999943991 0.0033469037 True True True False
Pedestrian 0.00 2 -1 579.48 551.91 652.68 643.99 1.72 1.27 0.77 -6.45 2.20 44.47 -1.571 0.000 0.000 0.000 1.00 0.0000000000 0.0000000000 0.0000000000 1.0000000000 True True True False
