PassengerCar 0.00 2 -1 326.85 500.49 829.60 710.75 1.40 1.85 3.84 -3.11 1.44 17.85 -2.650 -0.018 -0.018 -1.079 1.00 -0.0125222066 -0.0032689423 -0.5136419742 0.8579070059 True True True False
PassengerCar 0.00 3 -1 524.53 526.02 867.73 693.74 1.29 1.70 3.70 -3.04 1.55 20.08 -2.727 0.006 -0.003 -1.156 1.00 0.0017179413 -0.0026342767 -0.5462507396 0.8376158061 True True True False
PassengerCar 0.00 2 -1 1420.62 504.63 1782.48 710.91 1.41 1.85 3.36 4.33 1.45 17.10 -0.818 0.026 -0.053 0.753 1.00 0.0219454501 -0.0196078307 0.3677316959 0.9294661533 True True True False
PassengerCar 0.00 3 -1 1112.74 548.81 1240.28 643.43 1.48 1.57 3.95 4.46 2.01 34.81 -0.626 0.018 -0.026 0.945 1.00 0.0141383241 -0.0074433378 0.4549849425 0.8903557753 True True True False
PassengerCar 0.00 3 -1 1156.34 548.45 1342.69 648.73 1.41 1.80 4.21 4.44 1.89 32.12 -0.626 0.000 0.000 0.945 1.00 0.0000000000 0.0000000000 0.4549088649 0.8905379973 True True True False
PassengerCar 0.00 3 -1 1081.27 549.74 1342.10 643.25 1.35 1.85 4.12 3.91 2.08 37.79 -0.588 0.000 0.000 0.983 1.00 0.0000000000 0.0000000000 0.4720584672 0.8815672428 True True True False
PassengerCar 0.00 3 -1 1062.09 554.46 1189.82 629.02 1.49 1.85 4.00 3.77 2.65 49.78 -0.508 0.000 0.000 1.062 1.00 0.0000000000 0.0000000000 0.5066002935 0.8621810382 True True True True
PassengerCar 0.00 3 -1 1039.62 561.77 1141.02 628.25 1.52 1.85 3.78 3.26 2.87 57.83 -0.522 0.000 0.000 1.049 1.00 0.0000000000 0.0000000000 0.5005693431 0.8656964438 True True True True
PassengerCar 0.00 3 -1 1052.19 562.86 1161.89 633.12 1.52 1.86 3.94 3.76 2.90 55.13 -0.529 0.000 0.000 1.042 1.00 0.0000000000 0.0000000000 0.4975720704 0.8674226391 True True True True
PassengerCar 0.00 0 -1 925.66 566.05 983.00 612.88 -1.00 -1.00 -1.00 -1000.00 -1000.00 -1000.00 -1.000 -1.000 -1.000 -1.000 1.00 -1000.0000000000 -1000.0000000000 -1000.0000000000 -1000.0000000000 True True True False
PassengerCar 0.00 3 -1 1028.96 562.41 1117.13 621.80 1.63 1.86 4.12 2.76 2.91 64.13 -0.486 0.000 0.000 1.085 1.00 0.0000000000 0.0000000000 0.5161571365 0.8564939056 True False True True
PassengerCar 0.00 2 -1 971.06 568.68 1019.82 606.99 -1.00 -1.00 -1.00 -1000.00 -1000.00 -1000.00 -1.000 -1.000 -1.000 -1.000 1.00 -1000.0000000000 -1000.0000000000 -1000.0000000000 -1000.0000000000 True True False False
PassengerCar 0.00 3 -1 992.57 573.77 1031.65 607.91 -1.00 -1.00 -1.00 -1000.00 -1000.00 -1000.00 -1.000 -1.000 -1.000 -1.000 1.00 -1000.0000000000 -1000.0000000000 -1000.0000000000 -1000.0000000000 True True False False
Vehicle 0.00 3 -1 538.50 531.79 872.22 654.19 1.71 1.93 3.96 -2.98 1.49 23.32 -2.765 0.000 0.000 -1.194 1.00 0.0000000000 0.0000000000 -0.5621642234 0.8270256259 True True True False
Vehicle 0.00 3 -1 696.66 552.98 880.68 638.54 1.52 1.86 4.12 -3.25 1.51 26.09 -2.754 0.000 0.000 -1.183 1.00 0.0000000000 0.0000000000 -0.5575892302 0.8301170101 True False True False
Vehicle 0.00 3 -1 756.31 551.66 899.70 627.30 1.71 1.85 4.31 -4.05 2.00 39.22 -2.758 0.000 0.000 -1.187 1.00 0.0000000000 0.0000000000 -0.5594183054 0.8288854925 True False True False
Pedestrian 0.00 0 -1 1000.09 539.86 1037.64 634.59 1.56 0.56 0.55 0.57 2.12 40.95 -1.597 0.000 0.000 -0.026 1.00 0.0000000000 0.0000000000 -0.0131549851 0.9999134694 True True True False
Pedestrian 0.00 3 -1 1682.88 490.96 1746.33 638.48 1.64 0.52 0.59 8.16 1.45 26.45 -1.571 0.000 -0.014 0.000 1.00 0.0000000000 -0.0070368660 0.0000000000 0.9999752410 True False True False
Pedestrian 0.19 0 -1 1194.63 260.67 1534.30 1024.00 1.80 0.61 0.62 0.74 1.28 4.70 0.220 0.036 0.115 1.791 1.00 -0.0336832323 0.0500684866 0.7784849860 0.6247557228 True True True False
Pedestrian 0.00 2 -1 1879.58 488.75 1920.00 660.52 -1.00 -1.00 -1.00 -1000.00 -1000.00 -1000.00 -1.000 -1.000 -1.000 -1.000 1.00 -1000.0000000000 -1000.0000000000 -1000.0000000000 -1000.0000000000 True False False False
