PassengerCar 0.87 0 -1 0.00 465.58 174.45 1024.00 1.26 1.53 3.85 -4.36 1.18 6.92 -2.637 0.000 0.000 -1.067 1.00 0.0000000000 0.0000000000 -0.5083923569 0.8611255492 True False True False
PassengerCar 0.00 3 -1 120.94 469.47 625.10 646.77 1.47 1.77 3.71 -5.24 1.18 21.05 -2.780 0.000 0.000 -1.209 1.00 0.0000000000 0.0000000000 -0.5683202685 0.8228074334 True True True False
PassengerCar 0.00 2 -1 317.30 493.49 727.29 639.92 1.42 1.75 3.94 -4.68 1.26 23.87 -2.613 0.000 0.000 -1.042 1.00 0.0000000000 0.0000000000 -0.4977743546 0.8673065732 True True True False
PassengerCar 0.00 2 -1 495.81 481.96 786.00 612.36 1.45 1.51 3.09 -4.08 1.17 27.68 -2.639 0.000 0.000 -1.069 1.00 0.0000000000 0.0000000000 -0.5092232464 0.8606344667 True True True False
PassengerCar 0.00 3 -1 510.88 489.39 802.76 594.90 1.46 1.71 3.64 -4.40 1.17 32.99 -2.586 0.000 0.000 -1.016 1.00 0.0000000000 0.0000000000 -0.4862756686 0.8738054556 True True True False
PassengerCar 0.00 2 -1 644.57 497.01 882.33 590.69 1.50 1.82 3.91 -3.43 1.23 35.24 -2.616 0.000 0.000 -1.046 1.00 0.0000000000 0.0000000000 -0.4993316135 0.8664109532 True True True True
PassengerCar 0.00 3 -1 668.61 490.48 882.33 573.91 1.80 2.08 4.07 -4.11 1.20 48.61 -2.729 0.000 0.000 -1.158 1.00 0.0000000000 0.0000000000 -0.5473877888 0.8368790884 True True True True
PassengerCar 0.00 2 -1 702.55 477.21 900.99 565.54 2.05 1.81 4.32 -4.23 1.29 54.33 -2.707 0.000 0.000 -1.137 1.00 0.0000000000 0.0000000000 -0.5382164241 0.8428066687 True True True False
PassengerCar 0.00 0 -1 935.69 492.01 1045.10 579.81 1.47 1.96 4.21 0.02 1.18 41.34 -1.599 0.000 0.000 -0.028 1.00 0.0000000000 0.0000000000 -0.0141589011 0.9998997577 True True True False
PassengerCar 0.00 1 -1 1397.17 523.62 1871.47 725.46 1.29 1.75 3.83 4.75 1.38 16.88 -0.736 0.000 0.000 0.835 1.00 0.0000000000 0.0000000000 0.4052745168 0.9141950372 True True True False
PassengerCar 0.00 2 -1 1336.82 508.92 1717.16 674.04 1.32 1.79 2.76 4.65 1.34 20.32 -0.583 0.000 0.000 0.988 1.00 0.0000000000 0.0000000000 0.4740397754 0.8805034306 True True True False
PassengerCar 0.00 2 -1 1232.70 501.40 1594.52 656.61 1.38 1.56 3.20 4.07 1.33 22.44 -0.588 0.000 0.000 0.983 1.00 0.0000000000 0.0000000000 0.4719123423 0.8816454736 True True True False
PassengerCar 0.00 3 -1 1196.29 492.46 1479.51 629.41 1.68 1.56 3.64 4.67 1.50 31.27 -0.642 -0.023 0.031 0.929 1.00 -0.0174862826 0.0087659111 0.4480588698 0.8937900413 True True True False
PassengerCar 0.00 2 -1 1119.79 475.34 1424.39 599.31 1.69 1.83 4.34 4.15 1.24 34.09 -0.666 -0.010 0.013 0.905 1.00 -0.0072886856 0.0035421906 0.4370864745 0.8993829784 True True True False
PassengerCar 0.00 3 -1 404.15 487.72 728.29 643.75 1.63 1.61 3.23 -4.68 1.43 26.09 -2.648 0.000 0.000 -1.077 1.00 0.0000000000 0.0000000000 -0.5127894301 0.8585144148 True True True False
PassengerCar 0.00 3 -1 866.22 491.12 919.56 548.49 -1.00 -1.00 -1.00 -1000.00 -1000.00 -1000.00 -1.000 -1.000 -1.000 -1.000 1.00 -1000.0000000000 -1000.0000000000 -1000.0000000000 -1000.0000000000 True True False True
DontCare 0.00 -1 -1 1032.42 477.82 1253.60 569.14 2.25 17.83 4.21 3.98 1.35 67.13 -0.053 0.000 0.000 1.518 1.00 0.0000000000 0.0000000000 0.6880994590 0.7256163825 False False False False
Vehicle 0.00 3 -1 1275.00 500.00 1606.00 633.00 1.50 1.66 4.07 5.54 1.43 28.64 -0.652 0.000 0.000 0.918 1.00 0.0000000000 0.0000000000 0.4432259113 0.8964099461 False False True True
