PassengerCar 0.00 0 -1 278.34 512.69 459.48 606.65 1.27 1.60 3.48 -8.80 1.34 33.95 -4.686 0.000 0.000 -3.115 1.00 0.0000000000 0.0000000000 -0.9999138126 0.0131288738 True True True False
PassengerCar 0.00 3 -1 205.49 513.63 325.91 579.64 1.50 1.63 3.67 -16.78 1.74 55.83 0.968 0.000 0.000 2.539 1.00 0.0000000000 0.0000000000 0.9549237832 0.2968510878 True False True True
PassengerCar 0.00 2 -1 58.90 515.05 212.93 580.13 1.50 1.46 3.43 -16.43 1.65 47.12 1.016 0.000 0.000 2.586 1.00 0.0000000000 0.0000000000 0.9617040491 0.2740899886 True True True True
PassengerCar 0.40 2 -1 0.00 518.52 113.42 583.96 1.14 1.36 3.44 -17.50 1.32 42.29 0.932 0.000 0.000 2.503 1.00 0.0000000000 0.0000000000 0.9494726962 0.3138496443 True True True True
PassengerCar 0.00 0 -1 1536.09 485.26 1794.39 614.96 1.38 1.54 4.67 7.78 1.13 27.49 -1.602 0.000 0.000 -0.032 1.00 0.0000000000 0.0000000000 -0.0158248704 0.9998747789 True True True False
PassengerCar 0.00 1 -1 1445.97 462.15 1666.64 599.86 1.78 1.91 4.76 8.08 1.18 32.79 -1.635 0.000 0.000 -0.065 1.00 0.0000000000 0.0000000000 -0.0322953892 0.9994783679 True True True False
PassengerCar 0.00 1 -1 1153.24 491.35 1283.83 573.43 1.63 1.97 4.37 4.75 1.31 49.00 -1.648 -0.001 0.015 -0.078 1.00 -0.0002844584 0.0073232096 -0.0388130921 0.9992196123 True True True False
PassengerCar 0.00 3 -1 1156.84 495.72 1235.74 560.13 -1.00 -1.00 -1.00 -1000.00 -1000.00 -1000.00 -1.000 -1.000 -1.000 -1.000 1.00 -1000.0000000000 -1000.0000000000 -1000.0000000000 -1000.0000000000 True True False False
PassengerCar 0.00 1 -1 921.93 487.42 984.01 522.02 -1.00 -1.00 -1.00 -1000.00 -1000.00 -1000.00 -1.000 -1.000 -1.000 -1.000 1.00 -1000.0000000000 -1000.0000000000 -1000.0000000000 -1000.0000000000 True True False False
PassengerCar 0.00 2 -1 445.78 509.48 559.96 546.92 -1.00 -1.00 -1.00 -1000.00 -1000.00 -1000.00 -1.000 -1.000 -1.000 -1.000 1.00 -1000.0000000000 -1000.0000000000 -1000.0000000000 -1000.0000000000 True True False False
PassengerCar 0.00 0 -1 1815.89 499.67 1919.08 589.82 -1.00 -1.00 -1.00 -1000.00 -1000.00 -1000.00 -1.000 -1.000 -1.000 -1.000 1.00 -1000.0000000000 -1000.0000000000 -1000.0000000000 -1000.0000000000 True False False False
Vehicle 0.00 1 -1 1731.66 499.95 1843.57 577.33 -1.00 -1.00 -1.00 -1000.00 -1000.00 -1000.00 -1.000 -1.000 -1.000 -1.000 1.00 -1000.0000000000 -1000.0000000000 -1000.0000000000 -1000.0000000000 True False False False
Vehicle 0.00 2 -1 1139.14 474.10 1231.15 529.49 -1.00 -1.00 -1.00 -1000.00 -1000.00 -1000.00 -1.000 -1.000 -1.000 -1.000 1.00 -1000.0000000000 -1000.0000000000 -1000.0000000000 -1000.0000000000 True True False False
LargeVehicle 0.00 1 -1 1528.91 410.01 1787.67 568.43 3.12 2.41 11.67 14.55 1.31 52.27 -1.571 0.000 0.000 0.000 1.00 0.0000000000 0.0000000000 0.0000000000 1.0000000000 True False True False
Pedestrian 0.00 0 -1 914.16 473.81 944.21 552.14 2.04 1.00 0.76 -1.55 1.15 61.92 -3.191 0.000 0.000 -1.620 1.00 0.0000000000 0.0000000000 -0.7244480773 0.6893293722 True True True False
Pedestrian 0.00 1 -1 1102.03 492.45 1131.00 546.61 -1.00 -1.00 -1.00 -1000.00 -1000.00 -1000.00 -1.000 -1.000 -1.000 -1.000 1.00 -1000.0000000000 -1000.0000000000 -1000.0000000000 -1000.0000000000 True True False True
Pedestrian 0.00 3 -1 1787.01 474.67 1805.58 536.26 -1.00 -1.00 -1.00 -1000.00 -1000.00 -1000.00 -1.000 -1.000 -1.000 -1.000 1.00 -1000.0000000000 -1000.0000000000 -1000.0000000000 -1000.0000000000 True False False True
Pedestrian 0.00 3 -1 1834.16 472.42 1860.90 536.50 -1.00 -1.00 -1.00 -1000.00 -1000.00 -1000.00 -1.000 -1.000 -1.000 -1.000 1.00 -1000.0000000000 -1000.0000000000 -1000.0000000000 -1000.0000000000 True False False True
Pedestrian 0.00 3 -1 1808.52 472.93 1831.64 536.49 -1.00 -1.00 -1.00 -1000.00 -1000.00 -1000.00 -1.000 -1.000 -1.000 -1.000 1.00 -1000.0000000000 -1000.0000000000 -1000.0000000000 -1000.0000000000 True False False True
Pedestrian 0.00 0 -1 1082.81 496.39 1097.42 540.46 -1.00 -1.00 -1.00 -1000.00 -1000.00 -1000.00 -1.000 -1.000 -1.000 -1.000 1.00 -1000.0000000000 -1000.0000000000 -1000.0000000000 -1000.0000000000 True True False False
