PassengerCar 0.00 0 -1 1081.14 506.15 1145.20 558.47 1.57 1.90 4.39 3.91 1.50 73.46 -1.509 0.000 0.000 0.062 1.00 0.0000000000 0.0000000000 0.0308500340 0.9995240244 True True True False
PassengerCar 0.00 0 -1 699.60 504.61 851.11 609.98 1.35 1.67 3.23 -2.86 1.29 32.36 -4.676 -0.030 0.013 -3.105 1.00 0.0062722301 0.0152661238 -0.9996953408 0.0183529346 True True True False
PassengerCar 0.00 0 -1 220.18 497.03 586.58 714.70 1.42 1.81 4.21 -3.95 1.29 16.60 1.564 0.017 0.010 3.135 1.00 -0.0048327198 0.0085886920 0.9999454634 0.0034567913 True True True False
PassengerCar 0.00 0 -1 583.42 524.92 674.26 590.89 1.50 1.81 3.90 -8.33 1.86 54.39 -4.645 -0.009 0.026 -3.074 1.00 0.0130022541 0.0047385879 -0.9993374627 0.0336618896 True True True False
PassengerCar 0.42 0 -1 1661.54 482.90 1920.00 682.01 1.41 1.83 4.13 6.54 1.23 17.74 -1.571 0.065 0.007 -0.000 1.00 0.0322729642 0.0033023380 -0.0001308827 0.9994736281 True False True False
PassengerCar 0.00 0 -1 1463.11 492.45 1660.91 628.70 1.41 1.71 4.01 6.60 1.23 27.10 -1.571 0.056 -0.015 0.000 1.00 0.0278817397 -0.0072989903 0.0002035931 0.9995845596 True True True False
PassengerCar 0.00 1 -1 1401.85 491.55 1572.04 615.57 1.60 1.80 4.42 6.89 1.39 32.66 -1.542 0.048 0.019 0.028 1.00 0.0238228162 0.0097918859 0.0140139433 0.9995700084 True True True False
PassengerCar 0.00 1 -1 1325.83 495.59 1477.33 584.72 1.49 1.80 3.99 7.01 1.28 41.30 -1.517 0.035 0.007 0.053 1.00 0.0173988848 0.0039376774 0.0266125568 0.9994866409 True True True False
PassengerCar 0.00 2 -1 1297.23 497.12 1416.04 577.25 1.49 1.82 4.13 7.34 1.27 47.26 -1.571 0.042 0.014 0.000 1.00 0.0208092769 0.0070460314 -0.0001466582 0.9997586238 True True True False
PassengerCar 0.00 2 -1 1260.99 493.76 1365.53 567.18 1.65 2.04 4.20 7.73 1.31 55.40 -1.571 0.001 0.014 0.000 1.00 0.0006084601 0.0069233357 -0.0000042127 0.9999758483 True True True False
PassengerCar 0.00 3 -1 1249.07 507.05 1339.56 564.45 1.50 1.84 4.10 7.95 1.50 62.45 -1.555 -0.003 0.009 0.016 1.00 -0.0013141597 0.0045709503 0.0078824370 0.9999576224 True True True False
PassengerCar 0.00 3 -1 1237.20 508.25 1307.97 559.55 1.45 1.80 4.20 7.90 1.47 68.08 -1.571 -0.010 0.000 0.000 1.00 -0.0052035889 0.0000000000 0.0000000000 0.9999864612 True True True False
PassengerCar 0.00 2 -1 1196.43 509.21 1270.98 552.68 -1.00 -1.00 -1.00 -1000.00 -1000.00 -1000.00 -1.000 -1.000 -1.000 -1.000 1.00 -1000.0000000000 -1000.0000000000 -1000.0000000000 -1000.0000000000 True True False False
PassengerCar 0.00 1 -1 1125.54 510.16 1176.45 548.23 -1.00 -1.00 -1.00 -1000.00 -1000.00 -1000.00 -1.000 -1.000 -1.000 -1.000 1.00 -1000.0000000000 -1000.0000000000 -1000.0000000000 -1000.0000000000 True True False False
PassengerCar 0.00 2 -1 1175.82 507.22 1218.72 536.64 -1.00 -1.00 -1.00 -1000.00 -1000.00 -1000.00 -1.000 -1.000 -1.000 -1.000 1.00 -1000.0000000000 -1000.0000000000 -1000.0000000000 -1000.0000000000 True True False False
