PassengerCar 0.64 0 -1 1610.20 446.20 1920.00 932.42 1.49 1.72 3.53 3.36 1.26 8.21 -1.571 0.005 0.000 0.000 1.00 0.0027005450 0.0000000000 0.0000000000 0.9999963535 True False True False
PassengerCar 0.06 1 -1 1371.63 396.07 1856.27 780.29 1.74 2.03 4.42 3.42 1.25 12.96 -1.545 0.040 -0.001 0.026 1.00 0.0197633331 -0.0000364327 0.0131150945 0.9997186622 True True True False
PassengerCar 0.93 0 -1 0.00 27.11 422.63 1024.00 1.74 1.75 4.60 -2.62 1.34 4.59 -1.541 0.038 -0.008 0.029 1.00 0.0188892367 -0.0034800301 0.0148032025 0.9997059324 True True True False
PassengerCar 0.05 1 -1 0.00 468.08 663.19 882.97 1.56 1.85 4.21 -2.45 1.41 9.88 -1.571 0.022 0.000 0.000 1.00 0.0107895150 0.0000000000 0.0000000000 0.9999417915 True True True False
PassengerCar 0.00 0 -1 993.22 513.79 1293.68 732.98 1.33 1.69 4.35 1.25 1.44 16.92 -1.402 -0.027 -0.017 0.169 1.00 -0.0126447351 -0.0096503832 0.0841226191 0.9963284427 True True True False
PassengerCar 0.00 1 -1 1268.75 552.60 1356.64 633.70 1.65 1.79 4.22 6.77 2.61 50.25 -1.362 0.047 -0.031 0.208 1.00 0.0247537093 -0.0128274947 0.1042768800 0.9941574531 True True True False
PassengerCar 0.00 3 -1 1287.31 561.54 1385.07 631.80 1.54 1.86 4.26 8.29 2.90 55.87 -1.330 0.013 -0.056 0.241 1.00 0.0097317367 -0.0272349023 0.1202393155 0.9923235664 True True True False
PassengerCar 0.00 3 -1 1367.31 571.71 1442.05 627.70 -1.00 -1.00 -1.00 -1000.00 -1000.00 -1000.00 -1.000 -1.000 -1.000 -1.000 1.00 -1000.0000000000 -1000.0000000000 -1000.0000000000 -1000.0000000000 True True False False
PassengerCar 0.00 2 -1 805.03 515.10 1102.91 686.88 1.52 1.71 4.22 -0.22 1.64 23.17 -1.272 -0.005 -0.017 0.299 1.00 -0.0009823974 -0.0089490857 0.1487443748 0.9888346979 True True True False
PassengerCar 0.00 2 -1 699.32 512.32 972.51 705.43 1.50 1.83 3.02 -1.23 1.58 19.55 -1.358 0.033 -0.022 0.213 1.00 0.0176220584 -0.0094267333 0.1063658360 0.9941262036 True True True False
PassengerCar 0.00 3 -1 1170.91 558.05 1313.98 636.79 1.35 1.75 4.05 4.67 2.30 42.78 -1.248 -0.010 -0.031 0.323 1.00 -0.0026509468 -0.0162966164 0.1605362489 0.9868918409 True True True False
Pedestrian 0.00 1 -1 819.99 487.57 870.79 706.45 1.56 0.49 0.36 -1.05 1.42 17.11 -3.035 0.000 0.000 -1.464 1.00 0.0000000000 0.0000000000 -0.6682749648 0.7439143575 True False True False
Pedestrian 0.00 0 -1 776.99 481.30 854.77 716.44 1.66 0.46 0.47 -1.21 1.47 16.66 -3.054 0.000 0.000 -1.483 1.00 0.0000000000 0.0000000000 -0.6753366336 0.7375096144 True True True False
Pedestrian 0.00 0 -1 715.07 455.51 788.90 720.31 1.83 0.52 0.36 -1.66 1.46 16.33 -2.387 0.000 0.000 -0.817 1.00 0.0000000000 0.0000000000 -0.3970173289 0.9178111137 True True True False
Pedestrian 0.00 0 -1 630.93 474.97 726.55 733.78 1.77 0.55 0.38 -2.15 1.54 16.39 -2.076 -0.006 0.004 -0.505 1.00 -0.0023481539 0.0028903927 -0.2500553024 0.9682243942 True True True False
Pedestrian_is_group 0.00 3 -1 407.89 472.40 681.42 729.65 1.74 2.41 3.32 -3.95 1.47 17.07 -2.804 0.000 0.000 -1.233 1.00 0.0000000000 0.0000000000 -0.5782882675 0.8158325071 True True True False
Pedestrian_is_group 0.00 3 -1 680.28 478.68 751.88 714.18 1.63 0.37 0.35 -1.92 1.46 16.65 -2.573 0.000 0.000 -1.002 1.00 0.0000000000 0.0000000000 -0.4803112812 0.8770980978 True True True False
Pedestrian 0.00 3 -1 701.08 494.75 792.78 709.46 -1.00 -1.00 -1.00 -1000.00 -1000.00 -1000.00 -1.000 -1.000 -1.000 -1.000 1.00 -1000.0000000000 -1000.0000000000 -1000.0000000000 -1000.0000000000 True True True True
Pedestrian 0.00 3 -1 594.51 481.60 653.20 705.13 1.72 0.40 0.36 -2.86 1.47 18.28 -2.755 0.000 0.000 -1.184 1.00 0.0000000000 0.0000000000 -0.5581955952 0.8297093934 True True True True
Pedestrian_is_group 0.00 3 -1 718.85 472.15 849.46 704.50 1.74 0.46 1.13 -1.66 1.46 17.83 -2.890 0.000 0.000 -1.319 1.00 0.0000000000 0.0000000000 -0.6127142442 0.7903045331 True True True False
