PassengerCar 0.77 0 -1 0.00 460.44 152.32 779.02 1.42 1.81 3.65 -5.20 1.21 10.93 1.488 -0.001 -0.000 3.058 1.00 0.0000095696 -0.0007421047 0.9991347383 0.0415839376 True False True False
PassengerCar 0.20 1 -1 18.50 481.16 340.83 717.62 1.36 1.86 4.01 -5.37 1.20 15.30 1.434 -0.003 0.006 3.005 1.00 -0.0030526803 -0.0015343121 0.9976623996 0.0682500066 True False True False
PassengerCar 0.00 2 -1 179.07 477.24 432.82 654.93 1.41 1.54 3.37 -5.64 1.19 19.57 1.461 0.001 -0.008 3.032 1.00 0.0041470997 0.0002283594 0.9984787647 0.0549809587 True True True False
PassengerCar 0.00 2 -1 303.88 455.95 556.86 625.49 1.60 1.86 4.50 -5.60 1.13 24.15 1.557 0.000 0.000 3.127 1.00 0.0000000000 0.0000000000 0.9999748469 0.0070926457 True True True False
PassengerCar 0.00 2 -1 438.56 469.14 623.68 600.31 1.58 1.83 4.01 -5.66 1.12 29.40 1.535 0.005 -0.003 3.106 1.00 0.0017945730 0.0026030764 0.9998361155 0.0178254236 True True True False
PassengerCar 0.00 1 -1 586.52 489.05 723.14 575.98 1.34 1.82 4.55 -5.46 1.09 38.59 -1.562 0.006 -0.000 0.009 1.00 0.0031936280 -0.0000946371 0.0043744018 0.9999853281 True True True False
PassengerCar 0.00 2 -1 748.50 461.20 880.94 571.42 1.62 1.89 4.21 -2.80 0.94 38.15 -1.597 0.000 0.000 -0.026 1.00 0.0000000000 0.0000000000 -0.0129995635 0.9999155021 True True True False
PassengerCar 0.00 0 -1 748.04 457.80 1192.28 626.31 1.65 1.93 4.27 -0.21 1.17 24.28 -3.392 0.007 -0.023 -1.821 1.00 -0.0069334301 -0.0099013776 -0.7898800297 0.6131422584 True True True False
PassengerCar 0.00 2 -1 1145.73 466.41 1403.04 651.31 1.44 1.86 4.25 2.41 1.14 19.78 -1.571 0.000 0.000 0.000 1.00 0.0000000000 0.0000000000 0.0000000000 1.0000000000 True True True False
PassengerCar 0.00 0 -1 1222.91 451.97 1630.34 697.30 1.41 1.90 4.53 2.72 1.17 15.11 -1.598 -0.013 -0.028 -0.027 1.00 -0.0065755113 -0.0140299283 -0.0135576261 0.9997880348 True True True False
PassengerCar 0.00 3 -1 1091.89 475.53 1192.37 560.89 1.48 1.61 2.80 2.87 0.96 43.89 -1.578 0.000 0.000 -0.007 1.00 0.0000000000 0.0000000000 -0.0035281394 0.9999937761 True False True False
PassengerCar 0.00 2 -1 656.44 478.00 827.46 562.27 1.57 1.36 2.66 -4.44 1.06 42.08 -2.752 0.000 0.000 -1.181 1.00 0.0000000000 0.0000000000 -0.5569586421 0.8305402284 True True True False
Vehicle 0.00 3 -1 1173.00 470.00 1355.00 598.00 1.51 1.81 4.21 3.43 1.08 29.96 -1.571 0.000 0.000 0.000 1.00 0.0000000000 0.0000000000 0.0000000000 1.0000000000 False False True True
