DontCare 0.06 3 -1 -18.00 493.00 322.00 755.00 1.66 1.51 1.59 -5.65 1.57 15.97 -2.573 0.000 0.000 -1.002 1.00 0.0000000000 0.0000000000 -0.4804963898 0.8769967043 False False False False
Pedestrian 0.00 0 -1 783.45 472.84 1008.63 968.10 1.72 0.66 0.83 -0.29 1.58 8.42 -2.565 0.000 0.000 -0.994 1.00 0.0000000000 0.0000000000 -0.4770064396 0.8788997989 True True True False
Pedestrian 0.00 0 -1 968.35 463.79 1139.59 923.62 1.77 0.87 0.59 0.33 1.57 9.37 -2.571 0.000 0.000 -1.000 1.00 0.0000000000 0.0000000000 -0.4794644859 0.8775612838 True True True False
Pedestrian 0.00 0 -1 1221.20 480.79 1374.89 895.46 1.68 0.60 0.63 1.28 1.55 9.76 -2.449 0.000 0.000 -0.878 1.00 0.0000000000 0.0000000000 -0.4249874639 0.9051992353 True True True False
Pedestrian 0.00 3 -1 779.65 541.28 934.78 885.23 1.61 0.50 0.52 -0.61 1.61 10.20 -2.496 0.000 0.000 -0.926 1.00 0.0000000000 0.0000000000 -0.4464841205 0.8947915568 True True True False
Pedestrian 0.00 0 -1 443.16 465.48 628.23 925.93 1.80 0.86 0.96 -1.83 1.61 9.48 -2.444 0.000 0.000 -0.874 1.00 0.0000000000 0.0000000000 -0.4230047382 0.9061274698 True True True False
Pedestrian 0.00 0 -1 610.25 519.03 757.50 862.89 1.63 0.59 0.69 -1.42 1.60 11.05 -2.357 0.000 0.000 -0.786 1.00 0.0000000000 0.0000000000 -0.3831886572 0.9236700996 True True True False
Pedestrian 0.00 2 -1 761.30 493.74 929.26 886.04 1.72 0.47 0.65 -0.97 1.66 11.34 -2.367 0.000 0.000 -0.796 1.00 0.0000000000 0.0000000000 -0.3877192742 0.9217775027 True True True False
Pedestrian 0.00 0 -1 51.58 514.48 220.68 1018.12 1.67 0.60 0.79 -2.94 1.67 8.14 -2.446 0.000 0.000 -0.875 1.00 0.0000000000 0.0000000000 -0.4238264272 0.9057434292 True False True False
Pedestrian 0.15 3 -1 44.61 528.97 176.90 944.03 1.68 0.47 0.66 -3.70 1.72 9.51 -2.524 0.000 0.000 -0.953 1.00 0.0000000000 0.0000000000 -0.4587415982 0.8885697193 True False True False
Pedestrian 0.58 0 -1 0.00 536.40 32.04 1001.90 1.58 0.57 0.56 -3.72 1.68 8.73 -2.508 0.000 0.000 -0.937 1.00 0.0000000000 0.0000000000 -0.4516884090 0.8921757569 True False True False
Pedestrian 0.00 0 -1 237.94 515.03 361.03 890.40 1.63 0.67 0.81 -3.11 1.64 10.62 -2.500 0.002 0.003 -0.929 1.00 0.0017589714 0.0007301007 -0.4480448643 0.8940090450 True True True False
Pedestrian 0.00 3 -1 416.69 514.88 512.37 827.34 1.67 0.49 0.50 -2.76 1.61 12.17 -2.478 0.000 0.000 -0.907 1.00 0.0000000000 0.0000000000 -0.4383024482 0.8988275496 True True True False
Pedestrian_is_group 0.33 0 -1 0.00 499.97 388.84 860.62 1.63 1.98 3.20 -4.63 1.57 12.24 -2.313 0.000 0.000 -0.742 1.00 0.0000000000 0.0000000000 -0.3626979461 0.9319067549 True True True True
