PassengerCar 0.99 0 -1 1837.46 404.58 1920.00 1024.00 1.38 1.79 3.87 2.67 1.14 3.28 -1.507 0.000 0.000 0.064 1.00 0.0000000000 0.0000000000 0.0318884168 0.9994914351 True False True False
PassengerCar 0.27 0 -1 1313.51 445.15 1920.00 871.33 1.37 1.71 4.23 2.52 1.19 9.18 -1.628 0.000 0.005 -0.057 1.00 0.0000727977 0.0025401878 -0.0286465351 0.9995863735 True True True False
PassengerCar 0.00 2 -1 1198.09 480.85 1538.62 721.17 1.40 1.61 3.99 2.39 1.27 14.93 -1.619 0.000 0.000 -0.049 1.00 0.0000000000 0.0000000000 -0.0243135387 0.9997043822 True True True False
PassengerCar 0.00 2 -1 1119.54 486.68 1330.74 661.36 1.36 1.64 4.16 2.12 1.22 20.77 -1.583 -0.000 0.000 -0.012 1.00 -0.0000000200 0.0000033822 -0.0059021217 0.9999825823 True True True False
PassengerCar 0.00 3 -1 1105.43 471.23 1288.04 625.39 1.59 1.62 4.06 2.17 1.28 25.40 -1.564 0.000 0.000 0.007 1.00 0.0000000000 0.0000000000 0.0032685175 0.9999946584 True True True False
PassengerCar 0.00 3 -1 1091.13 491.97 1206.28 596.75 1.52 1.53 4.07 2.45 1.33 35.86 -1.609 0.000 0.000 -0.038 1.00 0.0000000000 0.0000000000 -0.0190194867 0.9998191132 True True True False
PassengerCar 0.00 3 -1 1065.76 497.46 1157.09 587.03 1.55 1.55 3.60 2.13 1.30 40.30 -1.621 -0.001 0.003 -0.051 1.00 -0.0002900480 0.0015646201 -0.0252831651 0.9996790632 True True True False
PassengerCar 0.00 3 -1 1049.38 495.43 1133.77 570.58 1.44 1.59 3.88 2.07 1.23 45.61 -1.604 0.000 0.000 -0.033 1.00 0.0000000000 0.0000000000 -0.0164643431 0.9998644535 True True True False
PassengerCar 0.00 3 -1 1036.42 495.85 1121.82 562.10 1.49 1.57 3.60 1.94 1.21 51.53 -1.617 0.001 -0.013 -0.046 1.00 0.0001498452 -0.0064822136 -0.0231097063 0.9997119085 True True True False
PassengerCar 0.00 0 -1 798.23 489.84 941.93 590.14 1.52 1.88 4.59 -1.82 1.28 38.96 -4.665 0.019 0.013 -3.094 1.00 0.0067710002 -0.0093309150 -0.9996550135 0.0235996094 True True True False
PassengerCar 0.00 0 -1 934.11 499.19 1001.35 553.33 1.25 1.64 3.82 -0.57 1.00 55.07 -4.703 0.000 0.006 -3.132 1.00 0.0027735996 0.0000105157 -0.9999850399 0.0047145613 True True True False
PassengerCar 0.71 0 -1 0.00 516.34 219.49 844.75 1.35 1.70 3.90 -5.14 1.38 11.22 1.570 -0.000 0.007 3.141 1.00 -0.0032767434 -0.0000015887 0.9999945139 0.0004848259 True False True False
PassengerCar 0.00 0 -1 249.93 513.94 503.81 680.78 1.45 1.52 3.84 -5.20 1.52 20.50 1.538 -0.001 0.022 3.109 1.00 -0.0112075187 -0.0001811340 0.9998066089 0.0161587003 True True True False
PassengerCar 0.00 2 -1 397.08 508.53 564.93 654.09 1.36 1.60 3.29 -5.30 1.33 24.72 1.397 -0.002 0.010 2.968 1.00 -0.0052894434 -0.0004602558 0.9962216003 0.0866852531 True True True False
PassengerCar 0.00 1 -1 469.84 473.32 658.76 632.56 1.85 1.82 5.15 -5.29 1.43 29.53 1.518 -0.001 0.023 3.089 1.00 -0.0113921348 -0.0003001701 0.9995881337 0.0263380340 True True True False
PassengerCar 0.00 2 -1 565.22 493.16 720.49 599.83 1.65 1.94 4.37 -5.47 1.42 37.80 1.547 -0.001 0.008 3.118 1.00 -0.0041163574 -0.0006230638 0.9999222282 0.0117560563 True True True False
PassengerCar 0.00 1 -1 731.73 481.42 836.60 584.15 1.76 1.70 4.32 -3.92 1.28 45.89 1.539 0.015 0.020 3.110 1.00 -0.0099511122 0.0076762150 0.9997954170 0.0158485111 True True True False
PassengerCar 0.00 3 -1 679.81 485.23 761.90 560.77 1.79 1.80 3.97 -5.97 1.26 52.60 1.536 -0.000 0.023 3.106 1.00 -0.0113598296 0.0000565385 0.9997800329 0.0176305695 True True True False
PassengerCar 0.00 3 -1 1034.90 493.07 1113.32 556.44 1.50 1.77 4.24 2.08 1.16 57.97 -1.571 0.000 0.000 0.000 1.00 0.0000000000 0.0000000000 0.0000000000 1.0000000000 True True True False
PassengerCar 0.00 3 -1 1020.00 481.00 1080.00 541.00 1.94 1.86 4.21 2.02 1.09 77.34 -1.569 0.000 0.000 0.001 1.00 0.0000000000 0.0000000000 0.0006986747 0.9999997559 False True True True
PassengerCar 0.00 3 -1 643.60 501.20 731.78 585.31 1.46 1.31 3.22 -5.39 1.34 42.54 1.528 -0.000 0.009 3.098 1.00 -0.0043480994 -0.0000940476 0.9997567080 0.0216242913 True True True False
PassengerCar 0.00 3 -1 1030.37 498.57 1095.10 549.70 1.52 1.86 4.12 2.26 1.26 72.37 -1.571 0.000 0.000 0.000 1.00 0.0000000000 0.0000000000 0.0000000000 1.0000000000 True True True True
Obstacle 0.00 3 -1 1546.21 418.53 1619.80 634.76 1.63 0.31 1.00 4.60 0.96 18.24 -1.571 0.000 0.000 0.000 1.00 0.0000000000 0.0000000000 0.0000000000 1.0000000000 True False True False
Obstacle 0.00 3 -1 1586.44 425.25 1650.75 636.68 1.67 0.41 0.42 5.13 1.04 19.27 -1.571 0.000 0.000 0.000 1.00 0.0000000000 0.0000000000 0.0000000000 1.0000000000 True False True False
Obstacle 0.00 3 -1 1394.91 444.45 1451.62 592.88 1.81 0.57 0.78 5.52 1.06 29.79 -1.571 0.000 0.000 0.000 1.00 0.0000000000 0.0000000000 0.0000000000 1.0000000000 True False True False
Pedestrian_is_group 0.00 0 -1 181.79 476.70 248.54 624.84 1.77 1.05 0.58 -9.40 1.40 28.66 -3.262 0.000 0.000 -1.691 1.00 0.0000000000 0.0000000000 -0.7483074220 0.6633520952 True False True False
Pedestrian 0.00 0 -1 122.01 469.97 197.68 643.13 1.61 0.58 0.41 -7.79 1.26 22.16 -1.614 0.000 0.000 -0.044 1.00 0.0000000000 0.0000000000 -0.0218416062 0.9997614437 False False False False
Pedestrian 0.00 2 -1 113.20 477.03 156.21 626.76 1.42 0.34 0.37 -8.14 1.12 22.48 -0.322 -0.006 -0.001 1.249 1.00 -0.0021117225 -0.0021190330 0.5845638720 0.8113421781 True False True True
