PassengerCar 0.00 1 -1 15.64 523.99 380.31 664.71 1.42 1.51 3.69 -8.43 1.58 25.08 0.440 0.000 0.000 2.011 1.00 0.0000000000 0.0000000000 0.8443918345 0.5357260772 True True True False
PassengerCar 0.00 0 -1 716.70 512.75 791.86 571.80 1.63 1.75 4.47 -6.81 1.80 68.91 -4.709 0.000 0.000 -3.139 1.00 0.0000000000 0.0000000000 -0.9999989148 0.0014732602 True True True False
PassengerCar 0.00 0 -1 1126.11 531.91 1180.04 572.20 -1.00 -1.00 -1.00 -1000.00 -1000.00 -1000.00 -1.000 -1.000 -1.000 -1.000 1.00 -1000.0000000000 -1000.0000000000 -1000.0000000000 -1000.0000000000 True True False False
Pedestrian 0.00 0 -1 606.85 442.72 700.98 733.91 1.72 0.45 0.33 -2.01 1.32 14.09 -2.286 0.000 0.000 -0.716 1.00 0.0000000000 0.0000000000 -0.3502277262 0.9366645823 True True True False
Pedestrian 0.00 1 -1 330.18 434.78 492.01 749.84 1.77 0.63 0.79 -3.29 1.32 13.18 -3.145 0.000 0.000 -1.574 1.00 0.0000000000 0.0000000000 -0.7083427505 0.7058686477 True True True False
Pedestrian 0.00 0 -1 296.19 470.24 426.12 758.66 1.53 0.59 0.34 -3.35 1.32 12.60 -2.103 0.000 0.000 -0.532 1.00 0.0000000000 0.0000000000 -0.2630652638 0.9647780403 True True True False
Pedestrian 0.05 0 -1 1427.77 516.82 1455.11 583.62 1.52 0.55 0.58 10.68 1.74 55.54 0.138 0.000 0.000 1.709 1.00 0.0000000000 0.0000000000 0.7541135424 0.6567440637 True True True False
Pedestrian 0.06 0 -1 1446.63 514.22 1466.70 579.58 1.50 0.50 0.51 11.15 1.67 56.07 0.174 0.000 0.000 1.745 1.00 0.0000000000 0.0000000000 0.7658066875 0.6430708494 True True True False
Pedestrian 0.07 0 -1 1467.24 515.54 1486.20 580.41 1.53 0.40 0.52 11.98 1.74 57.72 -1.386 0.000 0.000 0.185 1.00 0.0000000000 0.0000000000 0.0925047969 0.9957122388 True True True False
Pedestrian 0.05 1 -1 1485.65 512.97 1511.29 584.14 1.64 0.52 0.52 12.14 1.78 55.95 0.145 0.000 0.000 1.715 1.00 0.0000000000 0.0000000000 0.7563723010 0.6541413779 True True True False
Pedestrian 0.05 1 -1 1510.63 506.45 1537.75 572.65 1.46 0.52 0.59 12.01 1.45 52.79 -1.413 0.000 0.000 0.158 1.00 0.0000000000 0.0000000000 0.0786732205 0.9969004586 True True True False
Pedestrian 0.05 1 -1 1551.64 507.67 1575.43 578.19 1.50 0.50 0.55 13.26 1.51 54.29 -1.286 0.000 0.000 0.284 1.00 0.0000000000 0.0000000000 0.1417452593 0.9899031677 True True True False
Pedestrian 0.00 1 -1 1554.58 507.50 1577.55 584.44 -1.00 -1.00 -1.00 -1000.00 -1000.00 -1000.00 -1.000 -1.000 -1.000 -1.000 1.00 -1000.0000000000 -1000.0000000000 -1000.0000000000 -1000.0000000000 True True True False
Pedestrian 0.06 0 -1 483.80 505.71 505.02 568.14 1.67 0.51 0.51 -13.42 1.62 63.81 -1.881 0.000 0.000 -0.310 1.00 0.0000000000 0.0000000000 -0.1545575053 0.9879837942 True True True False
Pedestrian 0.07 1 -1 460.75 504.45 480.04 563.60 1.66 0.46 0.49 -14.45 1.57 65.82 -3.372 0.000 0.000 -1.801 1.00 0.0000000000 0.0000000000 -0.7837516616 0.6210743376 True True True False
Pedestrian 0.08 1 -1 451.76 502.07 467.38 566.37 1.72 0.61 0.36 -14.39 1.57 64.03 -3.414 0.000 0.000 -1.843 1.00 0.0000000000 0.0000000000 -0.7965315429 0.6045969742 True True True False
Pedestrian 0.07 0 -1 491.21 501.80 512.92 564.54 1.73 0.52 0.50 -13.96 1.59 67.66 1.337 0.000 0.000 2.908 1.00 0.0000000000 0.0000000000 0.9931799148 0.1165918388 True True True False
Pedestrian 0.00 0 -1 472.06 504.56 493.65 564.50 -1.00 -1.00 -1.00 -1000.00 -1000.00 -1000.00 -1.000 -1.000 -1.000 -1.000 1.00 -1000.0000000000 -1000.0000000000 -1000.0000000000 -1000.0000000000 True True False False
Pedestrian 0.00 1 -1 298.79 500.35 326.71 577.86 1.68 0.53 0.52 -15.06 1.52 52.52 -3.378 0.000 0.000 -1.807 1.00 0.0000000000 0.0000000000 -0.7854669698 0.6189035783 True False True False
Pedestrian 0.00 1 -1 252.17 490.75 282.75 580.20 1.95 0.50 0.58 -15.95 1.58 52.11 -3.376 0.000 0.000 -1.805 1.00 0.0000000000 0.0000000000 -0.7849078531 0.6196125097 True True True False
