PassengerCar 0.00 0 -1 604.99 490.80 790.70 625.18 1.51 1.84 3.90 -3.24 1.11 27.04 -1.554 -0.012 -0.000 0.017 1.00 -0.0058157374 -0.0001324519 0.0084381007 0.9999474777 True True True False
PassengerCar 0.00 0 -1 797.99 498.84 879.23 560.38 1.59 1.86 4.24 -3.79 1.06 59.90 -1.571 0.000 0.000 0.000 1.00 0.0000000000 0.0000000000 0.0000000000 1.0000000000 True True True False
PassengerCar 0.00 0 -1 939.28 506.42 1023.50 576.26 1.44 1.81 4.01 -0.12 1.18 51.06 -1.620 0.000 0.000 -0.049 1.00 0.0000000000 0.0000000000 -0.0246988794 0.9996949361 True True True False
PassengerCar 0.00 3 -1 928.71 507.22 989.71 555.16 1.51 1.86 4.04 -0.77 1.09 68.99 -1.654 0.000 0.000 -0.084 1.00 0.0000000000 0.0000000000 -0.0417938941 0.9991262535 True True True False
PassengerCar 0.00 0 -1 1168.11 502.94 1299.63 592.38 1.52 2.01 4.25 4.90 1.32 45.87 -1.185 -0.016 0.007 0.386 1.00 -0.0085373249 0.0016689787 0.1918529442 0.9813851315 True True True False
PassengerCar 0.00 0 -1 1376.34 511.02 1457.64 584.57 1.52 1.84 3.73 9.38 1.25 49.95 -1.393 0.000 0.000 0.178 1.00 0.0000000000 0.0000000000 0.0888558960 0.9960444918 True True True False
PassengerCar 0.00 2 -1 1261.00 513.58 1342.86 579.24 1.57 1.83 4.07 7.11 1.26 53.30 -1.421 0.000 0.000 0.149 1.00 0.0000000000 0.0000000000 0.0746171731 0.9972122530 True True True False
PassengerCar 0.00 2 -1 1333.07 507.33 1408.16 568.34 1.51 1.84 4.03 10.13 1.23 60.28 -1.473 0.000 0.000 0.098 1.00 0.0000000000 0.0000000000 0.0491031613 0.9987937122 True True True False
PassengerCar 0.54 1 -1 0.00 490.89 80.46 567.60 1.53 1.82 4.04 -18.03 0.87 42.88 1.561 0.000 0.000 3.132 1.00 0.0000000000 0.0000000000 0.9999881773 0.0048626433 True False True False
PassengerCar 0.00 1 -1 66.00 491.00 167.09 559.32 1.51 1.87 4.05 -19.05 0.78 50.67 1.435 0.000 0.000 3.006 1.00 0.0000000000 0.0000000000 0.9976908702 0.0679185365 True False True False
PassengerCar 0.00 2 -1 161.90 484.69 238.40 550.39 1.50 1.87 4.02 -19.63 0.78 56.34 1.446 0.000 0.000 3.017 1.00 0.0000000000 0.0000000000 0.9980537568 0.0623594302 True False True False
PassengerCar 0.00 3 -1 832.25 500.57 884.71 545.05 -1.00 -1.00 -1.00 -1000.00 -1000.00 -1000.00 -1.000 -1.000 -1.000 -1.000 1.00 -1000.0000000000 -1000.0000000000 -1000.0000000000 -1000.0000000000 True True False False
PassengerCar 0.00 3 -1 922.64 510.17 965.15 545.64 -1.00 -1.00 -1.00 -1000.00 -1000.00 -1000.00 -1.000 -1.000 -1.000 -1.000 1.00 -1000.0000000000 -1000.0000000000 -1000.0000000000 -1000.0000000000 True True False False
PassengerCar 0.00 1 -1 878.60 509.42 911.26 536.11 -1.00 -1.00 -1.00 -1000.00 -1000.00 -1000.00 -1.000 -1.000 -1.000 -1.000 1.00 -1000.0000000000 -1000.0000000000 -1000.0000000000 -1000.0000000000 True True False False
PassengerCar 0.00 1 -1 1110.70 507.82 1155.14 550.67 -1.00 -1.00 -1.00 -1000.00 -1000.00 -1000.00 -1.000 -1.000 -1.000 -1.000 1.00 -1000.0000000000 -1000.0000000000 -1000.0000000000 -1000.0000000000 True True False False
Vehicle 0.00 2 -1 254.70 479.66 336.26 537.99 1.91 1.97 4.39 -21.09 0.92 70.90 1.428 0.000 0.000 2.999 1.00 0.0000000000 0.0000000000 0.9974458282 0.0714270244 True True True True
Vehicle 0.00 2 -1 202.91 481.71 290.68 542.09 1.76 1.88 4.07 -20.30 0.80 63.12 1.406 0.000 0.000 2.977 1.00 0.0000000000 0.0000000000 0.9966235749 0.0821063329 True False True True
Obstacle 0.00 1 -1 1886.26 466.38 1920.00 598.23 -1.00 -1.00 -1.00 -1000.00 -1000.00 -1000.00 -1.000 -1.000 -1.000 -1.000 1.00 -1000.0000000000 -1000.0000000000 -1000.0000000000 -1000.0000000000 True False False False
Obstacle 0.00 0 -1 268.48 472.83 296.16 546.41 1.71 0.80 0.64 -15.84 0.81 52.15 1.477 0.000 0.000 3.048 1.00 0.0000000000 0.0000000000 0.9989082735 0.0467146788 True False True False
Pedestrian 0.00 0 -1 1467.77 420.46 1565.49 734.16 1.65 0.75 0.55 2.88 1.15 12.48 -3.138 0.000 0.000 -1.567 1.00 0.0000000000 0.0000000000 -0.7057066027 0.7085041926 True True True False
Pedestrian 0.00 2 -1 1365.88 497.52 1394.67 567.24 1.83 0.61 0.66 8.74 1.31 52.52 -1.441 0.000 0.000 0.130 1.00 0.0000000000 0.0000000000 0.0649417583 0.9978890560 True True True False
Pedestrian 0.00 1 -1 1658.92 488.91 1709.56 611.59 1.77 0.73 0.92 9.21 1.36 31.29 -4.410 0.000 0.000 -2.839 1.00 0.0000000000 0.0000000000 -0.9885673150 0.1507801835 True False True True
Pedestrian 0.00 3 -1 1717.96 489.87 1768.42 612.85 1.69 0.62 0.73 10.00 1.37 30.85 -4.410 0.000 0.000 -2.839 1.00 0.0000000000 0.0000000000 -0.9885636807 0.1508040095 True False True True
Pedestrian 0.00 2 -1 1834.26 466.20 1880.31 579.54 1.72 0.60 0.66 13.28 1.19 35.84 -4.431 0.000 0.000 -2.860 1.00 0.0000000000 0.0000000000 -0.9901191014 0.1402289739 True False True True
Pedestrian 0.00 2 -1 1608.54 480.36 1650.16 585.43 1.83 0.69 0.78 10.95 1.17 39.77 -4.412 0.000 0.000 -2.841 1.00 0.0000000000 0.0000000000 -0.9887577788 0.1495261008 True False True True
Pedestrian 0.00 1 -1 1580.27 486.22 1609.77 561.59 1.76 0.73 0.84 12.89 1.01 49.66 -4.539 0.000 0.000 -2.968 1.00 0.0000000000 0.0000000000 -0.9962518482 0.0865000283 True False True True
Pedestrian 0.00 3 -1 463.82 488.18 480.42 532.49 -1.00 -1.00 -1.00 -1000.00 -1000.00 -1000.00 -1.000 -1.000 -1.000 -1.000 1.00 -1000.0000000000 -1000.0000000000 -1000.0000000000 -1000.0000000000 True True False False
Pedestrian 0.00 2 -1 509.12 488.18 529.92 533.72 -1.00 -1.00 -1.00 -1000.00 -1000.00 -1000.00 -1.000 -1.000 -1.000 -1.000 1.00 -1000.0000000000 -1000.0000000000 -1000.0000000000 -1000.0000000000 True True False False
