PassengerCar 0.00 0 -1 1259.48 516.98 1437.41 642.74 1.40 1.92 4.22 4.19 1.50 27.40 -1.482 0.000 0.002 0.089 1.00 0.0001869351 0.0008592323 0.0442855277 0.9990185278 True True True False
PassengerCar 0.00 0 -1 1010.95 516.72 1187.89 655.78 1.39 1.86 4.21 1.22 1.49 25.42 -1.483 0.000 0.000 0.088 1.00 0.0000000000 0.0000000000 0.0439039636 0.9990357561 True True True False
PassengerCar 0.00 3 -1 1074.17 512.63 1196.17 611.39 1.60 1.82 4.12 2.49 1.69 40.09 -1.495 0.000 0.000 0.076 1.00 0.0000000000 0.0000000000 0.0380075041 0.9992774538 True True True False
PassengerCar 0.00 1 -1 1165.83 530.51 1240.98 590.00 1.38 1.79 4.21 5.08 1.94 56.51 -1.422 0.000 0.000 0.148 1.00 0.0000000000 0.0000000000 0.0740934391 0.9972513035 True True True False
PassengerCar 0.00 2 -1 1206.14 525.32 1264.19 576.62 1.42 1.78 4.05 7.31 1.99 70.96 -1.428 0.000 0.000 0.142 1.00 0.0000000000 0.0000000000 0.0711012600 0.9974691027 True True True False
PassengerCar 0.00 2 -1 1245.71 525.10 1327.94 558.54 -1.00 -1.00 -1.00 -1000.00 -1000.00 -1000.00 -1.000 -1.000 -1.000 -1.000 1.00 -1000.0000000000 -1000.0000000000 -1000.0000000000 -1000.0000000000 True True False False
DontCare 0.57 -1 -1 0.00 558.89 166.11 701.81 1.31 1.74 4.19 -9.35 1.82 22.05 -1.476 0.000 0.000 0.095 1.00 0.0000000000 0.0000000000 0.0475212025 0.9988702295 False False False False
DontCare 0.00 -1 -1 26.29 550.59 258.83 673.72 1.59 1.82 4.13 -11.70 2.21 32.29 -4.620 0.000 0.000 -3.050 1.00 0.0000000000 0.0000000000 -0.9989406867 0.0460163508 False False False False
DontCare 0.00 -1 -1 220.88 535.43 462.34 674.62 1.50 2.13 4.82 -8.56 1.96 31.53 -4.603 0.018 0.007 -3.032 1.00 0.0040166454 -0.0085781947 -0.9984682314 0.0545112108 False False False False
DontCare 0.00 -1 -1 626.34 540.55 739.00 610.89 1.50 1.81 4.03 -6.07 2.12 49.57 -4.470 0.000 0.000 -2.899 1.00 0.0000000000 0.0000000000 -0.9926517767 0.1210059923 False False False False
DontCare 0.00 -1 -1 416.43 522.70 606.78 616.22 1.50 1.84 7.90 -10.01 2.18 51.02 -1.435 0.000 0.000 0.136 1.00 0.0000000000 0.0000000000 0.0679727388 0.9976871788 False False False False
DontCare 0.00 -1 -1 884.37 533.86 952.46 590.48 1.41 1.83 4.26 -2.13 2.40 71.67 -4.685 0.000 0.000 -3.114 1.00 0.0000000000 0.0000000000 -0.9999056327 0.0137377507 False False False False
DontCare 0.00 -1 -1 0.00 523.77 214.24 642.23 1.52 2.14 5.72 -15.71 1.80 41.50 -2.129 0.000 0.000 -0.559 1.00 0.0000000000 0.0000000000 -0.2756373582 0.9612616953 False False False False
Obstacle 0.00 0 -1 1627.74 502.42 1648.23 555.48 -1.00 -1.00 -1.00 -1000.00 -1000.00 -1000.00 -1.000 -1.000 -1.000 -1.000 1.00 -1000.0000000000 -1000.0000000000 -1000.0000000000 -1000.0000000000 True False False True
Obstacle 0.00 0 -1 1603.36 504.05 1618.50 545.92 -1.00 -1.00 -1.00 -1000.00 -1000.00 -1000.00 -1.000 -1.000 -1.000 -1.000 1.00 -1000.0000000000 -1000.0000000000 -1000.0000000000 -1000.0000000000 True False False True
Obstacle 0.00 0 -1 1736.61 500.11 1755.55 551.40 -1.00 -1.00 -1.00 -1000.00 -1000.00 -1000.00 -1.000 -1.000 -1.000 -1.000 1.00 -1000.0000000000 -1000.0000000000 -1000.0000000000 -1000.0000000000 True False False True
Obstacle 0.00 0 -1 1754.95 496.81 1774.06 551.18 -1.00 -1.00 -1.00 -1000.00 -1000.00 -1000.00 -1.000 -1.000 -1.000 -1.000 1.00 -1000.0000000000 -1000.0000000000 -1000.0000000000 -1000.0000000000 True False False True
Obstacle 0.00 0 -1 1773.39 497.13 1793.79 551.50 -1.00 -1.00 -1.00 -1000.00 -1000.00 -1000.00 -1.000 -1.000 -1.000 -1.000 1.00 -1000.0000000000 -1000.0000000000 -1000.0000000000 -1000.0000000000 True False False True
