PassengerCar 0.00 1 -1 1202.07 519.98 1356.46 577.18 1.46 1.77 4.02 7.81 1.80 64.16 -0.385 0.026 -0.017 1.186 1.00 0.0156595204 0.0001318008 0.5586709288 0.8292415543 True True True False
PassengerCar 0.58 1 -1 1807.95 507.33 1920.00 598.03 1.41 1.82 4.08 16.17 1.40 40.01 -3.578 0.008 0.003 -2.007 1.00 0.0037140075 -0.0025936308 -0.8434467958 0.5371936168 True False True False
PassengerCar 0.00 1 -1 1139.52 518.09 1200.44 546.26 -1.00 -1.00 -1.00 -1000.00 -1000.00 -1000.00 -1.000 -1.000 -1.000 -1.000 1.00 -1000.0000000000 -1000.0000000000 -1000.0000000000 -1000.0000000000 True True False False
Vehicle 0.00 2 -1 1130.84 500.85 1207.74 546.22 -1.00 -1.00 -1.00 -1000.00 -1000.00 -1000.00 -1.000 -1.000 -1.000 -1.000 1.00 -1000.0000000000 -1000.0000000000 -1000.0000000000 -1000.0000000000 True True False False
Vehicle 0.16 3 -1 1807.24 516.28 1920.00 595.08 1.39 1.80 4.20 15.53 1.57 43.24 -3.587 0.000 0.000 -2.016 1.00 0.0000000000 0.0000000000 -0.8456978896 0.5336619525 True False True True
Vehicle 0.00 3 -1 1734.00 509.00 1914.00 578.00 1.41 1.80 4.20 17.62 1.44 49.52 -3.888 0.000 0.000 -2.317 1.00 0.0000000000 0.0000000000 -0.9162449395 0.4006185354 True False True True
LargeVehicle 0.00 0 -1 776.80 444.21 996.20 581.54 3.66 2.62 13.20 -2.70 1.92 68.18 -1.319 0.022 -0.005 0.252 1.00 0.0111807307 -0.0010215289 0.1255134721 0.9920283847 True True True False
LargeVehicle 0.00 1 -1 949.48 454.90 1104.05 564.67 3.47 2.93 11.93 1.37 1.84 82.32 -1.297 0.044 -0.016 0.273 1.00 0.0228610535 -0.0050522238 0.1363847293 0.9903792470 True True True False
Pedestrian 0.00 0 -1 1569.79 376.12 1779.33 878.59 1.69 0.60 0.42 2.41 1.25 8.15 -3.981 0.017 0.036 -2.410 1.00 0.0200396675 -0.0014536425 -0.9336662841 0.3575801568 True False True False
Pedestrian 0.00 1 -1 1683.50 390.95 1794.89 723.14 1.79 0.60 0.52 4.26 1.17 13.07 -4.185 0.010 0.022 -2.614 1.00 0.0119991945 -0.0018523982 -0.9653558465 0.2606543258 True False True False
Pedestrian 0.00 1 -1 1464.86 434.77 1663.91 795.09 1.58 0.73 0.49 2.59 1.24 10.52 -3.747 -0.020 0.027 -2.176 1.00 0.0073908763 0.0152554610 -0.8855015549 0.4643270854 True True True False
Pedestrian 0.00 2 -1 1414.31 449.90 1518.07 777.57 1.63 0.41 0.41 2.45 1.33 12.01 -3.294 0.000 0.000 -1.723 1.00 0.0000000000 0.0000000000 -0.7589120640 0.6511931197 True True True False
Pedestrian 0.00 2 -1 1368.07 428.18 1469.47 762.42 1.72 0.55 0.50 2.25 1.30 12.47 -3.282 0.002 -0.001 -1.711 1.00 0.0000480833 -0.0011771870 -0.7549931117 0.6557316625 True True True False
Pedestrian 0.00 2 -1 1347.83 418.09 1428.87 732.88 1.72 0.60 0.46 2.38 1.21 13.89 -3.120 0.001 0.018 -1.549 1.00 0.0067413949 0.0062168313 -0.6994596122 0.7146132909 True True True False
