PassengerCar 0.00 0 -1 527.30 506.46 676.19 581.62 1.52 1.83 4.08 -8.78 1.55 49.78 -4.414 0.020 -0.006 -2.843 1.00 -0.0015338136 -0.0102077645 -0.9888460013 0.1485834270 True True True True
PassengerCar 0.00 0 -1 744.24 506.06 874.50 570.49 1.53 1.92 4.38 -4.77 1.42 51.85 -4.474 -0.010 -0.006 -2.903 1.00 -0.0034627808 0.0047978862 -0.9928923468 0.1188687388 True True True True
PassengerCar 0.00 0 -1 1054.01 507.46 1120.98 555.86 1.43 1.82 4.22 2.38 1.47 73.90 -4.536 0.007 0.021 -2.965 1.00 0.0106633187 -0.0024600141 -0.9960592278 0.0880128207 True True True False
PassengerCar 0.00 1 -1 1156.67 502.32 1219.62 550.38 -1.00 -1.00 -1.00 -1000.00 -1000.00 -1000.00 -1.000 -1.000 -1.000 -1.000 1.00 -1000.0000000000 -1000.0000000000 -1000.0000000000 -1000.0000000000 True True False False
PassengerCar 0.00 2 -1 893.52 514.22 960.38 560.01 -1.00 -1.00 -1.00 -1000.00 -1000.00 -1000.00 -1.000 -1.000 -1.000 -1.000 1.00 -1000.0000000000 -1000.0000000000 -1000.0000000000 -1000.0000000000 True True False False
PassengerCar 0.00 0 -1 1227.75 509.85 1312.15 544.42 -1.00 -1.00 -1.00 -1000.00 -1000.00 -1000.00 -1.000 -1.000 -1.000 -1.000 1.00 -1000.0000000000 -1000.0000000000 -1000.0000000000 -1000.0000000000 True True False False
PassengerCar 0.00 2 -1 1113.80 504.48 1182.42 550.62 -1.00 -1.00 -1.00 -1000.00 -1000.00 -1000.00 -1.000 -1.000 -1.000 -1.000 1.00 -1000.0000000000 -1000.0000000000 -1000.0000000000 -1000.0000000000 True True False True
Vehicle 0.00 1 -1 946.13 515.20 1000.18 555.22 -1.00 -1.00 -1.00 -1000.00 -1000.00 -1000.00 -1.000 -1.000 -1.000 -1.000 1.00 -1000.0000000000 -1000.0000000000 -1000.0000000000 -1000.0000000000 True True False True
LargeVehicle 0.00 1 -1 1413.61 491.37 1454.95 541.97 -1.00 -1.00 -1.00 -1000.00 -1000.00 -1000.00 -1.000 -1.000 -1.000 -1.000 1.00 -1000.0000000000 -1000.0000000000 -1000.0000000000 -1000.0000000000 True True False True
Pedestrian 0.05 2 -1 621.75 499.65 648.56 566.55 2.02 0.77 0.44 -11.10 1.80 73.99 -0.859 0.000 0.000 0.712 1.00 0.0000000000 0.0000000000 0.3484112538 0.9373417724 False True False True
Pedestrian_is_group 0.00 2 -1 647.32 498.36 691.12 565.57 2.09 1.22 1.00 -10.39 1.76 75.30 0.852 0.000 0.000 2.423 1.00 0.0000000000 0.0000000000 0.9360682122 0.3518185643 False True False False
