PassengerCar 0.94 0 -1 1765.52 414.85 1920.00 982.80 1.57 1.84 4.09 3.62 1.34 5.99 -1.571 -0.067 -0.005 0.000 1.00 -0.0333845298 -0.0024728806 -0.0000826023 0.9994395185 True False True False
PassengerCar 0.17 1 -1 1400.98 492.08 1906.68 787.81 1.37 1.90 4.58 3.46 1.34 12.40 -1.577 -0.049 0.004 -0.007 1.00 -0.0244191813 0.0019321187 -0.0032298553 0.9996947227 True True True False
PassengerCar 0.00 2 -1 1267.43 497.62 1572.45 702.53 1.42 1.59 4.21 3.40 1.39 19.26 -1.588 -0.049 0.001 -0.017 1.00 -0.0243551609 0.0009358042 -0.0083612199 0.9996679651 True True True False
PassengerCar 0.00 2 -1 1220.25 497.59 1427.67 645.56 1.38 1.83 4.42 3.58 1.32 25.15 -1.577 0.021 0.003 -0.006 1.00 0.0103191761 0.0016568479 -0.0030381739 0.9999407677 True True True False
PassengerCar 0.00 2 -1 1168.39 502.72 1323.76 620.65 1.47 1.85 4.25 3.50 1.46 31.73 -1.576 -0.036 -0.000 -0.005 1.00 -0.0179953397 -0.0000463661 -0.0025761348 0.9998347509 True True True False
PassengerCar 0.00 3 -1 1142.39 512.09 1279.13 610.36 1.54 1.97 4.20 3.70 1.61 38.60 -1.571 -0.042 0.000 0.000 1.00 -0.0211318793 0.0000000000 0.0000000000 0.9997766969 True True True False
PassengerCar 0.00 0 -1 838.27 543.72 924.74 600.97 1.45 1.91 4.20 -2.23 1.97 51.26 1.515 0.000 0.000 3.085 1.00 0.0000000000 0.0000000000 0.9996055068 0.0280861309 True True True True
PassengerCar 0.00 1 -1 711.01 519.46 821.02 607.10 1.59 1.99 4.20 -4.31 1.79 45.06 1.449 -0.017 0.001 3.020 1.00 -0.0011132072 -0.0083370040 0.9981105791 0.0608648263 True True True False
PassengerCar 0.00 1 -1 605.39 517.39 709.34 596.88 1.87 1.92 4.63 -8.17 2.20 57.82 1.242 -0.064 -0.037 2.813 1.00 0.0127935244 -0.0346608347 0.9857618148 0.1640384005 True True True False
PassengerCar 0.00 3 -1 670.53 534.21 763.24 603.23 1.39 1.86 4.12 -6.06 1.98 52.69 1.379 -0.097 -0.019 2.950 1.00 0.0047545121 -0.0492676732 0.9941557565 0.0959396830 True True True False
PassengerCar 0.00 3 -1 757.88 542.04 908.81 591.36 1.50 1.80 4.20 -4.56 2.28 69.19 -3.356 0.000 0.000 -1.786 1.00 0.0000000000 0.0000000000 -0.7788013480 0.6272706436 True True True True
Obstacle 0.00 3 -1 1699.90 475.02 1749.29 602.69 1.64 0.55 0.44 9.32 1.20 29.60 -1.571 0.000 0.000 0.000 1.00 0.0000000000 0.0000000000 0.0000000000 1.0000000000 True False True False
Pedestrian 0.00 2 -1 548.15 510.82 580.32 593.54 1.81 0.63 0.45 -9.33 1.88 51.88 1.559 0.000 0.000 3.130 1.00 0.0000000000 0.0000000000 0.9999825300 0.0059109848 True True True False
Pedestrian 0.00 3 -1 1754.62 470.40 1807.60 607.15 1.66 0.57 0.47 9.83 1.20 29.16 1.539 0.000 0.000 3.110 1.00 0.0000000000 0.0000000000 0.9998756009 0.0157728496 True False True True
