PassengerCar 0.00 0 -1 399.28 462.35 988.01 880.61 1.45 1.53 2.49 -1.05 1.36 9.42 -1.336 0.046 -0.043 0.235 1.00 0.0255104821 -0.0184382144 0.1177642533 0.9925426077 True True True False
PassengerCar 0.00 1 -1 717.82 466.96 1195.48 782.91 1.56 1.58 3.35 -0.03 1.42 13.20 -1.230 0.033 -0.023 0.341 1.00 0.0181997337 -0.0087517255 0.1699446604 0.9852466642 True True True False
PassengerCar 0.00 1 -1 995.63 530.74 1295.87 728.07 1.34 1.64 4.02 1.33 1.56 18.19 -1.336 0.016 -0.019 0.235 1.00 0.0092628837 -0.0082234747 0.1171313210 0.9930391871 True True True False
PassengerCar 0.00 2 -1 1148.50 535.76 1348.77 692.49 1.36 1.42 3.17 2.59 1.64 22.78 -1.291 -0.002 -0.007 0.280 1.00 -0.0005087689 -0.0034321987 0.1393402633 0.9902384825 True True True False
PassengerCar 0.00 1 -1 1242.23 538.92 1423.28 666.86 1.37 1.73 3.92 3.95 1.75 27.51 -1.255 -0.005 -0.014 0.316 1.00 -0.0012840390 -0.0071334265 0.1571805985 0.9875432775 True True True False
PassengerCar 0.00 3 -1 1284.52 542.84 1429.71 653.28 1.47 1.43 3.59 5.29 1.97 33.50 -1.242 -0.003 -0.009 0.329 1.00 -0.0007431750 -0.0045092488 0.1635229205 0.9865289498 True True True False
PassengerCar 0.00 1 -1 1356.45 535.17 1475.25 633.71 1.61 1.61 3.75 7.30 2.12 40.19 -1.276 0.006 -0.037 0.295 1.00 0.0055147200 -0.0176312465 0.1469898936 0.9889654687 True True True False
PassengerCar 0.00 2 -1 1396.73 548.43 1503.24 628.48 1.45 1.55 3.30 8.77 2.22 44.56 -1.243 -0.005 -0.014 0.328 1.00 -0.0015421960 -0.0071959727 0.1633214091 0.9865454662 True True True False
PassengerCar 0.00 2 -1 1453.12 555.46 1525.08 622.17 -1.00 -1.00 -1.00 -1000.00 -1000.00 -1000.00 -1.000 -1.000 -1.000 -1.000 1.00 -1000.0000000000 -1000.0000000000 -1000.0000000000 -1000.0000000000 True True False False
PassengerCar 0.00 2 -1 1485.72 555.32 1551.05 616.28 1.46 1.58 3.79 12.70 2.56 56.10 -1.212 0.028 -0.010 0.358 1.00 0.0144710045 -0.0026219926 0.1782672152 0.9838722047 True True True False
Obstacle 0.00 3 -1 1784.00 519.00 1818.00 615.00 1.54 0.47 0.47 13.27 1.74 38.44 -1.362 0.000 0.000 0.208 1.00 0.0000000000 0.0000000000 0.1040188953 0.9945753211 False False True True
Obstacle 0.00 3 -1 1770.00 519.00 1799.00 619.00 1.54 0.41 0.46 12.44 1.73 36.80 -1.271 0.000 0.000 0.300 1.00 0.0000000000 0.0000000000 0.1493066883 0.9887909348 False False True True
Obstacle 0.00 2 -1 1674.59 539.96 1699.61 608.68 -1.00 -1.00 -1.00 -1000.00 -1000.00 -1000.00 -1.000 -1.000 -1.000 -1.000 1.00 -1000.0000000000 -1000.0000000000 -1000.0000000000 -1000.0000000000 True False False False
Pedestrian 0.00 1 -1 1714.00 501.80 1767.16 624.37 1.72 0.63 0.48 10.78 1.65 33.76 -1.313 0.038 -0.010 0.257 1.00 0.0192660940 -0.0024961185 0.1284620394 0.9915241255 True False True True
Pedestrian 0.00 1 -1 1753.15 508.24 1795.95 618.66 1.62 0.51 0.36 11.71 1.63 35.08 -1.302 0.041 -0.012 0.269 1.00 0.0213880046 -0.0033633678 0.1342390725 0.9907124267 True False True True
Pedestrian 0.00 0 -1 1786.78 503.63 1830.21 621.41 1.74 0.52 0.65 12.31 1.68 35.34 -1.288 0.032 -0.009 0.283 1.00 0.0166732953 -0.0023738057 0.1409303858 0.9898762512 True False True True
Pedestrian 0.00 0 -1 1556.98 542.17 1585.57 618.60 1.81 0.64 0.60 14.13 2.66 57.18 -2.906 0.000 0.000 -1.336 1.00 0.0000000000 0.0000000000 -0.6192340272 0.7852064821 True True True True
Pedestrian 0.00 0 -1 1617.43 548.03 1643.87 614.38 1.67 0.51 0.60 15.50 2.60 57.11 -2.933 0.000 0.000 -1.362 1.00 0.0000000000 0.0000000000 -0.6296168644 0.7769057884 True False True True
Pedestrian 0.72 0 -1 0.00 367.00 67.32 928.49 1.80 0.56 0.51 -3.47 1.36 7.86 -2.489 0.003 0.004 -0.918 1.00 0.0021068641 0.0009526322 -0.4432539247 0.8963931123 True False True True
