PassengerCar 0.00 0 -1 591.92 507.59 819.63 688.03 1.46 1.76 4.12 -2.51 1.46 20.48 -1.737 -0.010 0.004 -0.166 1.00 -0.0049470379 0.0024443882 -0.0827493024 0.9965551188 True True True False
PassengerCar 0.00 2 -1 568.82 549.90 640.34 606.31 1.53 1.86 4.21 -10.90 2.71 66.96 -1.754 0.047 -0.015 -0.183 1.00 0.0228263136 -0.0094636388 -0.0913379353 0.9955133251 True True True False
PassengerCar 0.00 2 -1 908.94 513.05 1207.98 661.85 1.42 1.79 3.83 0.94 1.48 24.91 -0.913 -0.023 0.006 0.657 1.00 -0.0119284091 -0.0008075928 0.3228002139 0.9463916117 True True True False
PassengerCar 0.00 3 -1 863.92 534.01 1107.89 642.55 1.35 1.57 3.17 0.01 1.70 31.31 -0.872 0.000 0.000 0.698 1.00 0.0000000000 0.0000000000 0.3421634731 0.9396404406 True True True False
PassengerCar 0.00 3 -1 825.04 540.97 1054.55 637.12 1.29 1.86 2.89 -0.67 1.77 33.81 -0.883 0.000 0.000 0.688 1.00 0.0000000000 0.0000000000 0.3370262570 0.9414952481 True True True False
PassengerCar 0.00 3 -1 793.89 538.93 1007.11 629.44 1.43 1.85 3.29 -1.45 1.97 39.77 -0.855 0.000 0.000 0.715 1.00 0.0000000000 0.0000000000 0.3500830523 0.9367186646 True True False True
PassengerCar 0.00 2 -1 136.09 498.23 518.80 653.66 1.45 1.74 3.69 -6.70 1.40 24.25 -2.725 -0.006 -0.021 -1.155 1.00 -0.0079062541 -0.0070936366 -0.5457565035 0.8378764887 True True True False
PassengerCar 0.00 3 -1 283.65 520.32 544.51 628.88 1.46 1.93 3.68 -7.48 1.59 29.67 -2.750 0.000 0.000 -1.179 1.00 0.0000000000 0.0000000000 -0.5558555730 0.8312788834 True True True False
DontCare 0.00 -1 -1 214.82 525.74 519.11 652.92 1.34 1.68 2.93 -7.07 1.56 26.84 -2.725 -0.011 0.006 -1.155 1.00 -0.0030588933 0.0054982843 -0.5457587040 0.8379187604 False False False False
Vehicle 0.00 3 -1 297.97 523.99 548.13 616.19 1.71 1.85 4.31 -10.94 1.95 45.23 -2.876 0.000 0.000 -1.305 1.00 0.0000000000 0.0000000000 -0.6071773936 0.7945663048 True False True True
Vehicle 0.00 3 -1 603.34 533.69 713.47 626.65 1.24 1.75 4.26 -5.15 1.67 36.35 -1.758 0.000 0.000 -0.188 1.00 0.0000000000 0.0000000000 -0.0936332501 0.9956067569 False False True True
Pedestrian 0.00 0 -1 1223.83 410.30 1467.93 846.84 1.73 0.65 0.82 1.43 1.35 9.46 -3.430 -0.024 0.048 -1.859 1.00 0.0121131794 0.0240479660 -0.8009948927 0.5980653376 True True True False
Pedestrian 0.00 2 -1 1210.52 467.18 1328.01 789.87 1.53 0.43 0.52 1.36 1.34 11.97 -3.318 0.000 0.000 -1.747 1.00 0.0000000000 0.0000000000 -0.7665117031 0.6422303395 True True True False
Pedestrian 0.00 1 -1 1110.44 463.69 1253.00 771.40 1.56 0.63 0.58 1.09 1.34 12.55 -3.398 -0.005 0.019 -1.827 1.00 0.0060107482 0.0077868597 -0.7915599379 0.6110123571 True True True False
Pedestrian 0.00 3 -1 1261.83 464.35 1391.68 825.65 1.50 0.56 0.57 1.35 1.33 10.12 -3.415 0.002 -0.001 -1.845 1.00 0.0004426349 -0.0010586771 -0.7969823454 0.6040015102 False False True True
Pedestrian 0.00 3 -1 1396.92 478.03 1454.32 629.09 1.58 0.65 0.40 4.66 1.26 24.80 -4.674 0.000 0.000 -3.103 1.00 0.0000000000 0.0000000000 -0.9998151191 0.0192283027 True True True False
Pedestrian 0.00 3 -1 1178.87 479.44 1242.53 651.95 1.66 0.49 0.71 2.20 1.33 23.01 -1.674 -0.001 0.006 -0.103 1.00 -0.0001664275 0.0032368731 -0.0513480308 0.9986755603 True True True False
Pedestrian 0.00 3 -1 1136.57 506.98 1175.54 609.50 1.50 0.48 0.49 2.48 1.49 34.74 1.446 0.000 0.000 3.017 1.00 0.0000000000 0.0000000000 0.9980501252 0.0624175268 True False True False
Pedestrian 0.00 1 -1 851.04 507.45 881.48 633.43 1.66 0.42 0.40 -1.62 1.66 31.31 -3.210 0.000 0.000 -1.639 1.00 0.0000000000 0.0000000000 -0.7307797736 0.6826133038 True True True False
Pedestrian 0.11 0 -1 0.00 425.24 202.99 763.71 1.69 0.67 0.90 -4.46 1.29 11.79 0.302 -0.011 0.024 1.873 1.00 -0.0126459419 0.0027866431 0.8054523514 0.5925190498 True False True False
Pedestrian 0.64 0 -1 0.00 422.49 51.37 772.03 1.68 0.53 0.50 -4.80 1.21 11.20 0.046 -0.011 0.021 1.617 1.00 -0.0110563383 0.0032683923 0.7231733181 0.6905703635 True False True False
Pedestrian 0.07 3 -1 0.00 424.83 42.23 769.93 3.61 0.56 0.40 -10.27 2.74 24.99 -0.322 0.000 0.000 1.249 1.00 0.0000000000 0.0000000000 0.5845574073 0.8113523510 True False True False
Pedestrian 0.00 0 -1 551.82 563.28 565.84 594.40 -1.00 -1.00 -1.00 -1000.00 -1000.00 -1000.00 -1.000 -1.000 -1.000 -1.000 1.00 -1000.0000000000 -1000.0000000000 -1000.0000000000 -1000.0000000000 True False False True
