PassengerCar 0.97 0 -1 0.00 364.46 264.21 1024.00 1.55 2.01 4.20 -3.06 1.26 4.19 -4.644 0.009 -0.001 -3.073 1.00 -0.0001632270 -0.0047376218 -0.9993957818 0.0344325383 True False True False
PassengerCar 0.51 0 -1 1427.78 489.50 1920.00 906.85 1.30 1.83 4.38 3.00 1.26 8.66 -1.598 -0.000 0.000 -0.027 1.00 -0.0000032125 0.0002350234 -0.0136676102 0.9999065662 True True True False
PassengerCar 0.00 1 -1 1295.58 480.01 1680.24 754.45 1.48 1.58 3.72 2.88 1.37 14.11 -1.598 0.001 -0.013 -0.027 1.00 0.0002162892 -0.0065323156 -0.0134529700 0.9998881436 True True True False
PassengerCar 0.00 2 -1 1194.58 514.40 1401.93 677.56 1.38 1.59 2.92 2.93 1.46 21.59 -1.622 0.000 -0.008 -0.051 1.00 0.0001051592 -0.0041463809 -0.0253533200 0.9996699483 True True True False
PassengerCar 0.00 1 -1 1141.36 518.07 1286.69 626.75 1.37 1.66 3.64 2.99 1.56 31.05 -1.594 0.001 -0.030 -0.023 1.00 0.0004222021 -0.0150997670 -0.0113513339 0.9998214671 True True True False
PassengerCar 0.00 1 -1 1112.11 485.72 1260.97 612.65 1.80 1.86 3.97 3.08 1.51 35.42 -1.618 0.000 0.000 -0.047 1.00 0.0000000000 0.0000000000 -0.0235868783 0.9997217909 True True True False
PassengerCar 0.00 3 -1 1097.64 515.70 1222.61 605.45 1.49 1.73 3.71 3.02 1.66 42.18 -1.624 0.000 0.000 -0.054 1.00 0.0000000000 0.0000000000 -0.0267954793 0.9996409367 True True True False
PassengerCar 0.00 3 -1 1078.37 522.29 1175.21 594.50 1.42 1.69 3.62 2.78 1.71 48.08 -1.634 0.000 0.000 -0.063 1.00 0.0000000000 0.0000000000 -0.0316934930 0.9994976351 True True True False
PassengerCar 0.00 1 -1 1039.45 492.17 1136.58 582.36 2.05 1.95 4.29 2.32 1.67 55.71 -1.610 -0.000 0.014 -0.039 1.00 -0.0000253724 0.0068828873 -0.0196966213 0.9997823105 True True True False
PassengerCar 0.00 0 -1 452.96 526.41 749.85 747.95 1.35 1.67 4.06 -2.70 1.52 17.33 1.522 0.043 0.001 3.093 1.00 -0.0002268090 0.0215535790 0.9994754881 0.0241690002 True True True True
PassengerCar 0.00 2 -1 411.33 542.74 615.79 689.57 1.44 1.53 3.93 -5.00 1.81 25.32 1.557 0.019 0.000 3.128 1.00 -0.0000657147 0.0094100565 0.9999313399 0.0069829746 True True True False
PassengerCar 0.00 3 -1 594.68 539.79 728.71 640.78 1.44 1.57 3.53 -5.12 1.98 37.29 -4.712 0.040 -0.000 -3.141 1.00 -0.0000076023 -0.0199734350 -0.9998004375 0.0003833240 False False True False
PassengerCar 0.00 3 -1 647.61 530.94 756.01 614.75 1.50 1.62 3.47 -5.07 1.95 41.68 1.557 0.044 0.002 3.128 1.00 -0.0007160682 0.0221994186 0.9997292326 0.0069379007 True True True False
PassengerCar 0.00 1 -1 689.22 514.62 788.31 604.97 1.72 1.54 3.64 -5.11 1.86 48.43 1.566 0.051 0.002 3.137 1.00 -0.0009653430 0.0255148366 0.9996715262 0.0022137988 True True True False
PassengerCar 0.00 2 -1 728.37 539.61 830.88 593.44 -1.00 -1.00 -1.00 -1000.00 -1000.00 -1000.00 -1.000 -1.000 -1.000 -1.000 1.00 -1000.0000000000 -1000.0000000000 -1000.0000000000 -1000.0000000000 True True False False
DontCare 0.00 -1 -1 823.74 533.31 842.96 572.73 -1.00 -1.00 -1.00 -1000.00 -1000.00 -1000.00 -1.000 -1.000 -1.000 -1.000 1.00 -1000.0000000000 -1000.0000000000 -1000.0000000000 -1000.0000000000 False False False False
DontCare 0.00 -1 -1 847.23 534.95 864.01 570.61 -1.00 -1.00 -1.00 -1000.00 -1000.00 -1000.00 -1.000 -1.000 -1.000 -1.000 1.00 -1000.0000000000 -1000.0000000000 -1000.0000000000 -1000.0000000000 False False False False
DontCare 0.00 -1 -1 171.06 582.53 364.38 753.20 1.16 0.83 1.79 -5.15 1.68 16.96 -4.707 0.000 0.000 -3.136 1.00 0.0000000000 0.0000000000 -0.9999963439 0.0027041016 False False False False
