PassengerCar 0.00 0 -1 478.24 495.55 785.23 673.93 1.32 1.90 4.05 -2.93 1.26 19.48 -4.649 0.000 0.000 -3.078 1.00 0.0000000000 0.0000000000 -0.9994903116 0.0319236130 True True True False
PassengerCar 0.00 2 -1 1221.46 493.42 1322.57 576.59 1.50 1.81 4.37 5.62 1.23 45.57 -1.605 0.000 0.000 -0.034 1.00 0.0000000000 0.0000000000 -0.0169846239 0.9998557509 True True True False
PassengerCar 0.00 3 -1 1204.93 503.66 1300.29 572.92 1.49 1.79 3.82 5.67 1.38 50.09 -1.596 0.000 0.000 -0.025 1.00 0.0000000000 0.0000000000 -0.0124182829 0.9999228902 True True True False
PassengerCar 0.00 3 -1 1177.01 489.91 1273.11 567.84 1.74 1.91 4.21 5.46 1.33 54.75 -1.571 0.000 0.000 0.000 1.00 0.0000000000 0.0000000000 0.0000000000 1.0000000000 True True True False
PassengerCar 0.00 0 -1 1108.33 497.90 1176.35 549.80 -1.00 -1.00 -1.00 -1000.00 -1000.00 -1000.00 -1.000 -1.000 -1.000 -1.000 1.00 -1000.0000000000 -1000.0000000000 -1000.0000000000 -1000.0000000000 True True False False
PassengerCar 0.00 0 -1 1068.01 509.19 1117.91 548.69 -1.00 -1.00 -1.00 -1000.00 -1000.00 -1000.00 -1.000 -1.000 -1.000 -1.000 1.00 -1000.0000000000 -1000.0000000000 -1000.0000000000 -1000.0000000000 True True False False
PassengerCar 0.00 2 -1 877.93 511.44 939.04 557.25 -1.00 -1.00 -1.00 -1000.00 -1000.00 -1000.00 -1.000 -1.000 -1.000 -1.000 1.00 -1000.0000000000 -1000.0000000000 -1000.0000000000 -1000.0000000000 True True False False
PassengerCar 1.00 0 -1 1822.05 103.32 1920.00 1024.00 1.23 2.00 4.47 2.85 1.07 3.32 -1.507 0.000 0.000 0.064 1.00 0.0000000000 0.0000000000 0.0317501107 0.9994958381 True False True False
PassengerCar 0.00 0 -1 841.49 509.33 919.33 568.57 1.50 1.80 3.70 -2.79 1.67 61.73 -4.693 0.000 0.000 -3.123 1.00 0.0000000000 0.0000000000 -0.9999551201 0.0094740538 True True True False
Pedestrian 0.00 0 -1 1544.69 459.42 1582.98 585.33 1.67 0.58 0.34 7.69 1.02 31.49 -0.058 0.000 0.000 1.513 1.00 0.0000000000 0.0000000000 0.6863627369 0.7272593715 True True True False
Pedestrian 0.00 2 -1 1490.85 460.09 1538.17 586.69 1.68 0.48 0.58 7.06 1.05 31.61 -1.622 0.000 0.000 -0.051 1.00 0.0000000000 0.0000000000 -0.0254575563 0.9996759039 True False True False
Pedestrian 0.00 1 -1 729.31 497.17 755.53 574.45 1.71 0.53 0.51 -5.48 1.47 52.52 -1.571 0.000 0.000 0.000 1.00 0.0000000000 0.0000000000 0.0000000000 1.0000000000 True True True False
Pedestrian 0.00 0 -1 752.77 504.92 778.67 579.07 1.64 0.52 0.53 -4.91 1.52 52.26 -1.571 0.000 0.000 0.000 1.00 0.0000000000 0.0000000000 0.0000000000 1.0000000000 True True True False
