PassengerCar 0.91 0 -1 0.00 543.46 75.52 820.00 1.52 2.19 4.51 -5.15 1.31 8.85 -1.571 0.000 0.000 0.000 1.00 0.0000000000 0.0000000000 0.0000000000 1.0000000000 True False True True
PassengerCar 0.00 0 -1 452.38 473.43 640.72 619.74 1.95 1.92 4.32 -5.78 1.18 30.63 -4.700 0.000 0.000 -3.129 1.00 0.0000000000 0.0000000000 -0.9999803986 0.0062611840 True True True False
PassengerCar 0.00 1 -1 580.23 476.68 733.25 582.70 1.66 2.02 4.72 -5.65 1.07 40.99 -4.701 0.000 0.039 -3.130 1.00 0.0197002870 -0.0001140343 -0.9997891746 0.0057872372 True True True False
PassengerCar 0.00 2 -1 685.06 492.39 760.67 564.85 1.50 1.82 4.26 -5.66 0.95 49.13 1.527 -0.001 0.007 3.098 1.00 -0.0037244527 -0.0001934100 0.9997559916 0.0217726491 True True True False
PassengerCar 0.00 3 -1 707.81 492.67 780.31 561.59 1.52 1.82 4.10 -5.78 0.86 57.32 1.557 0.000 0.000 3.128 1.00 0.0000000000 0.0000000000 0.9999775786 0.0066964433 True True True False
PassengerCar 0.00 0 -1 812.34 494.11 904.39 566.39 1.56 1.81 4.11 -2.76 1.00 51.39 1.562 -0.014 -0.000 3.133 1.00 0.0000297084 -0.0070931711 0.9999660721 0.0041881659 True True True False
PassengerCar 0.00 2 -1 863.06 493.65 918.75 543.90 -1.00 -1.00 -1.00 -1000.00 -1000.00 -1000.00 -1.000 -1.000 -1.000 -1.000 1.00 -1000.0000000000 -1000.0000000000 -1000.0000000000 -1000.0000000000 True True False False
PassengerCar 0.37 0 -1 1410.19 446.31 1920.00 850.15 1.52 1.78 4.20 2.96 1.14 9.62 -1.647 0.049 0.002 -0.077 1.00 0.0245756960 0.0002252332 -0.0383075536 0.9989637209 True True True False
PassengerCar 0.00 1 -1 1228.74 471.65 1495.17 668.78 1.52 1.96 4.05 3.17 1.12 19.47 -1.571 0.013 -0.010 0.000 1.00 0.0065650053 -0.0049645755 0.0000325936 0.9999661257 True True True False
PassengerCar 0.00 1 -1 1127.20 469.20 1308.00 614.22 1.55 2.00 4.41 2.95 1.01 28.94 -1.571 0.000 0.000 0.000 1.00 0.0000000000 0.0000000000 0.0000000000 1.0000000000 True True True False
PassengerCar 0.00 1 -1 1059.08 487.99 1157.29 559.57 1.53 1.84 4.12 2.56 0.97 50.37 -1.603 0.000 0.000 -0.032 1.00 0.0000000000 0.0000000000 -0.0162217719 0.9998684184 True True True False
DontCare 0.00 -1 -1 728.94 492.97 833.33 553.05 2.05 2.92 8.42 -6.79 1.40 72.89 1.511 0.000 0.000 3.082 1.00 0.0000000000 0.0000000000 0.9995555435 0.0298113317 False False False False
DontCare 0.00 -1 -1 1046.52 488.12 1131.99 538.98 -1.00 -1.00 -1.00 -1000.00 -1000.00 -1000.00 -1.000 -1.000 -1.000 -1.000 1.00 -1000.0000000000 -1000.0000000000 -1000.0000000000 -1000.0000000000 False False False False
Vehicle 0.00 3 -1 860.83 472.51 915.55 537.53 -1.00 -1.00 -1.00 -1000.00 -1000.00 -1000.00 -1.000 -1.000 -1.000 -1.000 1.00 -1000.0000000000 -1000.0000000000 -1000.0000000000 -1000.0000000000 True True False False
Pedestrian 0.00 2 -1 1486.01 431.55 1545.00 611.69 1.82 0.53 0.68 5.40 1.04 23.65 1.540 0.000 0.000 3.111 1.00 0.0000000000 0.0000000000 0.9998845630 0.0151940999 True True True False
