PassengerCar 0.63 0 -1 0.00 524.16 222.88 785.54 1.48 1.79 4.31 -6.24 1.61 14.36 -4.671 0.000 0.000 -3.100 1.00 0.0000000000 0.0000000000 -0.9997864659 0.0206645259 True False True False
PassengerCar 0.00 2 -1 37.96 524.09 380.46 699.44 1.48 1.71 4.21 -6.53 1.64 19.96 -4.628 -0.012 -0.005 -3.058 1.00 -0.0028836949 0.0056482199 -0.9990982232 0.0419824051 True True True False
PassengerCar 0.00 0 -1 1126.07 510.12 1295.51 633.06 1.45 1.76 3.83 2.80 1.49 29.72 -1.606 0.022 0.001 -0.036 1.00 0.0108550204 0.0001928389 -0.0177610974 0.9997833139 True True True False
PassengerCar 0.00 3 -1 1108.11 509.42 1223.51 606.71 1.69 1.73 3.82 3.08 1.77 40.38 -1.558 0.000 0.000 0.013 1.00 0.0000000000 0.0000000000 0.0064390067 0.9999792694 True True True False
PassengerCar 0.00 3 -1 1091.88 511.26 1191.00 594.70 1.68 1.73 3.82 3.00 1.74 46.73 -1.571 -0.001 0.000 0.000 1.00 -0.0004768496 0.0000000000 0.0000000000 0.9999998863 True True True False
PassengerCar 0.00 0 -1 972.87 527.41 1033.16 570.10 -1.00 -1.00 -1.00 -1000.00 -1000.00 -1000.00 -1.000 -1.000 -1.000 -1.000 1.00 -1000.0000000000 -1000.0000000000 -1000.0000000000 -1000.0000000000 True True False False
PassengerCar 0.00 2 -1 860.67 528.99 909.89 559.88 -1.00 -1.00 -1.00 -1000.00 -1000.00 -1000.00 -1.000 -1.000 -1.000 -1.000 1.00 -1000.0000000000 -1000.0000000000 -1000.0000000000 -1000.0000000000 True True False False
PassengerCar 0.00 0 -1 922.09 526.04 978.36 560.69 -1.00 -1.00 -1.00 -1000.00 -1000.00 -1000.00 -1.000 -1.000 -1.000 -1.000 1.00 -1000.0000000000 -1000.0000000000 -1000.0000000000 -1000.0000000000 True True False False
PassengerCar 0.00 1 -1 820.03 530.08 885.48 583.25 -1.00 -1.00 -1.00 -1000.00 -1000.00 -1000.00 -1.000 -1.000 -1.000 -1.000 1.00 -1000.0000000000 -1000.0000000000 -1000.0000000000 -1000.0000000000 True True False False
Pedestrian 0.00 0 -1 594.19 509.08 627.11 599.84 1.74 0.53 0.50 -7.22 1.73 45.16 -4.704 -0.000 0.001 -3.133 1.00 0.0006761302 0.0000464487 -0.9999910208 0.0041831766 True True True False
Pedestrian 0.00 0 -1 681.22 516.51 706.04 591.50 1.68 0.62 0.75 -7.07 1.87 56.20 1.526 0.000 0.000 3.097 1.00 0.0000000000 0.0000000000 0.9997488445 0.0224108879 True True True False
Pedestrian 0.00 1 -1 1783.21 362.29 1864.42 725.26 1.87 0.79 0.24 4.45 1.12 12.56 0.131 0.000 0.000 1.702 1.00 0.0000000000 0.0000000000 0.7518231697 0.6593647864 True False True False
Pedestrian 0.00 0 -1 1725.31 361.51 1837.43 729.95 1.81 0.70 0.31 4.02 1.09 11.95 -0.031 0.000 0.000 1.539 1.00 0.0000000000 0.0000000000 0.6959255072 0.7181139801 True False True False
Pedestrian 0.00 1 -1 421.52 497.10 467.99 642.03 1.66 0.50 0.57 -6.42 1.60 27.59 -1.613 0.000 0.000 -0.043 1.00 0.0000000000 0.0000000000 -0.0213362038 0.9997723573 True True True False
Pedestrian 0.00 2 -1 1295.41 490.70 1322.83 580.63 1.75 0.50 0.50 6.61 1.38 48.18 -4.678 0.000 0.000 -3.107 1.00 0.0000000000 0.0000000000 -0.9998517555 0.0172182166 True True True False
