PassengerCar 0.00 0 -1 444.24 420.24 1711.59 987.93 1.43 1.85 3.91 0.34 1.22 7.17 -0.572 0.000 0.000 0.999 1.00 0.0000000000 0.0000000000 0.4789363489 0.8778496305 True True True False
PassengerCar 0.00 1 -1 1292.68 482.65 1766.10 678.07 1.39 1.83 3.69 3.81 1.22 16.98 -3.644 0.000 0.000 -2.073 1.00 0.0000000000 0.0000000000 -0.8606475389 0.5092011526 True False True False
PassengerCar 0.34 2 -1 1689.95 494.06 1920.00 604.58 1.55 1.87 4.21 12.42 1.35 33.66 -2.255 0.012 -0.015 -0.684 1.00 0.0031477604 -0.0088373609 -0.3355236156 0.9419850827 True False True True
Obstacle 0.00 3 -1 1018.00 468.00 1063.00 594.00 1.61 0.50 0.50 0.68 1.10 30.29 -1.709 0.000 0.000 -0.138 1.00 0.0000000000 0.0000000000 -0.0691514020 0.9976061766 False False True True
Obstacle 0.00 3 -1 1069.00 467.00 1115.00 592.00 1.61 0.50 0.53 1.35 1.09 30.39 -1.718 0.000 0.000 -0.147 1.00 0.0000000000 0.0000000000 -0.0734473996 0.9972990923 False False True True
Pedestrian 0.00 1 -1 274.75 460.12 384.23 667.28 1.79 0.62 0.86 -5.79 1.38 20.71 -3.501 0.000 0.000 -1.930 1.00 0.0000000000 0.0000000000 -0.8220530580 0.5694108972 True False True False
Pedestrian 0.00 2 -1 334.62 467.50 423.64 660.38 1.80 0.61 0.71 -5.63 1.43 21.79 -3.527 0.000 0.000 -1.956 1.00 0.0000000000 0.0000000000 -0.8293383496 0.5587467243 True False True True
Pedestrian 0.00 1 -1 241.03 460.79 358.89 656.61 1.87 0.57 1.02 -6.55 1.41 22.37 -3.514 0.000 0.000 -1.943 1.00 0.0000000000 0.0000000000 -0.8258410607 0.5639029549 True False True False
Pedestrian 0.00 3 -1 348.63 472.86 425.99 657.64 1.90 0.62 0.68 -6.24 1.53 24.44 -3.556 0.000 0.000 -1.985 1.00 0.0000000000 0.0000000000 -0.8374462986 0.5465196218 True False True True
Pedestrian 0.00 3 -1 1257.00 474.00 1324.00 654.00 1.61 0.42 0.45 2.74 1.31 21.28 -1.975 0.000 0.000 -0.404 1.00 0.0000000000 0.0000000000 -0.2008140778 0.9796293718 False False True True
Pedestrian 0.00 3 -1 1312.00 476.00 1391.00 653.00 1.59 0.55 0.46 3.33 1.31 21.54 -1.985 0.000 0.000 -0.414 1.00 0.0000000000 0.0000000000 -0.2055862094 0.9786390093 False False True True
Pedestrian 0.00 3 -1 1356.90 487.65 1396.90 613.15 1.61 0.44 0.49 5.01 1.34 30.32 -1.571 0.000 0.000 0.000 1.00 0.0000000000 0.0000000000 0.0000000000 1.0000000000 True False True False
