PassengerCar 0.00 0 -1 1142.04 521.37 1228.66 594.11 1.47 1.79 4.11 4.27 1.73 50.56 -1.502 0.000 0.000 0.068 1.00 0.0000000000 0.0000000000 0.0341563334 0.9994165022 True True True False
PassengerCar 0.00 2 -1 933.14 519.49 981.06 562.65 -1.00 -1.00 -1.00 -1000.00 -1000.00 -1000.00 -1.000 -1.000 -1.000 -1.000 1.00 -1000.0000000000 -1000.0000000000 -1000.0000000000 -1000.0000000000 True True False False
PassengerCar 0.00 0 -1 898.41 518.25 960.79 573.71 1.40 1.75 3.65 -1.65 1.65 65.09 -1.597 0.001 0.005 -0.026 1.00 0.0002923532 0.0025474090 -0.0129025685 0.9999134707 True True True False
PassengerCar 0.00 1 -1 1005.60 522.58 1074.95 578.93 -1.00 -1.00 -1.00 -1000.00 -1000.00 -1000.00 -1.000 -1.000 -1.000 -1.000 1.00 -1000.0000000000 -1000.0000000000 -1000.0000000000 -1000.0000000000 False True False False
PassengerCar 0.00 2 -1 668.19 522.08 737.45 558.59 -1.00 -1.00 -1.00 -1000.00 -1000.00 -1000.00 -1.000 -1.000 -1.000 -1.000 1.00 -1000.0000000000 -1000.0000000000 -1000.0000000000 -1000.0000000000 True True False False
PassengerCar 0.00 0 -1 524.44 507.09 643.64 591.77 1.43 1.87 4.10 -6.93 1.36 40.20 1.445 0.000 0.000 3.016 1.00 0.0000000000 0.0000000000 0.9980193846 0.0629071369 True True True False
PassengerCar 0.00 1 -1 637.54 520.90 693.07 562.00 -1.00 -1.00 -1.00 -1000.00 -1000.00 -1000.00 -1.000 -1.000 -1.000 -1.000 1.00 -1000.0000000000 -1000.0000000000 -1000.0000000000 -1000.0000000000 True True False False
PassengerCar 0.00 0 -1 315.70 515.76 417.89 582.05 1.44 1.79 3.96 -13.26 1.50 50.04 1.493 0.000 0.000 3.064 1.00 0.0000000000 0.0000000000 0.9992378607 0.0390345699 True True True False
PassengerCar 0.00 1 -1 140.74 507.15 307.46 594.56 1.43 1.84 3.97 -13.21 1.45 40.31 1.491 0.000 0.000 3.062 1.00 0.0000000000 0.0000000000 0.9992126734 0.0396740900 True False True False
PassengerCar 0.00 2 -1 610.86 518.85 668.36 564.59 -1.00 -1.00 -1.00 -1000.00 -1000.00 -1000.00 -1.000 -1.000 -1.000 -1.000 1.00 -1000.0000000000 -1000.0000000000 -1000.0000000000 -1000.0000000000 True True False False
PassengerCar 0.00 2 -1 856.66 519.65 903.28 555.93 -1.00 -1.00 -1.00 -1000.00 -1000.00 -1000.00 -1.000 -1.000 -1.000 -1.000 1.00 -1000.0000000000 -1000.0000000000 -1000.0000000000 -1000.0000000000 True True False False
DontCare 0.00 -1 -1 371.40 516.64 453.08 577.61 -1.00 -1.00 -1.00 -1000.00 -1000.00 -1000.00 -1.000 -1.000 -1.000 -1.000 1.00 -1000.0000000000 -1000.0000000000 -1000.0000000000 -1000.0000000000 False False False False
Obstacle 0.00 3 -1 428.04 507.75 451.17 568.83 -1.00 -1.00 -1.00 -1000.00 -1000.00 -1000.00 -1.000 -1.000 -1.000 -1.000 1.00 -1000.0000000000 -1000.0000000000 -1000.0000000000 -1000.0000000000 True True False False
Pedestrian 0.22 0 -1 1860.41 499.61 1913.38 642.65 1.80 0.60 0.67 11.80 1.69 30.50 1.396 0.001 -0.004 2.967 1.00 0.0018410738 0.0001609320 0.9961996251 0.0870797991 True True True False
Pedestrian 0.00 0 -1 1400.07 498.36 1459.99 619.20 1.71 0.61 0.72 6.40 1.60 33.83 0.008 0.000 0.000 1.579 1.00 0.0000000000 0.0000000000 0.7099106949 0.7042917046 True True True False
Pedestrian 0.00 0 -1 1382.96 496.51 1413.85 589.44 1.91 0.59 0.82 8.41 1.65 48.30 -1.624 0.000 0.000 -0.054 1.00 0.0000000000 0.0000000000 -0.0268325463 0.9996399424 True True True True
Pedestrian 0.00 0 -1 1356.45 507.80 1384.13 588.45 -1.00 -1.00 -1.00 -1000.00 -1000.00 -1000.00 -1.000 -1.000 -1.000 -1.000 1.00 -1000.0000000000 -1000.0000000000 -1000.0000000000 -1000.0000000000 True True False False
Pedestrian 0.00 0 -1 1281.91 499.03 1328.47 621.70 1.82 0.49 0.61 4.62 1.67 34.40 -0.091 0.000 0.000 1.480 1.00 0.0000000000 0.0000000000 0.6742257052 0.7385253539 True True True False
Pedestrian 0.00 3 -1 1272.72 516.39 1319.45 620.43 1.53 0.55 0.51 4.61 1.65 35.30 -0.125 0.000 0.000 1.446 1.00 0.0000000000 0.0000000000 0.6616730866 0.7497924556 True True True False
Pedestrian 0.00 0 -1 1084.02 497.52 1156.78 616.64 1.71 0.56 0.94 1.97 1.51 34.28 -0.584 0.000 0.000 0.986 1.00 0.0000000000 0.0000000000 0.4734218596 0.8808358206 True True True False
Pedestrian 0.00 0 -1 1052.41 504.12 1101.05 616.53 1.59 0.58 0.61 1.35 1.51 34.63 -0.589 0.000 0.000 0.982 1.00 0.0000000000 0.0000000000 0.4715556773 0.8818362905 True True True False
Pedestrian 0.00 1 -1 1016.45 498.01 1065.06 611.39 1.68 0.57 0.55 0.85 1.51 35.09 -0.659 0.000 0.000 0.912 1.00 0.0000000000 0.0000000000 0.4403421148 0.8978300630 True True True False
Pedestrian 0.00 0 -1 1899.72 508.24 1919.58 641.22 -1.00 -1.00 -1.00 -1000.00 -1000.00 -1000.00 -1.000 -1.000 -1.000 -1.000 1.00 -1000.0000000000 -1000.0000000000 -1000.0000000000 -1000.0000000000 True False False False
