PassengerCar 0.00 0 -1 152.73 483.50 773.82 728.11 1.58 1.94 4.23 -3.48 1.32 15.80 -3.971 0.001 0.006 -2.400 1.00 0.0028734290 0.0007124194 -0.9320745335 0.3622544684 True True True False
PassengerCar 0.00 0 -1 1260.30 520.22 1634.54 642.04 1.52 1.88 4.56 5.83 1.62 29.25 -2.655 -0.021 -0.039 -1.084 1.00 -0.0188361908 -0.0111612463 -0.5158471939 0.8564007806 True True True False
PassengerCar 0.00 0 -1 1137.56 520.62 1230.31 593.31 1.48 1.63 4.10 4.16 1.76 50.51 -1.571 -0.012 0.000 0.000 1.00 -0.0062402588 0.0000000000 0.0000000000 0.9999805294 True True True False
PassengerCar 0.00 1 -1 140.69 508.74 291.35 595.48 1.41 1.67 4.07 -13.15 1.43 40.33 1.455 0.000 0.000 3.026 1.00 0.0000000000 0.0000000000 0.9983307676 0.0577553325 True False True False
PassengerCar 0.00 2 -1 1107.47 521.35 1196.93 583.10 1.52 1.62 4.05 4.17 1.87 60.41 -1.668 -0.012 0.000 -0.097 1.00 -0.0058987118 0.0002872278 -0.0486348397 0.9987991665 True True True False
PassengerCar 0.00 1 -1 986.79 521.44 1058.43 576.60 1.46 1.54 4.02 0.93 1.84 65.23 -1.664 -0.015 0.000 -0.093 1.00 -0.0072668422 0.0003397275 -0.0466981237 0.9988825571 True True True False
PassengerCar 0.88 0 -1 1865.83 514.95 1920.00 656.77 1.52 1.83 4.18 12.41 1.62 26.75 -3.169 -0.011 -0.000 -1.598 1.00 -0.0040411271 0.0039333131 -0.7165899482 0.6974718951 True False True False
PassengerCar 0.00 0 -1 871.36 518.24 936.52 564.17 -1.00 -1.00 -1.00 -1000.00 -1000.00 -1000.00 -1.000 -1.000 -1.000 -1.000 1.00 -1000.0000000000 -1000.0000000000 -1000.0000000000 -1000.0000000000 True True False False
PassengerCar 0.00 0 -1 1050.38 519.55 1088.11 553.67 -1.00 -1.00 -1.00 -1000.00 -1000.00 -1000.00 -1.000 -1.000 -1.000 -1.000 1.00 -1000.0000000000 -1000.0000000000 -1000.0000000000 -1000.0000000000 True True False False
Vehicle 0.00 2 -1 1040.40 496.15 1084.22 549.13 -1.00 -1.00 -1.00 -1000.00 -1000.00 -1000.00 -1.000 -1.000 -1.000 -1.000 1.00 -1000.0000000000 -1000.0000000000 -1000.0000000000 -1000.0000000000 True True False False
Obstacle 0.00 2 -1 321.09 479.81 351.84 597.69 1.55 0.46 0.32 -8.62 1.18 31.17 -3.244 0.000 0.000 -1.673 1.00 0.0000000000 0.0000000000 -0.7422581432 0.6701140566 True False True False
Obstacle 0.00 3 -1 327.74 487.47 359.09 599.14 1.50 0.36 0.32 -8.71 1.22 31.83 -3.140 0.000 0.000 -1.569 1.00 0.0000000000 0.0000000000 -0.7064609465 0.7077520266 True False True True
Pedestrian 0.00 0 -1 993.00 487.96 1028.56 599.51 1.72 0.38 0.53 0.35 1.41 36.53 -0.036 0.000 0.000 1.534 1.00 0.0000000000 0.0000000000 0.6941129098 0.7198661462 True True True False
Pedestrian 0.00 1 -1 973.52 499.66 1007.25 600.71 1.60 0.41 0.51 0.04 1.43 37.46 -0.048 0.000 0.000 1.523 1.00 0.0000000000 0.0000000000 0.6899570906 0.7238502698 True True True False
Pedestrian 0.00 0 -1 1084.54 519.46 1100.48 554.88 -1.00 -1.00 -1.00 -1000.00 -1000.00 -1000.00 -1.000 -1.000 -1.000 -1.000 1.00 -1000.0000000000 -1000.0000000000 -1000.0000000000 -1000.0000000000 True True False False
