PassengerCar 0.00 0 -1 748.28 490.20 1120.90 649.58 1.47 1.87 4.39 -0.44 1.31 23.21 -2.200 0.002 0.007 -0.630 1.00 0.0018424521 0.0029680131 -0.3096346577 0.9508491863 True True True False
PassengerCar 0.00 1 -1 675.78 501.72 816.33 599.35 1.65 1.91 4.59 -4.10 1.55 41.25 -4.575 0.000 0.000 -3.004 1.00 0.0000000000 0.0000000000 -0.9976280427 0.0688352265 True True True False
PassengerCar 0.00 1 -1 60.40 508.38 393.50 644.89 1.41 1.89 3.74 -8.57 1.42 26.57 -2.842 0.000 0.000 -1.271 1.00 0.0000000000 0.0000000000 -0.5934778544 0.8048503192 True False True False
PassengerCar 0.00 0 -1 1430.84 506.53 1500.27 559.20 1.53 1.82 4.27 14.79 1.47 73.32 -1.526 0.000 0.000 0.044 1.00 0.0000000000 0.0000000000 0.0222259992 0.9997529720 True True True False
PassengerCar 0.80 2 -1 1877.41 494.06 1920.00 578.76 1.76 1.66 4.18 21.60 1.48 51.07 -2.653 0.000 0.000 -1.082 1.00 0.0000000000 0.0000000000 -0.5149933604 0.8571941663 True False True False
PassengerCar 0.35 1 -1 1772.52 503.01 1920.00 558.83 1.51 1.89 4.68 22.87 1.27 59.99 -2.592 0.000 0.000 -1.021 1.00 0.0000000000 0.0000000000 -0.4887591119 0.8724187817 True False True False
PassengerCar 0.00 2 -1 1569.77 498.66 1662.84 538.59 -1.00 -1.00 -1.00 -1000.00 -1000.00 -1000.00 -1.000 -1.000 -1.000 -1.000 1.00 -1000.0000000000 -1000.0000000000 -1000.0000000000 -1000.0000000000 True False False False
PassengerCar 0.00 2 -1 1353.52 508.73 1439.69 564.62 -1.00 -1.00 -1.00 -1000.00 -1000.00 -1000.00 -1.000 -1.000 -1.000 -1.000 1.00 -1000.0000000000 -1000.0000000000 -1000.0000000000 -1000.0000000000 True True False False
PassengerCar 0.00 1 -1 1109.11 506.53 1172.53 549.32 -1.00 -1.00 -1.00 -1000.00 -1000.00 -1000.00 -1.000 -1.000 -1.000 -1.000 1.00 -1000.0000000000 -1000.0000000000 -1000.0000000000 -1000.0000000000 True True False False
Obstacle 0.00 1 -1 816.59 500.74 848.70 589.23 1.56 0.52 0.46 -2.76 1.43 43.03 -4.627 0.000 0.000 -3.056 1.00 0.0000000000 0.0000000000 -0.9990885137 0.0426865529 True False True False
Obstacle 0.00 1 -1 733.63 491.18 751.70 529.72 -1.00 -1.00 -1.00 -1000.00 -1000.00 -1000.00 -1.000 -1.000 -1.000 -1.000 1.00 -1000.0000000000 -1000.0000000000 -1000.0000000000 -1000.0000000000 True False False False
Obstacle 0.00 0 -1 1212.04 491.83 1236.24 543.03 -1.00 -1.00 -1.00 -1000.00 -1000.00 -1000.00 -1.000 -1.000 -1.000 -1.000 1.00 -1000.0000000000 -1000.0000000000 -1000.0000000000 -1000.0000000000 False False False False
Obstacle 0.00 1 -1 1557.51 493.72 1592.71 551.87 -1.00 -1.00 -1.00 -1000.00 -1000.00 -1000.00 -1.000 -1.000 -1.000 -1.000 1.00 -1000.0000000000 -1000.0000000000 -1000.0000000000 -1000.0000000000 True False False False
Obstacle 0.00 2 -1 1606.54 495.00 1622.39 547.79 -1.00 -1.00 -1.00 -1000.00 -1000.00 -1000.00 -1.000 -1.000 -1.000 -1.000 1.00 -1000.0000000000 -1000.0000000000 -1000.0000000000 -1000.0000000000 True False False False
Pedestrian 0.00 0 -1 1329.28 448.02 1381.60 609.70 1.82 0.40 0.56 4.21 1.16 26.97 0.150 -0.001 0.000 1.720 1.00 -0.0004720975 -0.0004062489 0.7579905356 0.6522652528 True True True False
Pedestrian 0.00 0 -1 1368.32 456.72 1425.29 610.21 1.79 0.60 0.44 4.77 1.17 27.54 -4.615 0.000 0.000 -3.044 1.00 0.0000000000 0.0000000000 -0.9988209906 0.0485451198 True True True False
Pedestrian 0.00 0 -1 283.89 476.25 341.02 670.99 1.81 0.66 0.44 -6.23 1.47 21.64 0.007 0.000 0.000 1.578 1.00 0.0000000000 0.0000000000 0.7097504498 0.7044531915 True False True False
Pedestrian 0.00 2 -1 171.17 484.35 212.03 596.68 1.73 0.58 0.52 -11.84 1.36 35.01 -0.351 0.000 0.000 1.220 1.00 0.0000000000 0.0000000000 0.5728079025 0.8196896406 True False True False
Pedestrian 0.00 2 -1 142.42 484.19 175.95 599.00 1.72 0.58 0.45 -12.37 1.37 35.12 -0.402 0.000 0.000 1.169 1.00 0.0000000000 0.0000000000 0.5518685323 0.8339311261 True False True False
Pedestrian 0.00 3 -1 263.90 480.81 300.91 590.02 1.84 0.46 0.55 -11.69 1.39 39.08 -4.701 0.000 0.000 -3.130 1.00 0.0000000000 0.0000000000 -0.9999823596 0.0059397464 True False True False
Pedestrian 0.00 2 -1 398.72 480.63 435.45 597.71 1.77 0.45 0.40 -8.84 1.36 36.41 -4.704 0.000 0.000 -3.133 1.00 0.0000000000 0.0000000000 -0.9999912121 0.0041923359 True True True False
Pedestrian 0.00 2 -1 427.03 475.82 466.71 599.98 2.00 0.54 0.27 -8.76 1.47 38.14 -4.641 0.000 0.000 -3.070 1.00 0.0000000000 0.0000000000 -0.9993629959 0.0356875674 True True True False
Pedestrian 0.00 0 -1 626.30 495.16 655.78 585.40 1.92 0.47 0.48 -7.43 1.63 50.33 -4.533 0.000 0.000 -2.962 1.00 0.0000000000 0.0000000000 -0.9959746149 0.0896357432 True True True False
Pedestrian 0.00 3 -1 605.45 496.55 635.87 578.65 1.74 0.51 0.56 -7.84 1.49 50.26 -4.663 0.000 0.000 -3.093 1.00 0.0000000000 0.0000000000 -0.9996990866 0.0245303128 True True True False
Pedestrian 0.00 0 -1 601.25 505.06 632.64 580.59 1.59 0.55 0.48 -7.87 1.52 49.98 1.480 0.000 0.000 3.051 1.00 0.0000000000 0.0000000000 0.9989662899 0.0454571417 True True True False
Pedestrian 0.00 2 -1 468.21 474.06 504.64 600.85 2.05 0.52 0.41 -7.98 1.48 37.52 -3.129 0.000 0.000 -1.559 1.00 0.0000000000 0.0000000000 -0.7027739750 0.7114131993 True True True False
Pedestrian 0.00 1 -1 29.20 478.30 66.76 596.62 1.64 0.44 0.37 -14.16 1.28 35.56 -4.705 0.000 0.000 -3.134 1.00 0.0000000000 0.0000000000 -0.9999924910 0.0038752892 True False True False
Pedestrian 0.00 1 -1 1196.83 493.42 1216.48 554.87 -1.00 -1.00 -1.00 -1000.00 -1000.00 -1000.00 -1.000 -1.000 -1.000 -1.000 1.00 -1000.0000000000 -1000.0000000000 -1000.0000000000 -1000.0000000000 True False False False
Pedestrian 0.00 0 -1 1176.98 502.29 1196.90 550.18 -1.00 -1.00 -1.00 -1000.00 -1000.00 -1000.00 -1.000 -1.000 -1.000 -1.000 1.00 -1000.0000000000 -1000.0000000000 -1000.0000000000 -1000.0000000000 True False False False
Pedestrian 0.05 2 -1 666.81 493.87 691.13 572.59 1.75 0.43 0.53 -7.03 1.43 53.44 -4.549 0.000 0.000 -2.978 1.00 0.0000000000 0.0000000000 -0.9966671534 0.0815756419 True True True False
Pedestrian 0.00 3 -1 730.32 491.20 753.24 563.93 -1.00 -1.00 -1.00 -1000.00 -1000.00 -1000.00 -1.000 -1.000 -1.000 -1.000 1.00 -1000.0000000000 -1000.0000000000 -1000.0000000000 -1000.0000000000 True True False False
Pedestrian 0.00 2 -1 589.85 495.97 611.45 575.14 -1.00 -1.00 -1.00 -1000.00 -1000.00 -1000.00 -1.000 -1.000 -1.000 -1.000 1.00 -1000.0000000000 -1000.0000000000 -1000.0000000000 -1000.0000000000 True True False False
