PassengerCar 0.00 0 -1 368.35 512.33 724.94 633.37 1.51 1.83 4.02 -5.59 1.54 29.59 -3.558 0.000 0.000 -1.987 1.00 0.0000000000 0.0000000000 -0.8380306268 0.5456231928 True True True False
PassengerCar 0.00 0 -1 830.97 510.47 1058.35 603.05 1.60 1.89 4.30 -0.74 1.59 43.07 -2.482 0.000 0.000 -0.911 1.00 0.0000000000 0.0000000000 -0.4399052149 0.8980442093 True True True False
PassengerCar 0.00 1 -1 1193.84 512.27 1421.56 605.89 1.50 1.99 4.05 5.33 1.50 38.44 -3.634 0.000 0.000 -2.063 1.00 0.0000000000 0.0000000000 -0.8581842562 0.5133417794 True True True False
PassengerCar 0.00 3 -1 1195.92 519.00 1361.08 584.92 1.51 1.82 4.12 7.58 1.86 64.06 -0.504 0.000 0.000 1.067 1.00 0.0000000000 0.0000000000 0.5084957818 0.8610644807 True False True True
PassengerCar 0.00 1 -1 1137.39 520.43 1199.19 551.06 -1.00 -1.00 -1.00 -1000.00 -1000.00 -1000.00 -1.000 -1.000 -1.000 -1.000 1.00 -1000.0000000000 -1000.0000000000 -1000.0000000000 -1000.0000000000 True False False False
DontCare 0.00 -1 -1 1745.91 512.27 1879.67 588.23 1.42 1.83 2.77 16.95 1.46 48.47 -0.533 0.000 0.000 1.037 1.00 0.0000000000 0.0000000000 0.4957740087 0.8684515716 False False False False
DontCare 0.00 -1 -1 1131.36 498.77 1217.27 548.97 -1.00 -1.00 -1.00 -1000.00 -1000.00 -1000.00 -1.000 -1.000 -1.000 -1.000 1.00 -1000.0000000000 -1000.0000000000 -1000.0000000000 -1000.0000000000 False False False False
LargeVehicle 0.00 1 -1 777.03 443.79 994.65 581.40 3.66 2.79 13.65 -2.67 1.89 68.29 -1.317 0.049 0.013 0.254 1.00 0.0234129846 0.0093141364 0.1263575771 0.9916646821 True True True False
LargeVehicle 0.00 2 -1 932.05 456.33 1105.09 557.75 3.46 3.34 12.41 1.04 1.83 82.61 -1.339 0.000 0.000 0.231 1.00 0.0000000000 0.0000000000 0.1154591916 0.9933122244 True True True False
Obstacle 0.00 3 -1 1351.38 502.11 1377.83 584.82 -1.00 -1.00 -1.00 -1000.00 -1000.00 -1000.00 -1.000 -1.000 -1.000 -1.000 1.00 -1000.0000000000 -1000.0000000000 -1000.0000000000 -1000.0000000000 True True False True
Obstacle 0.00 3 -1 1381.62 504.36 1405.56 584.60 -1.00 -1.00 -1.00 -1000.00 -1000.00 -1000.00 -1.000 -1.000 -1.000 -1.000 1.00 -1000.0000000000 -1000.0000000000 -1000.0000000000 -1000.0000000000 True True False True
Pedestrian 0.00 0 -1 1050.05 507.26 1090.50 588.93 1.94 0.67 0.71 1.88 1.80 53.72 0.449 0.000 0.000 2.019 1.00 0.0000000000 0.0000000000 0.8466474356 0.5321542255 True True True False
Pedestrian 0.00 0 -1 1678.36 425.54 1827.48 829.12 1.59 0.62 0.37 3.11 1.27 9.61 -0.076 0.000 0.000 1.494 1.00 0.0000000000 0.0000000000 0.6796087761 0.7335747484 True False True False
Pedestrian 0.20 0 -1 1843.43 461.69 1920.00 660.48 1.72 0.68 0.75 7.55 1.28 19.82 -0.908 0.000 0.000 0.663 1.00 0.0000000000 0.0000000000 0.3252357493 0.9456329665 True False True False
