PassengerCar 0.00 0 -1 1312.42 523.96 1437.95 603.50 1.60 1.88 4.45 7.42 1.81 44.43 -1.571 0.000 0.000 0.000 1.00 0.0000000000 0.0000000000 0.0000000000 1.0000000000 True True True False
PassengerCar 0.00 0 -1 1141.83 511.30 1243.99 598.78 1.66 1.83 4.08 3.95 1.64 44.36 -1.576 0.000 0.000 -0.006 1.00 0.0000000000 0.0000000000 -0.0028271740 0.9999960035 True True True False
PassengerCar 0.00 2 -1 1107.35 525.02 1181.28 582.70 1.44 1.60 4.25 4.02 1.87 61.07 -1.571 0.000 0.000 0.000 1.00 0.0000000000 0.0000000000 0.0000000000 1.0000000000 True True True False
PassengerCar 0.00 2 -1 1093.60 530.97 1154.94 577.31 1.52 1.66 4.13 4.25 2.24 74.05 -1.571 0.000 0.000 0.000 1.00 0.0000000000 0.0000000000 0.0000000000 1.0000000000 True True True False
PassengerCar 0.00 2 -1 1071.85 528.63 1118.74 567.97 -1.00 -1.00 -1.00 -1000.00 -1000.00 -1000.00 -1.000 -1.000 -1.000 -1.000 1.00 -1000.0000000000 -1000.0000000000 -1000.0000000000 -1000.0000000000 True True False False
PassengerCar 0.00 3 -1 1209.18 536.67 1255.23 578.86 -1.00 -1.00 -1.00 -1000.00 -1000.00 -1000.00 -1.000 -1.000 -1.000 -1.000 1.00 -1000.0000000000 -1000.0000000000 -1000.0000000000 -1000.0000000000 True True False False
PassengerCar 0.36 0 -1 1641.35 489.79 1920.00 677.03 1.53 1.97 4.40 6.81 1.32 19.06 -1.560 0.024 0.000 0.010 1.00 0.0120963762 0.0001091121 0.0052256946 0.9999131752 True True True False
Pedestrian 0.05 0 -1 460.62 504.00 483.00 577.25 1.70 0.50 0.59 -12.51 1.63 56.85 1.264 0.000 0.000 2.835 1.00 0.0000000000 0.0000000000 0.9882620638 0.1527681028 True True True False
Pedestrian 0.06 0 -1 440.09 498.47 461.40 572.58 1.73 0.45 0.40 -12.88 1.47 56.40 0.088 0.000 0.000 1.658 1.00 0.0000000000 0.0000000000 0.7373724625 0.6754863815 True True True False
Pedestrian 0.06 0 -1 328.82 503.05 349.51 586.33 1.77 0.50 0.35 -14.24 1.69 51.71 -3.494 0.000 0.000 -1.924 1.00 0.0000000000 0.0000000000 -0.8202126722 0.5720587140 True True True False
Pedestrian 0.05 0 -1 277.88 509.47 300.48 587.08 1.64 0.46 0.54 -15.27 1.70 51.45 1.286 0.000 0.000 2.856 1.00 0.0000000000 0.0000000000 0.9898523115 0.1420999700 True False True True
Pedestrian 0.00 1 -1 306.92 498.39 334.72 586.07 1.83 0.54 0.51 -14.42 1.64 50.87 -3.446 0.000 0.000 -1.875 1.00 0.0000000000 0.0000000000 -0.8061682020 0.5916864288 True False True False
Pedestrian 0.05 0 -1 258.36 512.89 282.73 585.96 1.54 0.51 0.51 -15.67 1.67 51.51 1.335 0.000 0.000 2.905 1.00 0.0000000000 0.0000000000 0.9930333430 0.1178336949 True False True True
Pedestrian 0.00 0 -1 187.67 510.35 216.75 585.31 1.59 0.54 0.55 -17.31 1.67 51.90 1.309 0.000 0.000 2.880 1.00 0.0000000000 0.0000000000 0.9914312578 0.1306294797 True False True False
Pedestrian 0.06 0 -1 362.17 499.54 384.84 575.57 1.82 0.49 0.52 -15.11 1.63 57.89 1.346 0.000 0.000 2.916 1.00 0.0000000000 0.0000000000 0.9936643228 0.1123886724 True True True True
Pedestrian 0.05 0 -1 414.95 494.53 437.10 567.82 1.72 0.52 0.51 -13.33 1.47 55.73 1.385 0.000 0.000 2.956 1.00 0.0000000000 0.0000000000 0.9957101425 0.0925273590 True True True False
Pedestrian 0.05 0 -1 368.73 499.49 395.05 574.73 1.83 0.60 0.58 -15.26 1.64 59.33 -3.387 0.000 0.000 -1.816 1.00 0.0000000000 0.0000000000 -0.7883692472 0.6152023489 True True True False
Pedestrian 0.00 0 -1 607.09 516.65 624.81 566.67 -1.00 -1.00 -1.00 -1000.00 -1000.00 -1000.00 -1.000 -1.000 -1.000 -1.000 1.00 -1000.0000000000 -1000.0000000000 -1000.0000000000 -1000.0000000000 True True False False
Pedestrian 0.00 0 -1 619.36 514.87 631.89 566.39 -1.00 -1.00 -1.00 -1000.00 -1000.00 -1000.00 -1.000 -1.000 -1.000 -1.000 1.00 -1000.0000000000 -1000.0000000000 -1000.0000000000 -1000.0000000000 True True False False
Pedestrian 0.00 0 -1 624.96 512.30 637.89 564.73 -1.00 -1.00 -1.00 -1000.00 -1000.00 -1000.00 -1.000 -1.000 -1.000 -1.000 1.00 -1000.0000000000 -1000.0000000000 -1000.0000000000 -1000.0000000000 True True False False
Pedestrian 0.00 0 -1 635.10 516.11 654.90 564.92 -1.00 -1.00 -1.00 -1000.00 -1000.00 -1000.00 -1.000 -1.000 -1.000 -1.000 1.00 -1000.0000000000 -1000.0000000000 -1000.0000000000 -1000.0000000000 True True False False
Pedestrian 0.00 0 -1 681.94 520.78 693.62 557.86 -1.00 -1.00 -1.00 -1000.00 -1000.00 -1000.00 -1.000 -1.000 -1.000 -1.000 1.00 -1000.0000000000 -1000.0000000000 -1000.0000000000 -1000.0000000000 True True False False
Pedestrian 0.00 0 -1 694.18 521.02 707.50 556.84 -1.00 -1.00 -1.00 -1000.00 -1000.00 -1000.00 -1.000 -1.000 -1.000 -1.000 1.00 -1000.0000000000 -1000.0000000000 -1000.0000000000 -1000.0000000000 True True False False
Pedestrian 0.00 0 -1 1499.41 519.10 1522.11 567.16 -1.00 -1.00 -1.00 -1000.00 -1000.00 -1000.00 -1.000 -1.000 -1.000 -1.000 1.00 -1000.0000000000 -1000.0000000000 -1000.0000000000 -1000.0000000000 True True False False
Pedestrian 0.00 0 -1 1521.80 517.60 1539.21 565.76 -1.00 -1.00 -1.00 -1000.00 -1000.00 -1000.00 -1.000 -1.000 -1.000 -1.000 1.00 -1000.0000000000 -1000.0000000000 -1000.0000000000 -1000.0000000000 True True False False
Pedestrian 0.00 0 -1 1470.88 522.25 1487.97 566.27 -1.00 -1.00 -1.00 -1000.00 -1000.00 -1000.00 -1.000 -1.000 -1.000 -1.000 1.00 -1000.0000000000 -1000.0000000000 -1000.0000000000 -1000.0000000000 True True False False
Pedestrian 0.00 0 -1 1534.01 515.10 1547.39 558.45 -1.00 -1.00 -1.00 -1000.00 -1000.00 -1000.00 -1.000 -1.000 -1.000 -1.000 1.00 -1000.0000000000 -1000.0000000000 -1000.0000000000 -1000.0000000000 True True False False
Pedestrian 0.00 0 -1 1548.46 515.95 1562.59 564.93 -1.00 -1.00 -1.00 -1000.00 -1000.00 -1000.00 -1.000 -1.000 -1.000 -1.000 1.00 -1000.0000000000 -1000.0000000000 -1000.0000000000 -1000.0000000000 True True False False
Pedestrian 0.00 0 -1 213.84 511.69 244.12 583.19 -1.00 -1.00 -1.00 -1000.00 -1000.00 -1000.00 -1.000 -1.000 -1.000 -1.000 1.00 -1000.0000000000 -1000.0000000000 -1000.0000000000 -1000.0000000000 True False False False
