PassengerCar 0.96 0 -1 0.00 474.05 34.68 885.24 1.64 1.63 3.85 -4.78 1.51 8.06 1.565 0.000 0.000 3.136 1.00 0.0000000000 0.0000000000 0.9999958370 0.0028854941 True False True False
PassengerCar 0.00 0 -1 617.50 544.47 764.17 652.40 1.53 1.87 3.99 -4.66 2.17 38.05 -4.693 0.050 -0.030 -3.122 1.00 -0.0147417494 -0.0250698559 -0.9995253039 0.0101661216 True True True False
PassengerCar 0.00 2 -1 686.91 557.76 798.70 638.61 1.34 1.66 3.83 -4.46 2.27 43.38 1.571 -0.004 0.001 3.141 1.00 -0.0005816767 -0.0017823650 0.9999982413 0.0000470187 True True True False
PassengerCar 0.00 3 -1 747.52 560.16 817.32 630.62 -1.00 -1.00 -1.00 -1000.00 -1000.00 -1000.00 -1.000 -1.000 -1.000 -1.000 1.00 -1000.0000000000 -1000.0000000000 -1000.0000000000 -1000.0000000000 True True False False
PassengerCar 0.00 1 -1 787.16 533.26 867.59 612.61 2.44 2.04 5.18 -4.84 3.13 71.96 1.567 0.068 0.000 3.138 1.00 -0.0000632726 0.0340208318 0.9994193935 0.0018587409 True True True False
PassengerCar 0.00 0 -1 877.36 504.02 1177.89 725.80 1.37 2.07 4.28 0.25 1.34 16.40 -1.570 0.015 -0.000 0.001 1.00 0.0077065319 -0.0000021507 0.0002790686 0.9999702653 True True True False
DontCare 0.00 -1 -1 844.77 519.49 941.08 555.27 -1.00 -1.00 -1.00 -1000.00 -1000.00 -1000.00 -1.000 -1.000 -1.000 -1.000 1.00 -1000.0000000000 -1000.0000000000 -1000.0000000000 -1000.0000000000 False False False False
DontCare 0.00 3 -1 1077.00 542.00 1136.00 592.00 1.46 1.57 3.91 3.65 2.54 72.67 -1.582 0.000 0.000 -0.011 1.00 0.0000000000 0.0000000000 -0.0056056643 0.9999842881 False False False False
Obstacle 0.00 3 -1 635.71 541.66 666.87 622.52 1.83 0.55 0.60 -6.50 2.11 45.64 -4.658 0.000 0.000 -3.087 1.00 0.0000000000 0.0000000000 -0.9996282482 0.0272647273 True False True True
Obstacle 0.00 0 -1 887.09 553.09 905.46 587.23 -1.00 -1.00 -1.00 -1000.00 -1000.00 -1000.00 -1.000 -1.000 -1.000 -1.000 1.00 -1000.0000000000 -1000.0000000000 -1000.0000000000 -1000.0000000000 True False False True
Pedestrian 0.00 0 -1 96.17 508.26 176.64 704.10 1.66 0.55 0.41 -7.39 1.67 20.43 -2.980 0.000 0.000 -1.409 1.00 0.0000000000 0.0000000000 -0.6478228734 0.7617909980 True False True False
Pedestrian 0.00 0 -1 36.47 476.86 107.28 704.90 1.93 0.44 0.38 -7.87 1.68 20.26 -4.656 0.000 0.000 -3.085 1.00 0.0000000000 0.0000000000 -0.9996010434 0.0282445407 True False True False
Pedestrian 0.16 1 -1 0.00 500.46 48.66 697.82 1.73 0.50 0.68 -9.04 1.67 22.18 -1.660 0.000 0.000 -0.089 1.00 0.0000000000 0.0000000000 -0.0446034818 0.9990047695 True False True True
Pedestrian 0.00 0 -1 209.29 495.23 278.21 687.37 1.75 0.48 0.44 -6.91 1.63 21.87 -4.635 0.000 0.000 -3.065 1.00 0.0000000000 0.0000000000 -0.9992589514 0.0384908832 True False True False
Pedestrian 0.00 1 -1 139.56 476.91 225.89 680.54 1.92 0.56 0.85 -7.70 1.62 22.58 -4.559 0.000 0.000 -2.988 1.00 0.0000000000 0.0000000000 -0.9970472720 0.0767902168 True False True False
Pedestrian 0.00 3 -1 182.17 515.13 245.94 677.20 1.57 0.49 0.57 -8.33 1.74 25.33 -1.422 0.000 0.000 0.149 1.00 0.0000000000 0.0000000000 0.0745166282 0.9972197712 True False True True
Pedestrian 0.00 0 -1 369.92 519.01 430.17 667.84 1.63 0.59 0.50 -6.68 1.79 27.07 -4.705 0.000 0.000 -3.134 1.00 0.0000000000 0.0000000000 -0.9999923182 0.0039196305 True True True False
Pedestrian 0.00 1 -1 251.07 513.70 311.96 678.92 1.91 0.45 0.62 -8.36 1.99 27.87 -0.148 0.000 0.000 1.423 1.00 0.0000000000 0.0000000000 0.6528228487 0.7575106126 True False True False
Pedestrian 0.00 3 -1 373.67 518.53 420.05 664.91 1.71 0.55 0.37 -7.12 1.85 28.10 1.453 0.000 0.000 3.023 1.00 0.0000000000 0.0000000000 0.9982550820 0.0590490580 True False True True
Pedestrian 0.00 0 -1 547.31 529.08 592.95 649.48 1.70 0.61 0.43 -6.08 2.02 34.25 1.421 0.000 0.000 2.992 1.00 0.0000000000 0.0000000000 0.9971883210 0.0749363234 True True True False
Pedestrian 0.00 1 -1 413.72 532.80 450.22 644.58 1.70 0.62 0.55 -8.20 2.00 34.64 -0.144 0.000 0.000 1.427 1.00 0.0000000000 0.0000000000 0.6543872362 0.7561596029 True True True False
Pedestrian 0.00 1 -1 461.16 529.58 506.11 650.07 1.82 0.63 0.62 -7.81 2.16 36.51 1.431 0.000 0.000 3.002 1.00 0.0000000000 0.0000000000 0.9975512151 0.0699397831 True True True False
Pedestrian 0.00 2 -1 526.57 532.59 563.66 642.49 1.67 0.50 0.70 -6.94 2.06 36.87 1.446 0.000 0.000 3.017 1.00 0.0000000000 0.0000000000 0.9980527554 0.0623754555 True True True False
Pedestrian 0.00 0 -1 500.30 540.57 539.89 642.59 1.58 0.59 0.82 -7.53 2.12 38.04 1.453 0.000 0.000 3.024 1.00 0.0000000000 0.0000000000 0.9982723140 0.0587570177 True True True False
Pedestrian 0.00 3 -1 505.35 528.91 540.20 638.24 1.85 0.56 0.73 -7.90 2.20 40.22 1.510 0.000 0.000 3.080 1.00 0.0000000000 0.0000000000 0.9995327763 0.0305651615 True True True False
Pedestrian 0.00 2 -1 559.41 532.84 591.27 636.08 1.65 0.48 0.66 -6.82 2.08 38.88 1.419 0.000 0.000 2.990 1.00 0.0000000000 0.0000000000 0.9971178641 0.0758680765 True True True False
Pedestrian 0.00 1 -1 583.28 540.83 613.25 631.14 1.54 0.46 0.52 -6.82 2.12 41.31 1.464 -0.000 0.000 3.035 1.00 -0.0001620830 -0.0000086358 0.9985836114 0.0532047432 True True True False
Pedestrian 0.00 0 -1 776.65 548.81 821.33 633.88 1.54 0.58 0.71 -3.59 2.36 45.08 -3.163 0.000 0.000 -1.592 1.00 0.0000000000 0.0000000000 -0.7146385226 0.6994939470 True True True True
Pedestrian 0.00 0 -1 868.89 530.96 882.76 565.63 -1.00 -1.00 -1.00 -1000.00 -1000.00 -1000.00 -1.000 -1.000 -1.000 -1.000 1.00 -1000.0000000000 -1000.0000000000 -1000.0000000000 -1000.0000000000 True False False False
Pedestrian 0.00 0 -1 1196.49 533.51 1227.16 601.13 1.71 0.71 0.46 5.89 2.41 62.13 -4.694 0.000 0.000 -3.124 1.00 0.0000000000 0.0000000000 -0.9999596198 0.0089865917 True True True True
Pedestrian 0.06 0 -1 1181.20 537.89 1201.93 598.72 1.63 0.56 0.40 5.35 2.42 62.06 1.441 0.000 0.000 3.012 1.00 0.0000000000 0.0000000000 0.9978964412 0.0648281771 True True True False
Pedestrian 0.06 3 -1 1155.00 536.00 1177.00 600.00 1.64 0.47 0.47 4.59 2.37 60.51 1.450 0.000 0.000 3.020 1.00 0.0000000000 0.0000000000 0.9981648437 0.0605553042 False True True False
Pedestrian 0.07 3 -1 1138.00 534.00 1155.00 599.00 1.65 0.36 0.43 4.05 2.32 60.12 1.448 0.000 0.000 3.019 1.00 0.0000000000 0.0000000000 0.9981114114 0.0614297201 False True True False
Pedestrian 0.00 0 -1 1401.00 477.37 1452.83 627.21 1.87 0.52 0.48 5.56 1.48 29.79 -1.649 0.000 0.000 -0.078 1.00 0.0000000000 0.0000000000 -0.0389392943 0.9992415781 True True True False
Pedestrian 0.00 0 -1 1451.86 491.27 1492.07 624.41 1.73 0.40 0.31 6.35 1.52 30.85 -3.894 0.000 0.000 -2.323 1.00 0.0000000000 0.0000000000 -0.9174382539 0.3978781852 True True True False
Pedestrian 0.00 0 -1 1524.77 467.03 1582.76 618.37 1.98 0.66 0.63 7.28 1.45 30.14 1.041 0.000 0.000 2.612 1.00 0.0000000000 0.0000000000 0.9651238186 0.2617938401 True True True False
Pedestrian 0.00 1 -1 1559.35 479.78 1603.14 610.73 1.66 0.26 0.49 7.68 1.31 30.49 0.875 0.000 0.000 2.446 1.00 0.0000000000 0.0000000000 0.9400489561 0.3410395288 True False True False
