PassengerCar 0.68 0 -1 0.00 407.34 345.63 899.48 1.43 1.58 4.08 -4.20 1.12 8.09 -2.536 -0.001 0.009 -0.965 1.00 0.0015526829 0.0041620143 -0.4639530021 0.8858486770 True False True False
PassengerCar 0.51 3 -1 0.00 433.28 371.83 770.82 1.59 1.66 3.67 -4.90 1.30 11.48 -2.547 0.000 0.000 -0.976 1.00 0.0000000000 0.0000000000 -0.4690587471 0.8831669671 True False True False
PassengerCar 0.00 2 -1 135.90 456.12 709.91 730.39 1.39 1.46 3.48 -3.43 1.11 13.54 -2.572 -0.016 0.010 -1.001 1.00 -0.0044397098 0.0082256166 -0.4796990263 0.8773833098 True True True False
PassengerCar 0.00 3 -1 189.55 457.64 644.02 680.61 1.81 1.66 3.66 -4.45 1.41 17.50 -2.533 0.001 -0.000 -0.963 1.00 0.0001856094 -0.0003554122 -0.4629128129 0.8864037268 True True True False
PassengerCar 0.00 2 -1 420.51 429.00 838.73 644.40 1.61 1.51 3.23 -2.91 0.96 19.03 -2.457 -0.008 0.038 -0.886 1.00 0.0042451714 0.0187813220 -0.4285073768 0.9033330884 True True True False
PassengerCar 0.00 2 -1 506.47 408.21 934.11 628.05 1.87 1.79 4.06 -2.52 1.02 21.45 -2.473 0.000 0.000 -0.902 1.00 0.0000000000 0.0000000000 -0.4359740443 0.8999592394 True True True False
PassengerCar 0.00 3 -1 697.93 468.43 969.52 580.79 1.41 1.67 3.85 -2.32 0.98 32.46 -2.551 0.000 0.000 -0.980 1.00 0.0000000000 0.0000000000 -0.4707640818 0.8822591339 True True True False
PassengerCar 0.00 1 -1 1141.68 389.12 1478.34 572.76 2.44 1.88 6.02 4.69 0.83 35.52 -2.084 0.010 0.012 -0.513 1.00 0.0061256069 0.0044404909 -0.2538268607 0.9672200803 True True True False
PassengerCar 0.00 1 -1 898.59 461.32 1135.66 560.98 1.69 1.64 3.85 0.45 0.90 40.17 -2.840 0.000 0.000 -1.269 1.00 0.0000000000 0.0000000000 -0.5928567354 0.8053079481 True True True False
PassengerCar 0.00 1 -1 1394.55 420.12 1622.26 606.75 2.19 1.71 4.51 6.00 1.17 27.70 -1.575 -0.000 0.039 -0.005 1.00 -0.0000018940 0.0195609633 -0.0023164307 0.9998059826 True True True False
PassengerCar 0.00 2 -1 1445.49 468.20 1684.59 641.50 1.50 1.59 4.01 5.33 1.11 21.81 -1.507 0.001 0.010 0.064 1.00 0.0001629839 0.0050943284 0.0319764325 0.9994756270 True True True False
PassengerCar 0.00 0 -1 1531.34 467.27 1917.66 698.78 1.47 1.57 4.22 4.85 1.19 16.08 -1.503 0.001 0.004 0.067 1.00 0.0002471851 0.0018503447 0.0336993008 0.9994302738 True True True False
PassengerCar 0.93 0 -1 1847.21 462.52 1920.00 891.92 1.35 1.76 4.02 4.67 1.22 8.77 -1.477 -0.011 0.002 0.094 1.00 -0.0054430033 0.0005178684 0.0467656559 0.9988909245 True True True False
