PassengerCar 0.88 0 -1 0.00 492.72 444.41 1024.00 1.37 1.68 4.21 -2.51 1.32 5.11 -1.535 0.020 -0.001 0.036 1.00 0.0102484769 -0.0001841988 0.0179694397 0.9997859941 True True True False
PassengerCar 0.00 1 -1 0.00 508.67 701.64 894.52 1.39 1.83 4.06 -2.35 1.34 9.79 -1.526 0.000 0.000 0.045 1.00 0.0000000000 0.0000000000 0.0223394685 0.9997504429 True True True False
PassengerCar 0.00 2 -1 457.05 504.23 815.63 754.91 1.40 1.78 3.92 -2.10 1.42 14.88 -1.584 -0.000 -0.019 -0.013 1.00 -0.0001452806 -0.0094909971 -0.0065916508 0.9999332228 True True True False
PassengerCar 0.00 2 -1 575.11 520.76 855.88 689.83 1.40 1.85 3.85 -2.20 1.46 20.29 -1.512 0.000 0.000 0.059 1.00 0.0000000000 0.0000000000 0.0295190262 0.9995642186 True True True False
PassengerCar 0.00 2 -1 682.54 506.69 887.42 670.34 1.54 1.83 3.72 -2.04 1.50 24.65 -1.534 0.000 0.000 0.037 1.00 0.0000000000 0.0000000000 0.0183576133 0.9998314848 True True True False
PassengerCar 0.00 2 -1 759.39 525.43 917.04 642.83 1.50 1.85 3.83 -1.92 1.57 31.13 -1.571 0.000 0.000 0.000 1.00 0.0000000000 0.0000000000 0.0000000000 1.0000000000 True True True False
PassengerCar 0.00 3 -1 800.60 531.16 934.04 621.64 1.38 1.84 3.83 -1.90 1.76 38.05 -1.541 0.001 -0.001 0.030 1.00 0.0004213134 -0.0002717838 0.0150946594 0.9998859434 True True True False
PassengerCar 0.00 3 -1 830.08 529.99 944.37 615.47 1.46 1.78 3.43 -1.76 1.87 42.00 -1.537 -0.000 -0.012 0.034 1.00 -0.0001010255 -0.0060124117 0.0168001554 0.9998407851 True True True False
PassengerCar 0.00 3 -1 861.52 532.19 959.85 608.03 1.42 1.64 3.88 -1.49 1.90 46.52 -1.526 0.001 0.000 0.045 1.00 0.0005241430 0.0002146577 0.0224471999 0.9997478694 True True True False
PassengerCar 0.00 2 -1 890.24 530.80 978.80 599.49 1.43 1.78 3.83 -1.16 1.96 52.43 -1.552 0.020 -0.002 0.019 1.00 0.0101022101 -0.0007432412 0.0095356488 0.9999032275 True True True False
PassengerCar 0.00 3 -1 908.76 530.56 986.29 595.74 1.51 1.73 3.88 -0.95 2.09 57.20 -1.551 0.008 -0.015 0.020 1.00 0.0042586659 -0.0076050892 0.0097929615 0.9999140585 True True True False
PassengerCar 0.00 3 -1 918.48 523.96 992.33 586.00 1.59 1.85 3.85 -0.83 2.01 62.28 -1.558 0.000 0.000 0.012 1.00 0.0000000000 0.0000000000 0.0061765320 0.9999809250 True True True False
PassengerCar 0.00 2 -1 942.07 516.62 1006.24 573.88 1.84 1.95 4.46 -0.43 2.13 77.92 -1.537 0.000 0.000 0.033 1.00 0.0000000000 0.0000000000 0.0167433665 0.9998598200 True True True False
PassengerCar 0.90 0 -1 1682.42 495.53 1920.00 984.68 1.42 2.01 3.96 3.33 1.34 6.10 -1.571 0.000 0.000 -0.000 1.00 0.0000000000 0.0000000000 -0.0001104134 0.9999999939 True False True False
PassengerCar 0.19 1 -1 1436.89 489.51 1920.00 840.06 1.48 1.82 3.85 3.28 1.35 11.22 -1.532 0.000 0.009 0.039 1.00 0.0000846739 0.0043935469 0.0192685760 0.9998046867 True True True False
PassengerCar 0.00 1 -1 1254.25 461.39 1610.14 714.10 1.83 1.88 4.94 3.23 1.43 18.24 -1.571 0.000 0.000 0.000 1.00 0.0000000000 0.0000000000 0.0000000000 1.0000000000 True True True False
PassengerCar 0.00 3 -1 1227.08 521.56 1459.71 676.00 1.41 1.84 3.90 3.47 1.52 23.88 -1.571 0.000 0.000 0.000 1.00 0.0000000000 0.0000000000 0.0000000000 1.0000000000 True True True False
PassengerCar 0.00 3 -1 1195.90 528.25 1354.86 651.33 1.44 1.58 3.32 3.54 1.70 29.47 -1.571 0.000 0.000 -0.000 1.00 0.0000000000 0.0000000000 -0.0001224299 0.9999999925 True True True False
PassengerCar 0.00 2 -1 1169.11 524.24 1322.08 629.28 1.45 1.88 3.85 3.66 1.61 34.29 -1.564 -0.003 0.010 0.007 1.00 -0.0014744424 0.0050828457 0.0033246817 0.9999804684 True True True False
PassengerCar 0.00 3 -1 1157.80 524.30 1272.97 610.22 1.57 1.82 3.84 4.29 1.91 44.98 -1.571 0.000 -0.014 0.000 1.00 0.0000000000 -0.0067604585 0.0000000000 0.9999771478 True True True False
PassengerCar_is_group 0.00 2 -1 1135.96 521.81 1237.70 600.76 1.69 1.83 5.38 4.46 1.91 51.95 -1.571 0.000 0.000 0.000 1.00 0.0000000000 0.0000000000 0.0000000000 1.0000000000 True True True False
PassengerCar 0.00 2 -1 1121.39 527.31 1200.23 588.49 -1.00 -1.00 -1.00 -1000.00 -1000.00 -1000.00 -1.000 -1.000 -1.000 -1.000 1.00 -1000.0000000000 -1000.0000000000 -1000.0000000000 -1000.0000000000 True True False False
PassengerCar 0.00 3 -1 1113.02 527.11 1171.93 571.75 -1.00 -1.00 -1.00 -1000.00 -1000.00 -1000.00 -1.000 -1.000 -1.000 -1.000 1.00 -1000.0000000000 -1000.0000000000 -1000.0000000000 -1000.0000000000 True True False False
PassengerCar 0.00 3 -1 1085.66 514.44 1125.28 555.02 -1.00 -1.00 -1.00 -1000.00 -1000.00 -1000.00 -1.000 -1.000 -1.000 -1.000 1.00 -1000.0000000000 -1000.0000000000 -1000.0000000000 -1000.0000000000 True True False False
Vehicle 0.00 3 -1 983.25 519.22 1017.29 558.48 -1.00 -1.00 -1.00 -1000.00 -1000.00 -1000.00 -1.000 -1.000 -1.000 -1.000 1.00 -1000.0000000000 -1000.0000000000 -1000.0000000000 -1000.0000000000 True False False True
Pedestrian 0.00 0 -1 999.56 502.14 1055.05 647.54 1.67 0.47 0.72 0.54 1.59 27.87 -3.129 0.000 0.000 -1.558 1.00 0.0000000000 0.0000000000 -0.7025093918 0.7116744723 True True True False
Pedestrian 0.00 0 -1 1083.49 489.37 1136.16 650.73 1.85 0.60 0.58 1.41 1.64 27.29 -3.144 -0.002 0.000 -1.573 1.00 -0.0005136747 0.0005648613 -0.7080544566 0.7061574212 True True True False
