PassengerCar 0.00 0 -1 963.14 506.92 1122.76 640.42 1.42 1.69 4.04 0.56 1.40 26.92 -1.571 0.000 0.008 0.000 1.00 0.0000000000 0.0037945297 0.0000000000 0.9999928007 True True True False
PassengerCar 0.00 0 -1 792.86 508.55 903.57 609.74 1.61 1.66 3.97 -2.28 1.62 39.22 -1.571 0.000 0.000 0.000 1.00 0.0000000000 0.0000000000 0.0000000000 1.0000000000 True True True False
PassengerCar 0.78 0 -1 1667.26 450.01 1920.00 902.18 1.38 1.82 3.76 3.27 1.18 6.97 -1.542 0.046 -0.002 0.029 1.00 0.0231242018 -0.0007973461 0.0143683077 0.9996290248 True False True False
PassengerCar 0.07 1 -1 1392.70 460.56 1897.79 772.34 1.49 1.72 4.33 3.34 1.31 12.37 -1.565 0.013 -0.003 0.006 1.00 0.0067189640 -0.0014654740 0.0028397434 0.9999723215 True True True False
PassengerCar 0.00 2 -1 1290.73 475.98 1596.24 686.54 1.53 1.84 3.96 3.51 1.32 18.59 -1.593 0.018 0.001 -0.023 1.00 0.0088130684 0.0002593069 -0.0113520564 0.9998966914 True True True False
PassengerCar 0.00 2 -1 1215.28 500.39 1422.83 646.39 1.38 1.75 3.98 3.37 1.32 24.28 -1.591 0.055 -0.013 -0.020 1.00 0.0274539922 -0.0068760086 -0.0097237429 0.9995521235 True True True False
PassengerCar 0.00 3 -1 1199.36 499.98 1361.51 619.74 1.55 1.67 3.73 4.03 1.47 32.96 -1.602 0.016 -0.001 -0.031 1.00 0.0078857013 -0.0003863761 -0.0157345755 0.9998450328 True True True False
PassengerCar 0.00 3 -1 1150.07 505.38 1232.18 587.21 1.56 1.83 4.02 4.18 1.50 46.85 -1.541 0.014 -0.000 0.030 1.00 0.0070214336 -0.0001042211 0.0148412737 0.9998652035 True True True False
PassengerCar 0.00 3 -1 1129.26 512.14 1204.26 580.45 1.44 1.31 3.42 3.88 1.54 51.46 -1.589 0.003 -0.001 -0.018 1.00 0.0013835603 -0.0003770510 -0.0091245206 0.9999573424 True True True False
PassengerCar_is_group 0.00 3 -1 1082.17 506.18 1165.96 578.77 1.50 1.82 5.84 4.25 1.58 58.11 -1.537 0.000 0.000 0.034 1.00 0.0000000000 0.0000000000 0.0170904827 0.9998539470 True True True False
PassengerCar 0.00 1 -1 855.94 512.13 946.17 583.04 1.75 1.96 4.30 -2.11 1.86 57.69 -1.571 0.000 0.000 0.000 1.00 0.0000000000 0.0000000000 0.0000000000 1.0000000000 True True True False
PassengerCar 0.00 3 -1 1186.04 487.76 1410.09 624.08 1.38 1.80 3.20 4.07 1.25 28.65 -3.136 0.054 -0.000 -1.566 1.00 0.0189059907 -0.0190040077 -0.7050227356 0.7086778912 True True True True
PassengerCar 0.00 3 -1 978.37 497.71 1077.08 588.95 1.60 1.76 4.17 0.45 1.51 43.34 -1.571 0.000 0.000 0.000 1.00 0.0000000000 0.0000000000 0.0000000000 1.0000000000 True True True True
PassengerCar 0.00 3 -1 1170.77 504.25 1324.85 602.35 1.57 1.85 4.02 4.00 1.52 37.48 -1.571 0.038 0.000 0.000 1.00 0.0187971085 0.0000000000 0.0000000000 0.9998233187 True True True False
DontCare 0.00 -1 -1 60.78 533.70 225.41 598.78 1.50 1.96 4.04 -22.45 2.18 62.75 -0.022 0.018 0.000 1.549 1.00 0.0061215661 0.0062589615 0.6991896690 0.7148826188 False False False False
DontCare 0.00 -1 -1 216.36 510.57 371.51 603.58 1.87 3.43 7.79 -16.07 1.88 56.58 -1.571 0.000 0.000 0.000 1.00 0.0000000000 0.0000000000 0.0000000000 1.0000000000 False False False False
DontCare 0.00 -1 -1 588.21 530.14 613.94 575.17 -1.00 -1.00 -1.00 -1000.00 -1000.00 -1000.00 -1.000 -1.000 -1.000 -1.000 1.00 -1000.0000000000 -1000.0000000000 -1000.0000000000 -1000.0000000000 False False False False
DontCare 0.00 -1 -1 918.82 524.08 985.29 565.13 1.50 1.89 4.81 -1.52 1.91 71.65 -1.571 0.000 0.000 0.000 1.00 0.0000000000 0.0000000000 0.0000000000 1.0000000000 False False False False
Obstacle 0.00 3 -1 1542.77 465.20 1584.51 598.54 1.55 0.31 0.51 6.79 1.05 27.78 1.563 0.031 0.000 3.134 1.00 -0.0000578418 0.0156070641 0.9998713343 0.0037055363 True False True False
Obstacle 0.00 3 -1 1601.29 441.48 1639.39 584.87 1.67 0.35 0.42 7.45 0.91 27.70 1.551 0.029 0.001 3.122 1.00 -0.0001428165 0.0146286704 0.9998453375 0.0097612873 True False True False
Obstacle 0.65 3 -1 1876.75 408.61 1920.00 627.62 1.48 0.58 0.42 6.39 0.80 15.86 -4.692 0.019 -0.000 -3.121 1.00 -0.0000985027 -0.0095990034 -0.9999012778 0.0102607996 True False True False
Obstacle 0.00 2 -1 1752.46 417.44 1823.05 597.68 1.47 0.42 0.43 6.62 0.73 19.49 1.520 0.000 0.000 3.090 1.00 0.0000000000 0.0000000000 0.9996713239 0.0256367743 True False False False
Obstacle 0.00 3 -1 1569.78 453.85 1594.07 554.23 1.36 0.28 0.25 8.23 0.61 32.66 -4.664 0.000 0.000 -3.094 1.00 0.0000000000 0.0000000000 -0.9997111278 0.0240345785 True False True False
Obstacle 0.00 3 -1 1436.92 456.25 1473.10 594.45 1.64 0.91 0.50 5.93 1.03 28.19 -1.571 0.000 0.000 0.000 1.00 0.0000000000 0.0000000000 0.0000000000 1.0000000000 True False True True
Obstacle 0.00 3 -1 1396.94 473.34 1425.28 581.39 1.41 0.31 0.38 5.71 0.96 31.80 -1.571 0.000 0.000 0.000 1.00 0.0000000000 0.0000000000 0.0000000000 1.0000000000 True False True False
Pedestrian 0.00 0 -1 689.08 474.24 726.13 585.88 1.77 0.62 0.50 -4.28 1.24 36.09 0.059 0.000 0.000 1.629 1.00 0.0000000000 0.0000000000 0.7275102534 0.6860968089 True True True False
