PassengerCar 0.00 0 -1 976.21 450.52 1136.62 601.74 1.87 2.13 4.17 0.96 1.19 32.02 -1.569 0.019 -0.000 0.002 1.00 0.0093051728 -0.0000093957 0.0010096822 0.9999561961 True True True False
PassengerCar 0.00 0 -1 712.16 494.47 871.91 616.23 1.49 1.85 4.20 -2.56 1.28 30.73 -1.573 0.028 0.031 -0.002 1.00 0.0138265091 0.0153466897 -0.0012675176 0.9997858271 True True True False
PassengerCar 0.00 0 -1 1169.55 460.30 1332.36 516.86 1.43 1.80 4.14 7.11 0.19 63.13 -2.924 -0.002 0.023 -1.353 1.00 0.0065811953 0.0094811168 -0.6259506677 0.7797772489 True True True False
PassengerCar 0.00 0 -1 1578.23 454.81 1750.06 516.75 1.56 1.80 3.97 17.38 0.24 60.83 -2.886 0.000 0.000 -1.315 1.00 0.0000000000 0.0000000000 -0.6111515394 0.7915136107 True False True False
PassengerCar 0.00 0 -1 342.50 495.59 449.26 555.04 1.43 1.80 3.90 -15.65 1.13 62.06 1.011 0.052 0.059 2.581 1.00 -0.0212632019 0.0330072981 0.9600764713 0.2769685248 True True True False
PassengerCar 0.00 1 -1 419.79 487.46 547.72 544.31 1.54 1.88 4.20 -14.17 0.96 65.44 0.864 0.061 0.052 2.434 1.00 -0.0138132568 0.0373308045 0.9371115572 0.3467528432 True True True False
PassengerCar 0.00 0 -1 80.20 492.32 226.91 547.11 1.50 1.93 3.96 -23.38 1.13 66.23 0.614 0.037 0.053 2.185 1.00 -0.0147938874 0.0284955127 0.8870621931 0.4605320969 True False True False
PassengerCar 0.66 0 -1 0.00 536.06 150.82 666.97 1.25 1.88 4.34 -9.98 1.58 22.53 -4.514 0.000 0.000 -2.943 1.00 0.0000000000 0.0000000000 -0.9950739545 0.0991353880 True False True False
PassengerCar 0.00 0 -1 736.21 459.65 847.20 520.74 -1.00 -1.00 -1.00 -1000.00 -1000.00 -1000.00 -1.000 -1.000 -1.000 -1.000 1.00 -1000.0000000000 -1000.0000000000 -1000.0000000000 -1000.0000000000 True False False False
Pedestrian 0.00 0 -1 1784.78 451.28 1818.03 544.40 1.88 0.37 0.75 16.66 0.71 48.17 -2.614 0.002 -0.002 -1.043 1.00 0.0003356891 -0.0011290817 -0.4982225800 0.8670483685 True False True False
Pedestrian 0.00 0 -1 1754.58 455.51 1781.93 541.85 1.69 0.27 0.54 16.15 0.64 48.79 -2.400 0.004 0.000 -0.829 1.00 0.0019900401 -0.0008752564 -0.4025984399 0.9153741147 True True True False
Pedestrian 0.00 0 -1 682.66 473.78 713.29 549.30 1.77 0.54 0.60 -6.91 0.97 56.24 -0.480 0.000 0.000 1.091 1.00 0.0000000000 0.0000000000 0.5187810845 0.8549071215 True True True False
Pedestrian 0.00 0 -1 666.27 479.98 692.74 549.74 1.64 0.55 0.68 -7.48 0.96 56.90 -0.164 0.000 0.000 1.407 1.00 0.0000000000 0.0000000000 0.6468855540 0.7625870967 True True True False
Pedestrian 0.00 0 -1 697.74 466.01 725.19 548.31 -1.00 -1.00 -1.00 -1000.00 -1000.00 -1000.00 -1.000 -1.000 -1.000 -1.000 1.00 -1000.0000000000 -1000.0000000000 -1000.0000000000 -1000.0000000000 True True False False
