PassengerCar 0.00 0 -1 726.56 513.67 798.13 566.74 1.54 1.86 4.35 -6.57 1.68 68.90 1.526 0.000 0.000 3.097 1.00 0.0000000000 0.0000000000 0.9997536054 0.0221974886 True True True False
PassengerCar 0.00 0 -1 451.52 520.67 551.82 571.58 1.47 1.81 3.91 -14.46 1.85 70.19 -4.603 0.000 0.000 -3.032 1.00 0.0000000000 0.0000000000 -0.9984961880 0.0548211861 True True True False
PassengerCar 0.00 0 -1 1471.00 493.71 1569.70 552.25 1.48 1.68 3.85 13.90 1.13 61.71 -1.579 0.000 0.000 -0.008 1.00 0.0000000000 0.0000000000 -0.0039560504 0.9999921748 True True True False
PassengerCar 0.00 3 -1 45.23 529.76 229.10 590.81 1.47 1.80 3.95 -21.76 2.14 60.08 -3.751 0.000 0.000 -2.180 1.00 0.0000000000 0.0000000000 -0.8867322654 0.4622833433 True False True False
DontCare 0.00 -1 -1 297.66 520.35 389.72 566.54 -1.00 -1.00 -1.00 -1000.00 -1000.00 -1000.00 -1.000 -1.000 -1.000 -1.000 1.00 -1000.0000000000 -1000.0000000000 -1000.0000000000 -1000.0000000000 -1 -1 -1 -1
DontCare 0.00 -1 -1 221.75 524.66 309.78 567.99 -1.00 -1.00 -1.00 -1000.00 -1000.00 -1000.00 -1.000 -1.000 -1.000 -1.000 1.00 -1000.0000000000 -1000.0000000000 -1000.0000000000 -1000.0000000000 -1 -1 -1 -1
Pedestrian 0.00 0 -1 1563.81 469.21 1602.89 582.36 1.87 0.37 0.55 9.88 1.23 39.11 0.021 0.000 0.000 1.592 1.00 0.0000000000 0.0000000000 0.7146210901 0.6995117566 True False True False
Pedestrian 0.11 0 -1 0.00 516.32 46.07 618.77 1.60 0.47 0.73 -15.28 1.73 37.23 -1.521 0.000 0.000 0.050 1.00 0.0000000000 0.0000000000 0.0248198628 0.9996919398 True False True False
Pedestrian 0.00 -1 -1 1214.34 501.67 1227.53 532.80 -1.00 -1.00 -1.00 -1000.00 -1000.00 -1000.00 -1.000 -1.000 -1.000 -1.000 1.00 -1000.0000000000 -1000.0000000000 -1000.0000000000 -1000.0000000000 -1 -1 -1 -1
Pedestrian 0.00 -1 -1 1225.47 501.13 1239.13 532.19 -1.00 -1.00 -1.00 -1000.00 -1000.00 -1000.00 -1.000 -1.000 -1.000 -1.000 1.00 -1000.0000000000 -1000.0000000000 -1000.0000000000 -1000.0000000000 -1 -1 -1 -1
Pedestrian 0.00 -1 -1 1237.43 500.27 1256.71 531.96 -1.00 -1.00 -1.00 -1000.00 -1000.00 -1000.00 -1.000 -1.000 -1.000 -1.000 1.00 -1000.0000000000 -1000.0000000000 -1000.0000000000 -1000.0000000000 -1 -1 -1 -1
