PassengerCar 0.00 0 -1 756.67 443.98 1278.01 854.59 1.53 1.99 4.22 0.11 1.15 9.11 -1.586 0.000 0.000 -0.015 1.00 0.0000000000 0.0000000000 -0.0077245129 0.9999701655 True True True False
PassengerCar 0.55 0 -1 0.00 369.22 561.48 896.38 1.52 1.82 4.40 -3.44 1.00 7.44 -2.628 0.000 0.000 -1.057 1.00 0.0000000000 0.0000000000 -0.5042658356 0.8635484741 True True True False
PassengerCar 0.29 3 -1 6.44 438.46 646.30 750.29 1.54 1.85 4.09 -3.52 1.01 10.71 -2.763 0.000 0.000 -1.193 1.00 0.0000000000 0.0000000000 -0.5615479276 0.8274442126 True True True False
PassengerCar 0.25 3 -1 110.51 422.15 657.93 697.32 1.56 1.85 4.19 -4.80 0.92 14.11 -2.655 0.000 0.000 -1.084 1.00 0.0000000000 0.0000000000 -0.5158650075 0.8566698863 True True True False
PassengerCar 0.00 3 -1 412.84 446.03 804.83 647.83 1.52 1.86 4.02 -4.52 0.89 17.62 -2.611 0.000 0.000 -1.040 1.00 0.0000000000 0.0000000000 -0.4970009590 0.8677499909 True True True False
PassengerCar 0.00 3 -1 451.40 446.85 820.78 640.59 1.51 1.84 4.11 -3.55 0.83 19.61 -2.629 -0.026 -0.018 -1.058 1.00 -0.0159396692 -0.0011869744 -0.5046768028 0.8631603807 True False True False
PassengerCar 0.00 3 -1 568.82 451.17 838.12 615.24 1.51 1.82 4.12 -3.54 0.87 22.79 -2.624 0.000 0.000 -1.053 1.00 0.0000000000 0.0000000000 -0.5025466526 0.8645500922 True False True False
PassengerCar 0.68 0 -1 1531.94 375.82 1920.00 1024.00 1.55 1.92 3.20 2.59 1.16 6.35 -1.547 0.000 0.000 0.023 1.00 0.0000000000 0.0000000000 0.0117265947 0.9999312411 True True True False
PassengerCar 0.07 1 -1 1313.69 460.17 1789.26 811.72 1.52 1.74 4.34 2.49 1.11 10.31 -1.576 0.000 0.000 -0.005 1.00 0.0000000000 0.0000000000 -0.0024094772 0.9999970972 True True True False
PassengerCar 0.00 2 -1 1217.04 473.19 1526.13 732.98 1.54 1.84 4.12 2.74 1.06 16.00 -1.571 0.000 0.015 0.000 1.00 0.0000000007 0.0076396071 -0.0000000000 0.9999708178 True True True False
PassengerCar 0.00 3 -1 1179.37 466.35 1387.41 644.30 1.50 1.79 4.07 2.83 1.04 21.92 -1.571 0.000 0.000 0.000 1.00 0.0000000000 0.0000000000 0.0000000000 1.0000000000 True True True False
PassengerCar 0.00 3 -1 1130.82 464.31 1290.35 613.62 1.57 1.83 4.10 2.70 1.11 26.60 -1.571 0.000 0.000 0.000 1.00 0.0000000000 0.0000000000 0.0000000000 1.0000000000 True False True False
PassengerCar 0.00 3 -1 207.32 415.46 543.96 670.52 -1.00 -1.00 -1.00 -1000.00 -1000.00 -1000.00 -1.000 -1.000 -1.000 -1.000 1.00 -1000.0000000000 -1000.0000000000 -1000.0000000000 -1000.0000000000 True False False False
Vehicle 0.00 3 -1 1119.00 460.00 1282.00 595.00 1.69 1.81 4.17 2.79 1.10 31.63 -1.571 0.000 0.000 0.000 1.00 0.0000000000 0.0000000000 0.0000000000 1.0000000000 False False True False
Vehicle 0.00 3 -1 1092.00 472.00 1215.00 577.00 1.70 1.82 4.12 2.80 1.14 40.49 -1.571 0.000 0.000 0.000 1.00 0.0000000000 0.0000000000 0.0000000000 1.0000000000 False False True False
Vehicle 0.00 3 -1 1107.00 479.00 1245.00 584.00 1.53 1.81 3.90 2.86 1.14 36.37 -1.571 0.000 0.000 0.000 1.00 0.0000000000 0.0000000000 0.0000000000 1.0000000000 False False True False
Pedestrian 0.00 3 -1 1626.60 407.75 1710.34 639.81 1.87 0.53 0.42 5.65 1.01 19.24 -1.571 0.000 0.000 0.000 1.00 0.0000000000 0.0000000000 0.0000000000 1.0000000000 True False True False
Pedestrian 0.00 3 -1 1412.80 412.31 1479.71 637.91 2.01 0.58 0.30 4.19 1.03 21.11 -1.563 0.000 0.000 0.008 1.00 0.0000000000 0.0000000000 0.0040902703 0.9999916348 True False True False
Pedestrian 0.00 3 -1 1382.10 429.94 1426.73 618.44 1.85 0.23 0.35 4.14 1.06 23.09 -0.003 0.000 0.000 1.568 1.00 0.0000000000 0.0000000000 0.7062080584 0.7080043632 True False True False
Pedestrian 0.00 3 -1 1464.07 424.89 1526.55 628.45 1.97 0.55 0.38 5.13 1.06 23.00 -1.571 0.000 0.000 0.000 1.00 0.0000000000 0.0000000000 0.0000000000 1.0000000000 True False True False
