PassengerCar 0.85 0 -1 1826.55 486.30 1920.00 712.97 1.41 1.86 3.93 6.48 1.26 13.48 -1.616 0.054 0.000 -0.045 1.00 0.0272063460 -0.0006091400 -0.0223757297 0.9993791925 True False True False
PassengerCar 0.27 1 -1 1576.55 435.92 1909.29 705.86 1.92 1.87 4.29 6.11 1.40 18.02 -1.591 0.000 0.000 -0.020 1.00 0.0000000000 0.0000000000 -0.0098952172 0.9999510411 True False True False
PassengerCar 0.00 2 -1 1464.92 518.82 1742.93 666.64 1.49 1.67 3.78 6.15 1.60 23.69 -1.660 0.000 0.000 -0.089 1.00 0.0000000000 0.0000000000 -0.0445798615 0.9990058238 True True True False
PassengerCar 0.00 2 -1 1403.32 522.07 1594.87 644.69 1.38 1.43 3.98 6.11 1.55 28.52 -1.577 0.000 0.000 -0.006 1.00 0.0000000000 0.0000000000 -0.0031224855 0.9999951250 True True True False
PassengerCar 0.00 0 -1 1258.53 526.10 1402.39 626.08 1.65 1.76 4.09 5.95 1.99 41.47 -1.650 0.017 0.000 -0.079 1.00 0.0087056657 -0.0003429643 -0.0393634939 0.9991869740 True True True False
PassengerCar 0.00 2 -1 1226.00 541.11 1333.19 616.25 1.61 1.79 4.21 6.44 2.36 51.99 -1.608 0.000 0.000 -0.037 1.00 0.0000000000 0.0000000000 -0.0187209908 0.9998247469 True True True False
PassengerCar 0.00 0 -1 1069.44 554.56 1106.41 584.84 -1.00 -1.00 -1.00 -1000.00 -1000.00 -1000.00 -1.000 -1.000 -1.000 -1.000 1.00 -1000.0000000000 -1000.0000000000 -1000.0000000000 -1000.0000000000 True True False False
PassengerCar 0.00 3 -1 1065.79 547.00 1100.98 578.89 -1.00 -1.00 -1.00 -1000.00 -1000.00 -1000.00 -1.000 -1.000 -1.000 -1.000 1.00 -1000.0000000000 -1000.0000000000 -1000.0000000000 -1000.0000000000 True True False False
PassengerCar 0.00 2 -1 596.61 547.51 668.79 583.98 -1.00 -1.00 -1.00 -1000.00 -1000.00 -1000.00 -1.000 -1.000 -1.000 -1.000 1.00 -1000.0000000000 -1000.0000000000 -1000.0000000000 -1000.0000000000 True True False False
PassengerCar 0.00 0 -1 633.25 555.91 716.56 616.37 1.47 1.71 4.21 -8.44 2.73 63.25 1.555 0.000 0.000 3.126 1.00 0.0000000000 0.0000000000 0.9999682318 0.0079709090 True True True False
PassengerCar 0.00 0 -1 756.57 545.87 809.32 584.09 -1.00 -1.00 -1.00 -1000.00 -1000.00 -1000.00 -1.000 -1.000 -1.000 -1.000 1.00 -1000.0000000000 -1000.0000000000 -1000.0000000000 -1000.0000000000 True True False False
PassengerCar 0.00 2 -1 676.24 539.02 763.49 574.28 -1.00 -1.00 -1.00 -1000.00 -1000.00 -1000.00 -1.000 -1.000 -1.000 -1.000 1.00 -1000.0000000000 -1000.0000000000 -1000.0000000000 -1000.0000000000 True False False False
Pedestrian 0.00 1 -1 1381.25 521.04 1412.22 598.83 1.70 0.54 0.53 9.12 2.02 52.54 1.466 0.000 0.000 3.037 1.00 0.0000000000 0.0000000000 0.9986328867 0.0522719571 True True True False
Pedestrian 0.00 1 -1 1222.15 543.95 1235.57 586.38 -1.00 -1.00 -1.00 -1000.00 -1000.00 -1000.00 -1.000 -1.000 -1.000 -1.000 1.00 -1000.0000000000 -1000.0000000000 -1000.0000000000 -1000.0000000000 True True False False
Pedestrian 0.00 0 -1 1199.39 541.75 1218.94 584.17 -1.00 -1.00 -1.00 -1000.00 -1000.00 -1000.00 -1.000 -1.000 -1.000 -1.000 1.00 -1000.0000000000 -1000.0000000000 -1000.0000000000 -1000.0000000000 True True False False
