PassengerCar 0.21 0 -1 1.51 498.86 340.01 719.15 1.56 1.93 4.18 -6.54 1.56 18.41 -1.603 0.010 0.000 -0.032 1.00 0.0049081619 0.0000788294 -0.0160586230 0.9998590022 True True True False
PassengerCar 0.00 0 -1 746.72 552.03 891.91 647.44 1.67 2.06 4.45 -3.49 2.63 45.99 -1.498 -0.006 -0.034 0.073 1.00 -0.0022085967 -0.0171117549 0.0363151440 0.9991914332 True True True False
PassengerCar 0.00 0 -1 927.13 577.53 1013.96 639.16 1.44 1.87 3.71 -0.46 3.20 58.80 -1.507 -0.010 -0.042 0.064 1.00 -0.0041350126 -0.0210184159 0.0316996685 0.9992678614 True True True False
PassengerCar 0.00 0 -1 325.48 591.87 458.36 650.87 1.32 1.85 4.16 -13.02 3.14 51.29 -4.666 -0.001 -0.032 -3.095 1.00 -0.0160712895 0.0003709227 -0.9996045810 0.0230707092 True True False True
PassengerCar 0.00 2 -1 833.41 585.02 921.90 637.74 1.46 1.85 4.23 -3.06 3.66 67.74 -1.379 -0.004 -0.019 0.192 1.00 -0.0009315488 -0.0096650415 0.0959342161 0.9953403164 True True True True
DontCare 0.00 -1 -1 414.39 582.26 631.43 642.70 1.50 2.14 11.26 -16.29 4.18 79.19 -4.539 -0.005 -0.026 -2.968 1.00 -0.0132368070 0.0011504680 -0.9961562715 0.0865802877 False False False False
DontCare 0.00 -1 -1 1087.28 560.24 1169.26 636.23 -1.00 -1.00 -1.00 -1000.00 -1000.00 -1000.00 -1.000 -1.000 -1.000 -1.000 1.00 -1000.0000000000 -1000.0000000000 -1000.0000000000 -1000.0000000000 False False False False
DontCare 0.00 -1 -1 1161.24 577.13 1393.00 628.72 -1.00 -1.00 -1.00 -1000.00 -1000.00 -1000.00 -1.000 -1.000 -1.000 -1.000 1.00 -1000.0000000000 -1000.0000000000 -1000.0000000000 -1000.0000000000 False False False False
DontCare 0.00 -1 -1 630.92 578.17 732.42 621.51 -1.00 -1.00 -1.00 -1000.00 -1000.00 -1000.00 -1.000 -1.000 -1.000 -1.000 1.00 -1000.0000000000 -1000.0000000000 -1000.0000000000 -1000.0000000000 False False False False
DontCare 0.00 -1 -1 1397.46 579.54 1470.93 627.36 -1.00 -1.00 -1.00 -1000.00 -1000.00 -1000.00 -1.000 -1.000 -1.000 -1.000 1.00 -1000.0000000000 -1000.0000000000 -1000.0000000000 -1000.0000000000 False False False False
DontCare 0.00 -1 -1 1499.74 551.23 1659.95 623.31 -1.00 -1.00 -1.00 -1000.00 -1000.00 -1000.00 -1.000 -1.000 -1.000 -1.000 1.00 -1000.0000000000 -1000.0000000000 -1000.0000000000 -1000.0000000000 False False False False
Vehicle 0.00 2 -1 932.03 566.62 1022.12 623.11 -1.00 -1.00 -1.00 -1000.00 -1000.00 -1000.00 -1.000 -1.000 -1.000 -1.000 1.00 -1000.0000000000 -1000.0000000000 -1000.0000000000 -1000.0000000000 True True True True
Vehicle 0.00 3 -1 1031.59 543.76 1113.54 624.27 -1.00 -1.00 -1.00 -1000.00 -1000.00 -1000.00 -1.000 -1.000 -1.000 -1.000 1.00 -1000.0000000000 -1000.0000000000 -1000.0000000000 -1000.0000000000 True True True True
Pedestrian 0.00 0 -1 1783.63 494.53 1839.94 670.52 1.72 0.33 0.52 8.02 1.59 22.97 -1.641 -0.000 0.006 -0.070 1.00 -0.0001085231 0.0030917416 -0.0350791942 0.9993797474 True False True False
Pedestrian 0.28 0 -1 1878.89 502.24 1920.00 674.00 1.66 0.41 0.32 8.96 1.61 22.97 -1.620 0.000 0.000 -0.050 1.00 0.0000000000 0.0000000000 -0.0247800539 0.9996929273 True False True False
Pedestrian_is_group 0.00 0 -1 1018.55 526.63 1107.76 659.70 1.65 1.00 1.13 0.91 1.85 29.81 -4.582 0.000 0.000 -3.011 1.00 0.0000000000 0.0000000000 -0.9978784823 0.0651040293 True True True False
Pedestrian 0.00 0 -1 1146.50 519.89 1192.68 657.43 1.67 0.58 0.55 2.25 1.83 28.97 -3.118 0.000 0.000 -1.547 1.00 0.0000000000 0.0000000000 -0.6985464450 0.7155647170 True True True False
Pedestrian 0.00 0 -1 1734.32 542.25 1778.34 643.76 -1.00 -1.00 -1.00 -1000.00 -1000.00 -1000.00 -1.000 -1.000 -1.000 -1.000 1.00 -1000.0000000000 -1000.0000000000 -1000.0000000000 -1000.0000000000 True False False False
Pedestrian_is_group 0.00 3 -1 1094.00 508.00 1140.00 637.00 1.71 0.97 0.61 1.74 1.72 31.67 -3.100 -0.000 -0.004 -1.529 1.00 -0.0013019936 -0.0012486599 -0.6921688748 0.7217333264 False True True True
