PassengerCar 0.99 0 -1 1825.64 392.92 1920.00 1024.00 1.49 1.89 3.84 2.91 1.26 3.61 -1.565 0.000 0.000 0.005 1.00 0.0000000000 0.0000000000 0.0026802169 0.9999964082 True False True True
PassengerCar 0.47 0 -1 1429.25 423.50 1920.00 925.99 1.61 1.85 4.07 2.86 1.31 8.47 -1.571 0.000 0.013 0.000 1.00 0.0000000000 0.0064968866 0.0000000000 0.9999788950 True True True False
PassengerCar 0.00 1 -1 1277.56 475.57 1684.79 755.39 1.49 1.76 3.82 2.86 1.33 14.47 -1.554 0.000 0.000 0.017 1.00 0.0000000000 0.0000000000 0.0083245855 0.9999653500 True True True False
PassengerCar 0.00 2 -1 1227.22 507.67 1493.52 700.72 1.43 1.60 4.06 2.98 1.43 19.58 -1.560 -0.008 0.005 0.011 1.00 -0.0041932490 0.0025276923 0.0052743720 0.9999741039 True True True False
PassengerCar 0.00 0 -1 828.90 503.33 1116.68 739.42 1.36 2.02 4.15 -0.06 1.28 15.99 -1.571 0.000 0.010 0.000 1.00 0.0000000000 0.0050587497 0.0000000000 0.9999872044 True True True False
PassengerCar 0.00 1 -1 1101.47 526.84 1187.07 601.99 1.47 1.74 2.93 3.32 1.89 49.91 -1.578 0.000 0.000 -0.008 1.00 0.0000000000 0.0000000000 -0.0038409032 0.9999926237 True True True False
PassengerCar 0.00 2 -1 739.26 548.22 820.90 608.40 1.41 1.79 4.21 -4.58 2.38 53.65 1.562 0.000 -0.006 3.133 1.00 0.0032497353 0.0000147227 0.9999844570 0.0045304345 True True True False
PassengerCar 0.00 3 -1 1085.20 525.91 1173.04 601.25 1.61 1.95 3.95 3.26 2.12 56.20 -1.572 0.000 0.000 -0.001 1.00 0.0000000000 0.0000000000 -0.0006911404 0.9999997612 True True True True
PassengerCar 0.00 3 -1 790.01 545.99 866.55 605.72 -1.00 -1.00 -1.00 -1000.00 -1000.00 -1000.00 -1.000 -1.000 -1.000 -1.000 1.00 -1000.0000000000 -1000.0000000000 -1000.0000000000 -1000.0000000000 True False False False
DontCare 0.00 -1 -1 1171.93 519.19 1330.63 600.88 -1.00 -1.00 -1.00 -1000.00 -1000.00 -1000.00 -1.000 -1.000 -1.000 -1.000 1.00 -1000.0000000000 -1000.0000000000 -1000.0000000000 -1000.0000000000 False False False False
Pedestrian 0.00 0 -1 84.35 490.94 168.84 678.68 1.38 0.50 0.88 -6.57 1.25 17.98 -1.767 -0.000 0.000 -0.196 1.00 -0.0000013376 0.0000222492 -0.0978335530 0.9952027911 True True True True
Pedestrian 0.00 0 -1 235.71 477.92 307.76 672.22 1.80 0.57 0.56 -6.72 1.53 22.02 -1.759 -0.003 0.005 -0.188 1.00 -0.0015191662 0.0024676543 -0.0938606640 0.9955811261 True True True False
Pedestrian 0.00 1 -1 45.15 478.30 135.71 670.21 1.78 0.60 0.62 -8.21 1.46 21.55 -1.566 0.000 0.000 0.004 1.00 0.0000000000 0.0000000000 0.0021692925 0.9999976471 True False True True
Pedestrian 0.00 2 -1 53.71 476.92 108.44 647.37 1.69 0.62 0.42 -8.90 1.38 23.04 -1.769 0.000 0.000 -0.198 1.00 0.0000000000 0.0000000000 -0.0987177740 0.9951154712 True False False True
Pedestrian 0.00 0 -1 754.27 518.98 786.64 604.55 1.68 0.60 0.68 -4.31 1.90 46.70 -1.604 -0.000 0.008 -0.033 1.00 -0.0000503450 0.0037960078 -0.0166454607 0.9998542476 True True True False
Pedestrian 0.00 0 -1 1174.27 515.43 1212.67 602.47 1.47 0.43 0.51 3.49 1.60 40.05 -2.718 0.017 -0.008 -1.147 1.00 0.0050145181 -0.0077638548 -0.5425299216 0.8399856316 True True True False
Pedestrian 0.00 0 -1 346.13 529.19 381.97 608.09 1.50 0.51 0.58 -11.21 1.87 42.28 -3.328 0.000 0.000 -1.758 1.00 0.0000000000 0.0000000000 -0.7699799557 0.6380680746 True True True False
Pedestrian 0.00 1 -1 680.12 530.22 749.11 602.49 -1.00 -1.00 -1.00 -1000.00 -1000.00 -1000.00 -1.000 -1.000 -1.000 -1.000 1.00 -1000.0000000000 -1000.0000000000 -1000.0000000000 -1000.0000000000 True True False True
Pedestrian 0.00 1 -1 1232.71 506.52 1264.38 598.62 1.72 0.59 0.62 4.94 1.71 44.03 1.562 0.000 0.000 3.132 1.00 0.0000000000 0.0000000000 0.9999895089 0.0045806211 True True True True
Pedestrian 0.00 2 -1 1222.10 514.13 1248.39 601.35 1.75 0.58 0.47 5.05 1.85 47.41 1.563 0.000 0.000 3.134 1.00 0.0000000000 0.0000000000 0.9999928826 0.0037728914 True True True True
Pedestrian 0.00 3 -1 1278.54 507.94 1306.95 597.98 1.77 0.43 0.73 6.07 1.71 46.38 -1.100 0.000 0.000 0.471 1.00 0.0000000000 0.0000000000 0.2334453639 0.9723699204 True False True True
Pedestrian 0.00 3 -1 1290.88 502.88 1325.72 596.55 1.87 0.80 0.42 6.57 1.77 47.50 -1.571 0.000 0.000 0.000 1.00 0.0000000000 0.0000000000 0.0000000000 1.0000000000 True True True True
Pedestrian 0.00 3 -1 1213.11 516.90 1237.49 600.80 1.78 0.55 0.43 5.12 1.95 50.34 -4.695 0.000 0.000 -3.125 1.00 0.0000000000 0.0000000000 -0.9999641395 0.0084687510 True True True True
Pedestrian 0.00 3 -1 1183.45 513.19 1209.92 605.88 2.04 0.45 0.62 4.45 2.01 49.76 1.547 0.000 0.000 3.118 1.00 0.0000000000 0.0000000000 0.9999304020 0.0117979294 True True True True
