PassengerCar 0.00 2 -1 165.75 467.39 670.17 703.80 1.36 1.70 3.98 -4.05 1.15 15.49 -2.431 0.003 -0.003 -0.860 1.00 0.0008397432 -0.0018303745 -0.4169909727 0.9089083965 True True True False
PassengerCar 0.23 2 -1 48.40 424.96 502.35 746.60 1.50 1.84 2.77 -4.12 1.14 12.04 -2.592 0.000 0.000 -1.021 1.00 0.0000000000 0.0000000000 -0.4887919004 0.8724004116 True True True False
PassengerCar 0.77 3 -1 0.00 447.96 245.42 786.01 1.32 1.87 4.13 -5.14 1.08 9.38 -2.702 0.000 0.000 -1.131 1.00 0.0000000000 0.0000000000 -0.5358356240 0.8443223223 True False True False
PassengerCar 0.90 0 -1 0.00 312.40 166.21 1024.00 1.38 1.67 4.08 -4.16 1.04 6.03 -2.598 0.000 0.000 -1.027 1.00 0.0000000000 0.0000000000 -0.4911349657 0.8710834894 True False True False
PassengerCar 0.62 0 -1 1628.72 453.28 1920.00 822.65 1.51 1.88 3.71 4.26 1.24 10.51 -1.563 0.038 -0.000 0.008 1.00 0.0189613499 -0.0000728789 0.0038428312 0.9998128298 True False True False
DontCare 0.00 -1 -1 1223.48 485.63 1322.24 568.42 -1.00 -1.00 -1.00 -1000.00 -1000.00 -1000.00 -1.000 -1.000 -1.000 -1.000 1.00 -1000.0000000000 -1000.0000000000 -1000.0000000000 -1000.0000000000 False False False False
Obstacle 0.00 3 -1 1723.90 453.63 1785.07 641.96 1.74 0.40 0.43 7.14 1.24 21.95 1.486 0.000 0.000 3.057 1.00 0.0000000000 0.0000000000 0.9990960691 0.0425093474 True False True False
Pedestrian 0.00 0 -1 955.50 475.82 997.06 603.68 1.64 0.50 0.62 -0.16 1.23 31.01 -1.642 0.000 0.000 -0.071 1.00 0.0000000000 0.0000000000 -0.0354594914 0.9993711145 True True True False
Pedestrian 0.00 2 -1 996.55 479.74 1038.79 603.39 1.60 0.46 0.52 0.39 1.24 30.70 -1.391 -0.005 -0.029 0.180 1.00 -0.0013006894 -0.0144516209 0.0896312263 0.9958693198 True True True False
Pedestrian 0.00 0 -1 1043.90 472.07 1103.43 606.87 1.67 0.72 0.45 1.05 1.21 29.72 -3.684 0.000 0.000 -2.113 1.00 0.0000000000 0.0000000000 -0.8706319371 0.4919349857 True True True False
Pedestrian 0.00 2 -1 1106.47 471.91 1148.11 611.46 1.71 0.63 0.45 1.70 1.25 28.46 -3.312 -0.012 -0.002 -1.741 1.00 -0.0046767703 0.0039403863 -0.7647314327 0.6443201356 True True True False
Pedestrian 0.00 0 -1 1199.47 457.49 1245.88 607.40 1.88 0.56 0.30 2.94 1.24 29.42 -3.963 -0.008 -0.005 -2.392 1.00 -0.0039201621 0.0028208513 -0.9305380196 0.3661634461 True True True False
Pedestrian 0.00 0 -1 1276.42 473.36 1329.41 619.16 1.65 0.51 0.49 3.63 1.25 27.01 -1.469 0.000 0.000 0.102 1.00 0.0000000000 0.0000000000 0.0510084029 0.9986982241 True True True False
Pedestrian 0.00 1 -1 1311.60 474.74 1358.73 616.19 1.59 0.40 0.82 4.13 1.21 27.72 1.530 0.000 0.000 3.101 1.00 0.0000000000 0.0000000000 0.9997926692 0.0203621876 True True True False
Pedestrian 0.00 0 -1 1505.62 473.01 1564.95 621.66 1.65 0.62 0.82 6.18 1.26 26.58 -1.313 0.000 0.000 0.257 1.00 0.0000000000 0.0000000000 0.1283849396 0.9917244110 True True True False
Pedestrian 0.00 1 -1 1643.43 434.51 1714.80 653.01 2.00 0.44 0.39 6.26 1.34 21.52 1.495 0.000 0.000 3.066 1.00 0.0000000000 0.0000000000 0.9992834551 0.0378493899 True False True False
Pedestrian 0.00 1 -1 1630.35 485.79 1665.07 611.08 1.65 0.34 0.56 8.86 1.35 31.67 -1.624 0.000 0.000 -0.053 1.00 0.0000000000 0.0000000000 -0.0267177241 0.9996430179 True False True True
Pedestrian 0.00 0 -1 1559.54 486.05 1602.04 590.29 1.75 0.56 0.65 10.13 1.36 40.09 -1.418 0.000 0.000 0.153 1.00 0.0000000000 0.0000000000 0.0765430016 0.9970662811 True False True True
Pedestrian 0.00 1 -1 1594.12 491.85 1623.11 589.13 -1.00 -1.00 -1.00 -1000.00 -1000.00 -1000.00 -1.000 -1.000 -1.000 -1.000 1.00 -1000.0000000000 -1000.0000000000 -1000.0000000000 -1000.0000000000 True False False True
Pedestrian 0.00 0 -1 1432.21 482.18 1468.52 586.61 2.05 0.58 0.79 9.12 1.55 47.21 -0.072 0.000 0.000 1.499 1.00 0.0000000000 0.0000000000 0.6812672767 0.7320347653 True True True True
Pedestrian 0.00 1 -1 1468.38 483.94 1497.37 580.42 1.91 0.54 0.49 9.87 1.44 46.99 -1.327 0.000 0.000 0.244 1.00 0.0000000000 0.0000000000 0.1217079429 0.9925659558 True True True False
Pedestrian 0.00 2 -1 1349.07 492.77 1381.33 568.85 1.80 0.72 0.83 9.00 1.44 56.20 -4.505 0.000 0.000 -2.934 1.00 0.0000000000 0.0000000000 -0.9946336184 0.1034599692 True True True False
Pedestrian 0.00 1 -1 1409.38 483.94 1433.55 562.14 -1.00 -1.00 -1.00 -1000.00 -1000.00 -1000.00 -1.000 -1.000 -1.000 -1.000 1.00 -1000.0000000000 -1000.0000000000 -1000.0000000000 -1000.0000000000 True False False True
Pedestrian 0.00 3 -1 1369.41 486.15 1397.40 569.93 -1.00 -1.00 -1.00 -1000.00 -1000.00 -1000.00 -1.000 -1.000 -1.000 -1.000 1.00 -1000.0000000000 -1000.0000000000 -1000.0000000000 -1000.0000000000 True True False False
Pedestrian 0.00 3 -1 1352.97 485.96 1377.46 570.31 -1.00 -1.00 -1.00 -1000.00 -1000.00 -1000.00 -1.000 -1.000 -1.000 -1.000 1.00 -1000.0000000000 -1000.0000000000 -1000.0000000000 -1000.0000000000 True True False False
