PassengerCar 0.50 0 -1 0.00 284.37 635.65 1024.00 1.83 1.90 4.49 -2.46 1.29 7.57 -1.499 0.000 0.000 0.072 1.00 0.0000000000 0.0000000000 0.0360350777 0.9993505257 True True True False
PassengerCar 0.00 2 -1 368.13 504.78 788.03 749.07 1.50 1.82 4.71 -2.27 1.31 14.50 -1.571 -0.017 0.000 0.000 1.00 -0.0086629079 0.0000000000 0.0000000000 0.9999624763 True True True False
PassengerCar 0.00 2 -1 572.04 471.25 850.57 680.14 1.65 1.87 4.20 -2.22 1.32 20.23 -1.548 0.000 0.000 0.023 1.00 0.0000000000 0.0000000000 0.0112513717 0.9999367013 True True True False
PassengerCar 0.00 3 -1 664.09 476.90 860.59 644.58 1.66 1.84 3.87 -2.39 1.36 26.38 -1.571 0.000 -0.004 0.000 1.00 0.0000000000 -0.0017970945 0.0000000000 0.9999983852 True True True False
PassengerCar 0.97 0 -1 1684.37 278.72 1920.00 994.59 1.89 2.18 5.07 3.20 1.30 4.75 -1.571 -0.007 0.000 0.000 1.00 -0.0032862301 0.0000000000 0.0000000000 0.9999946003 True True True False
PassengerCar 0.23 2 -1 1391.01 438.12 1920.00 810.18 1.73 1.87 4.32 3.42 1.35 11.79 -1.628 0.000 0.010 -0.057 1.00 0.0002250082 0.0049157843 -0.0284341108 0.9995835562 True True True False
PassengerCar 0.00 1 -1 1221.13 512.86 1553.54 699.63 1.33 1.74 4.40 3.01 1.38 18.78 -1.571 -0.024 -0.002 0.000 1.00 -0.0119088009 -0.0010040995 -0.0000119585 0.9999285835 True True True False
PassengerCar 0.00 2 -1 1180.02 510.57 1377.74 657.76 1.42 1.69 2.90 3.05 1.41 24.93 -1.576 0.000 0.000 -0.005 1.00 0.0000000000 0.0000000000 -0.0025681906 0.9999967022 True True True False
PassengerCar 0.00 2 -1 1148.25 482.47 1332.47 636.92 1.75 1.97 4.51 3.10 1.47 28.72 -1.569 0.000 0.000 0.002 1.00 0.0000000000 0.0000000000 0.0008333401 0.9999996528 True True True False
PassengerCar 0.00 3 -1 1098.80 521.98 1263.58 586.78 1.52 1.86 3.85 4.62 1.85 56.22 -3.043 0.000 0.000 -1.472 1.00 0.0000000000 0.0000000000 -0.6713842707 0.7411094123 True True True False
PassengerCar 0.00 1 -1 914.82 525.53 1095.33 585.80 1.50 1.84 4.51 0.43 1.95 59.82 -3.135 0.000 0.000 -1.564 1.00 0.0000000000 0.0000000000 -0.7047034075 0.7095020137 True True True False
PassengerCar 0.00 3 -1 987.09 523.22 1053.41 563.15 -1.00 -1.00 -1.00 -1000.00 -1000.00 -1000.00 -1.000 -1.000 -1.000 -1.000 1.00 -1000.0000000000 -1000.0000000000 -1000.0000000000 -1000.0000000000 True True False False
PassengerCar 0.00 2 -1 1061.03 510.02 1108.02 554.79 -1.00 -1.00 -1.00 -1000.00 -1000.00 -1000.00 -1.000 -1.000 -1.000 -1.000 1.00 -1000.0000000000 -1000.0000000000 -1000.0000000000 -1000.0000000000 True True False False
PassengerCar 0.00 2 -1 1098.56 516.58 1161.56 561.64 -1.00 -1.00 -1.00 -1000.00 -1000.00 -1000.00 -1.000 -1.000 -1.000 -1.000 1.00 -1000.0000000000 -1000.0000000000 -1000.0000000000 -1000.0000000000 True True False False
Obstacle 0.00 3 -1 1367.53 499.64 1402.12 623.82 1.76 0.44 0.40 5.66 1.64 33.62 -4.671 0.000 0.000 -3.100 1.00 0.0000000000 0.0000000000 -0.9997824499 0.0208579217 True False True False
Obstacle 0.00 3 -1 1330.05 495.76 1369.87 627.60 1.83 0.47 0.45 5.07 1.66 32.99 0.383 0.000 0.000 1.954 1.00 0.0000000000 0.0000000000 0.8287767571 0.5595793839 True False True False
Obstacle 0.00 3 -1 1448.00 468.00 1505.00 603.00 1.50 0.55 0.43 5.48 1.06 26.44 -1.571 0.000 0.000 0.000 1.00 0.0000000000 0.0000000000 0.0000000000 1.0000000000 False False True False
Obstacle 0.00 2 -1 1444.18 489.82 1470.57 607.28 -1.00 -1.00 -1.00 -1000.00 -1000.00 -1000.00 -1.000 -1.000 -1.000 -1.000 1.00 -1000.0000000000 -1000.0000000000 -1000.0000000000 -1000.0000000000 True False False False
Obstacle 0.00 3 -1 973.28 525.99 991.85 575.72 -1.00 -1.00 -1.00 -1000.00 -1000.00 -1000.00 -1.000 -1.000 -1.000 -1.000 1.00 -1000.0000000000 -1000.0000000000 -1000.0000000000 -1000.0000000000 True True False False
Pedestrian 0.00 2 -1 1135.26 499.56 1178.06 619.44 1.65 0.67 0.55 2.35 1.54 32.86 0.010 0.000 0.000 1.581 1.00 0.0000000000 0.0000000000 0.7105565345 0.7036401148 True True True False
Pedestrian 0.00 1 -1 863.79 494.27 933.39 628.16 1.85 0.64 0.96 -1.24 1.66 32.83 -0.021 0.000 0.000 1.550 1.00 0.0000000000 0.0000000000 0.6997056946 0.7144312010 True True True False
Pedestrian 0.00 0 -1 886.71 502.03 955.13 627.89 1.57 0.43 0.88 -0.89 1.49 32.30 -0.028 0.000 0.000 1.543 1.00 0.0000000000 0.0000000000 0.6970615284 0.7170113149 True True True False
Pedestrian_is_group 0.00 1 -1 992.48 495.65 1059.72 623.70 1.83 2.02 0.81 0.58 1.61 34.02 -3.220 0.006 0.000 -1.649 1.00 0.0022816540 -0.0021104067 -0.7341157530 0.6790172320 True True True False
Pedestrian_is_group 0.00 0 -1 1016.22 500.63 1086.23 628.55 1.76 0.61 0.90 0.89 1.65 32.58 -0.037 0.000 0.000 1.534 1.00 0.0000000000 0.0000000000 0.6939191118 0.7200529608 True True True False
