PassengerCar 0.73 0 -1 0.00 358.79 491.04 1024.00 1.60 1.78 4.32 -2.49 1.31 6.29 -1.599 0.018 0.001 -0.028 1.00 0.0092259542 0.0001313435 -0.0142342614 0.9998561148 True True True False
PassengerCar 0.00 0 -1 199.50 490.74 706.56 787.46 1.41 1.87 3.86 -2.61 1.31 12.68 -1.571 0.000 0.000 0.000 1.00 0.0000000000 0.0000000000 0.0000000000 1.0000000000 True True True False
PassengerCar 0.00 2 -1 470.48 493.62 762.68 705.89 1.47 1.80 2.84 -2.61 1.34 17.84 -1.558 0.000 0.008 0.013 1.00 0.0000288321 0.0042110112 0.0063484949 0.9999709812 True True True False
PassengerCar 0.00 1 -1 601.48 451.63 843.99 668.01 1.85 1.94 4.59 -2.45 1.31 22.26 -1.543 0.000 0.000 0.028 1.00 0.0000000000 0.0000000000 0.0140008311 0.9999019836 True True True False
PassengerCar 0.00 3 -1 687.72 505.86 868.78 639.75 1.47 1.79 3.84 -2.39 1.40 27.92 -1.583 0.000 0.007 -0.013 1.00 0.0000210161 0.0033168810 -0.0063359455 0.9999744265 True True True False
PassengerCar 0.00 3 -1 741.22 504.36 893.67 618.30 1.38 1.87 3.82 -2.35 1.29 33.28 -1.571 0.000 0.010 0.000 1.00 0.0000000000 0.0051950794 0.0000000000 0.9999865055 True True True False
PassengerCar 0.00 2 -1 745.22 468.21 875.98 589.99 1.86 1.96 4.30 -2.88 1.27 38.23 -1.571 0.000 0.000 0.000 1.00 0.0000000000 0.0000000000 0.0000000000 1.0000000000 True True True False
PassengerCar 0.00 3 -1 804.54 508.55 906.80 585.55 1.55 1.84 3.82 -2.51 1.53 47.08 -1.600 0.000 0.000 -0.029 1.00 0.0000000000 0.0000000000 -0.0145238117 0.9998945239 True True True False
PassengerCar_is_group 0.00 2 -1 818.19 498.19 921.17 574.55 1.61 1.91 4.26 -2.49 1.43 52.88 -1.573 0.000 0.008 -0.002 1.00 0.0000048720 0.0039825338 -0.0012233424 0.9999913214 True True True False
PassengerCar 0.00 2 -1 876.81 491.25 955.68 558.05 -1.00 -1.00 -1.00 -1000.00 -1000.00 -1000.00 -1.000 -1.000 -1.000 -1.000 1.00 -1000.0000000000 -1000.0000000000 -1000.0000000000 -1000.0000000000 True True False False
PassengerCar 0.00 2 -1 979.75 507.28 1020.46 538.25 -1.00 -1.00 -1.00 -1000.00 -1000.00 -1000.00 -1.000 -1.000 -1.000 -1.000 1.00 -1000.0000000000 -1000.0000000000 -1000.0000000000 -1000.0000000000 True True False False
PassengerCar 0.00 2 -1 1023.61 503.86 1067.81 542.73 -1.00 -1.00 -1.00 -1000.00 -1000.00 -1000.00 -1.000 -1.000 -1.000 -1.000 1.00 -1000.0000000000 -1000.0000000000 -1000.0000000000 -1000.0000000000 True True False False
PassengerCar 0.61 0 -1 1570.69 460.85 1920.00 939.16 1.51 1.95 3.85 3.27 1.25 8.32 -1.529 -0.009 0.008 0.041 1.00 -0.0045116912 0.0040731829 0.0207608917 0.9997659922 True False True False
PassengerCar 0.08 1 -1 1413.31 484.14 1920.00 783.22 1.41 1.83 4.09 3.52 1.27 12.82 -1.585 -0.020 -0.010 -0.015 1.00 -0.0099091445 -0.0050626714 -0.0073624282 0.9999109825 True True True False
PassengerCar 0.00 2 -1 1269.82 496.60 1768.56 709.71 1.50 1.85 4.20 4.07 1.40 17.49 -0.727 -0.003 0.003 0.844 1.00 -0.0017952020 0.0008057507 0.4094801944 0.9123168849 True False True False
PassengerCar 0.00 2 -1 1219.61 496.56 1508.35 674.47 1.50 1.84 3.88 3.34 1.42 21.84 -1.633 0.000 0.000 -0.062 1.00 0.0000000000 0.0000000000 -0.0310273626 0.9995185355 True True True False
PassengerCar 0.00 2 -1 1187.20 507.72 1382.84 646.60 1.50 1.71 3.85 3.20 1.48 26.02 -1.559 0.000 0.000 0.012 1.00 0.0000000000 0.0000000000 0.0058038719 0.9999831574 True True True False
PassengerCar 0.00 1 -1 1140.77 474.57 1325.40 627.98 1.89 1.96 4.31 3.22 1.49 31.19 -1.609 0.000 0.000 -0.038 1.00 0.0000000000 0.0000000000 -0.0189766883 0.9998199264 True True True False
PassengerCar 0.00 3 -1 1126.34 512.50 1265.38 606.69 1.52 1.88 3.88 3.10 1.47 36.57 -1.571 0.000 0.000 0.000 1.00 0.0000000000 0.0000000000 0.0000000000 1.0000000000 True True True False
PassengerCar 0.00 3 -1 1105.63 508.48 1230.38 599.05 1.52 1.81 3.84 3.12 1.54 41.52 -1.596 0.000 0.000 -0.025 1.00 0.0000000000 0.0000000000 -0.0124633734 0.9999223291 True True True False
PassengerCar 0.00 3 -1 1097.30 505.12 1199.49 589.91 1.55 1.63 3.83 3.16 1.51 49.98 -1.538 0.000 0.000 0.033 1.00 0.0000000000 0.0000000000 0.0164561145 0.9998645890 True True True False
PassengerCar 0.00 2 -1 1059.08 500.73 1146.98 561.06 1.51 1.87 3.83 3.07 1.33 63.56 -1.656 0.000 0.000 -0.085 1.00 0.0000000000 0.0000000000 -0.0424304476 0.9990994230 True True True False
PassengerCar 0.00 2 -1 1085.11 496.00 1182.83 579.66 -1.00 -1.00 -1.00 -1000.00 -1000.00 -1000.00 -1.000 -1.000 -1.000 -1.000 1.00 -1000.0000000000 -1000.0000000000 -1000.0000000000 -1000.0000000000 True True False False
PassengerCar 0.00 2 -1 1079.93 510.86 1165.79 577.48 -1.00 -1.00 -1.00 -1000.00 -1000.00 -1000.00 -1.000 -1.000 -1.000 -1.000 1.00 -1000.0000000000 -1000.0000000000 -1000.0000000000 -1000.0000000000 True True False False
PassengerCar 0.00 2 -1 1055.29 491.28 1128.95 554.63 -1.00 -1.00 -1.00 -1000.00 -1000.00 -1000.00 -1.000 -1.000 -1.000 -1.000 1.00 -1000.0000000000 -1000.0000000000 -1000.0000000000 -1000.0000000000 True True False False
PassengerCar 0.00 2 -1 1045.75 506.19 1103.44 550.03 -1.00 -1.00 -1.00 -1000.00 -1000.00 -1000.00 -1.000 -1.000 -1.000 -1.000 1.00 -1000.0000000000 -1000.0000000000 -1000.0000000000 -1000.0000000000 True True False False
PassengerCar 0.00 3 -1 1043.67 499.12 1105.25 548.78 -1.00 -1.00 -1.00 -1000.00 -1000.00 -1000.00 -1.000 -1.000 -1.000 -1.000 1.00 -1000.0000000000 -1000.0000000000 -1000.0000000000 -1000.0000000000 True True False False
Obstacle 0.00 3 -1 1411.46 481.99 1446.54 603.44 1.53 0.49 0.37 5.60 1.22 29.69 -4.693 -0.000 -0.021 -3.123 1.00 -0.0106164609 0.0001003120 -0.9998990058 0.0094476903 True False True False
Obstacle 0.00 3 -1 1454.30 478.44 1504.26 603.92 1.61 0.59 0.63 6.45 1.25 30.72 -4.627 0.000 0.000 -3.057 1.00 0.0000000000 0.0000000000 -0.9990982266 0.0424586115 True False True False
Obstacle 0.00 3 -1 1516.82 482.71 1551.06 613.68 -1.00 -1.00 -1.00 -1000.00 -1000.00 -1000.00 -1.000 -1.000 -1.000 -1.000 1.00 -1000.0000000000 -1000.0000000000 -1000.0000000000 -1000.0000000000 True False False False
Pedestrian 0.00 2 -1 404.68 445.32 473.35 701.35 1.74 0.51 0.34 -3.81 1.31 16.19 -1.571 0.000 0.000 0.000 1.00 0.0000000000 0.0000000000 0.0000000000 1.0000000000 True True True False
Pedestrian 0.06 3 -1 928.00 492.00 951.00 552.00 1.92 0.58 0.71 -1.54 1.43 75.69 0.021 0.000 0.000 1.592 1.00 0.0000000000 0.0000000000 0.7145592398 0.6995749373 True True False False
Pedestrian 0.05 3 -1 949.00 491.00 976.00 552.00 1.91 0.82 0.83 -0.78 1.41 74.87 0.016 0.000 0.000 1.587 1.00 0.0000000000 0.0000000000 0.7128685693 0.7012976564 True True True False
Pedestrian 0.06 3 -1 968.00 491.00 991.00 552.00 1.93 0.54 0.74 -0.27 1.41 75.73 0.022 0.000 0.000 1.593 1.00 0.0000000000 0.0000000000 0.7148546940 0.6992730271 True True False False
Pedestrian 0.00 1 -1 1016.46 495.79 1031.33 545.80 -1.00 -1.00 -1.00 -1000.00 -1000.00 -1000.00 -1.000 -1.000 -1.000 -1.000 1.00 -1000.0000000000 -1000.0000000000 -1000.0000000000 -1000.0000000000 True True False False
Pedestrian 0.06 0 -1 1002.11 494.16 1024.38 551.00 1.82 0.52 0.74 0.76 1.40 74.99 0.030 0.000 0.000 1.601 1.00 0.0000000000 0.0000000000 0.7177219787 0.6963297791 True True True False
