PassengerCar 0.37 0 -1 1437.64 516.87 1920.00 854.19 1.34 1.80 3.97 3.44 1.38 10.67 -1.654 0.014 0.001 -0.083 1.00 0.0072033714 0.0003008438 -0.0417268404 0.9991030436 True True True False
PassengerCar 0.00 0 -1 1071.56 521.40 1291.79 676.28 1.55 1.62 3.88 2.04 1.74 25.49 -1.711 -0.012 -0.014 -0.140 1.00 -0.0063626814 -0.0066890271 -0.0700089900 0.9975036414 True True True False
PassengerCar 0.00 2 -1 1009.54 540.30 1176.32 655.31 1.37 1.80 3.82 1.29 1.82 30.93 -1.637 0.002 -0.010 -0.066 1.00 0.0006003009 -0.0051037606 -0.0331929599 0.9994357501 True True True False
PassengerCar 0.00 1 -1 949.79 530.86 1088.74 637.20 1.66 1.80 4.04 0.49 2.01 37.78 -1.687 0.001 -0.005 -0.116 1.00 0.0002754625 -0.0025336073 -0.0580162593 0.9983123853 True True True False
PassengerCar 0.00 3 -1 925.57 545.98 1032.96 625.92 1.55 1.80 3.83 -0.05 2.15 43.37 -1.691 0.000 0.000 -0.120 1.00 0.0000000000 0.0000000000 -0.0600182204 0.9981972817 True True True False
PassengerCar 0.00 1 -1 862.39 547.64 962.22 616.24 1.39 1.84 4.13 -1.79 2.32 52.40 -1.664 0.000 0.000 -0.094 1.00 0.0000000000 0.0000000000 -0.0468116032 0.9989037360 True True True False
PassengerCar 0.00 2 -1 826.91 550.11 898.00 606.61 1.43 1.80 4.08 -3.25 2.51 61.47 -1.648 0.000 0.000 -0.077 1.00 0.0000000000 0.0000000000 -0.0385800974 0.9992555109 True True True False
PassengerCar 0.00 0 -1 159.73 515.01 352.49 677.02 1.90 1.84 4.92 -9.37 2.08 30.16 1.379 0.074 -0.005 2.950 1.00 0.0060256246 0.0365572606 0.9947357811 0.0955404853 True True True False
PassengerCar 0.00 0 -1 436.07 545.38 582.01 653.42 1.39 1.68 3.83 -6.61 1.89 31.86 1.432 0.014 -0.010 3.003 1.00 0.0055358249 0.0065947629 0.9975720491 0.0691076734 True True True False
PassengerCar 0.00 2 -1 294.75 549.70 428.02 636.97 1.48 1.80 4.66 -11.02 2.23 41.53 1.438 0.017 -0.006 3.009 1.00 0.0034557563 0.0084563231 0.9977543537 0.0663535834 True True True False
PassengerCar 0.00 2 -1 811.65 542.10 878.14 601.27 -1.00 -1.00 -1.00 -1000.00 -1000.00 -1000.00 -1.000 -1.000 -1.000 -1.000 1.00 -1000.0000000000 -1000.0000000000 -1000.0000000000 -1000.0000000000 True True False False
PassengerCar 0.00 2 -1 781.62 552.03 836.34 595.11 -1.00 -1.00 -1.00 -1000.00 -1000.00 -1000.00 -1.000 -1.000 -1.000 -1.000 1.00 -1000.0000000000 -1000.0000000000 -1000.0000000000 -1000.0000000000 True True False False
PassengerCar 0.00 2 -1 749.04 553.83 817.62 588.22 -1.00 -1.00 -1.00 -1000.00 -1000.00 -1000.00 -1.000 -1.000 -1.000 -1.000 1.00 -1000.0000000000 -1000.0000000000 -1000.0000000000 -1000.0000000000 True True False False
PassengerCar 0.00 0 -1 701.32 548.45 739.30 578.01 -1.00 -1.00 -1.00 -1000.00 -1000.00 -1000.00 -1.000 -1.000 -1.000 -1.000 1.00 -1000.0000000000 -1000.0000000000 -1000.0000000000 -1000.0000000000 True True False False
PassengerCar 0.00 3 -1 331.20 553.82 441.96 630.07 1.30 1.81 4.02 -11.76 2.27 46.64 1.433 0.035 -0.008 3.004 1.00 0.0050138409 0.0172800099 0.9974614576 0.0688977739 True True True False
LargeVehicle 0.00 1 -1 646.62 531.26 752.64 570.20 -1.00 -1.00 -1.00 -1000.00 -1000.00 -1000.00 -1.000 -1.000 -1.000 -1.000 1.00 -1000.0000000000 -1000.0000000000 -1000.0000000000 -1000.0000000000 True False False False
Pedestrian 0.00 0 -1 1351.49 514.54 1385.16 622.70 1.78 0.51 0.68 6.81 1.91 42.01 -1.833 0.000 0.000 -0.262 1.00 0.0000000000 0.0000000000 -0.1308016033 0.9914085639 True True True False
Pedestrian 0.00 0 -1 1320.68 513.95 1355.11 628.02 1.92 0.49 0.65 6.32 1.97 42.07 -1.869 0.000 0.000 -0.299 1.00 0.0000000000 0.0000000000 -0.1487427201 0.9888759291 True True True False
