PassengerCar 0.00 1 -1 946.94 518.12 1074.06 585.76 1.54 1.77 3.90 0.41 1.77 53.94 -2.156 0.000 0.000 -0.585 1.00 0.0000000000 0.0000000000 -0.2882479723 0.9575557981 True True True False
PassengerCar 0.00 2 -1 1225.48 511.90 1458.65 611.61 1.42 1.48 3.36 5.26 1.49 35.29 0.910 0.000 0.000 2.481 1.00 0.0000000000 0.0000000000 0.9458830485 0.3245077174 True True True False
Pedestrian 0.00 0 -1 23.94 472.49 89.74 641.83 1.68 0.54 0.55 -9.36 1.33 23.68 -3.648 0.000 0.000 -2.077 1.00 0.0000000000 0.0000000000 -0.8616182794 0.5075568348 True False True False
Pedestrian 0.34 3 -1 0.00 471.56 53.82 639.21 1.70 0.59 0.64 -10.04 1.33 24.25 -3.778 0.000 0.000 -2.207 1.00 0.0000000000 0.0000000000 -0.8928784114 0.4502978374 True False True False
Pedestrian 0.00 0 -1 313.32 478.26 364.41 639.54 1.67 0.52 0.52 -6.70 1.35 24.15 -3.588 0.000 0.000 -2.017 1.00 0.0000000000 0.0000000000 -0.8460313741 0.5331331110 True False True False
Pedestrian 0.00 2 -1 298.68 469.09 350.14 636.69 1.75 0.63 0.47 -6.97 1.35 24.63 -3.576 0.000 0.000 -2.005 1.00 0.0000000000 0.0000000000 -0.8429129715 0.5380499256 True False True False
Pedestrian 0.00 0 -1 517.92 470.51 601.06 655.07 1.60 0.58 0.63 -3.93 1.22 21.86 -0.664 0.000 0.000 0.907 1.00 0.0000000000 0.0000000000 0.4379449111 0.8990018103 True True True True
Pedestrian 0.00 3 -1 478.27 479.10 549.38 644.57 1.58 0.66 0.45 -4.46 1.33 22.35 -0.681 0.000 0.000 0.890 1.00 0.0000000000 0.0000000000 0.4305607332 0.9025616073 True True True False
Pedestrian 0.00 2 -1 563.12 479.88 620.44 631.27 1.64 0.51 0.49 -4.17 1.35 24.99 -1.014 0.000 0.000 0.557 1.00 0.0000000000 0.0000000000 0.2746928249 0.9615320338 True True True False
Pedestrian 0.00 1 -1 529.83 460.04 579.35 632.45 1.84 0.47 0.26 -4.67 1.33 25.36 -1.025 0.000 0.000 0.546 1.00 0.0000000000 0.0000000000 0.2696016479 0.9629719370 True True True False
Pedestrian 0.00 0 -1 885.79 480.08 957.81 675.82 1.78 0.62 0.43 -0.55 1.53 21.36 0.883 0.000 0.000 2.454 1.00 0.0000000000 0.0000000000 0.9414173151 0.3372438862 True True True True
Pedestrian 0.00 0 -1 838.03 473.63 899.45 657.38 1.79 0.51 0.37 -1.10 1.46 22.54 0.739 0.000 0.000 2.310 1.00 0.0000000000 0.0000000000 0.9147293211 0.4040671592 True True True False
Pedestrian 0.00 1 -1 783.17 461.31 853.11 628.34 1.80 0.57 0.37 -1.95 1.30 26.31 -0.823 0.000 0.000 0.748 1.00 0.0000000000 0.0000000000 0.3654774355 0.9308201997 True True True False
Pedestrian 0.00 0 -1 726.01 478.43 772.92 627.32 1.70 0.41 0.35 -2.74 1.36 27.08 -0.881 0.000 0.000 0.689 1.00 0.0000000000 0.0000000000 0.3379079452 0.9411791650 True True True False
Pedestrian 0.00 0 -1 1151.66 462.58 1237.49 673.33 1.88 0.60 0.73 1.87 1.46 21.39 0.300 0.000 0.000 1.870 1.00 0.0000000000 0.0000000000 0.8046970459 0.5936856612 True True True False
Pedestrian 0.00 0 -1 1210.55 483.83 1268.95 667.25 1.70 0.33 0.43 2.36 1.48 22.08 0.769 0.000 0.000 2.340 1.00 0.0000000000 0.0000000000 0.9207375717 0.3901824240 True True True False
Pedestrian 0.00 0 -1 1800.76 479.67 1836.84 595.79 1.77 0.40 0.49 13.74 1.30 38.70 -3.694 0.000 0.000 -2.124 1.00 0.0000000000 0.0000000000 -0.8732484089 0.4872752982 True False True True
Pedestrian 0.00 0 -1 1769.66 476.40 1810.02 594.36 1.84 0.70 0.44 13.59 1.37 39.51 -3.675 0.000 0.000 -2.104 1.00 0.0000000000 0.0000000000 -0.8684556976 0.4957667811 True False True True
Pedestrian 0.00 0 -1 1739.63 479.08 1778.19 591.39 1.78 0.47 0.55 13.24 1.27 40.31 -3.716 0.000 0.000 -2.145 1.00 0.0000000000 0.0000000000 -0.8783980302 0.4779298071 True False True True
Pedestrian 0.00 0 -1 1702.83 480.68 1738.40 587.32 1.79 0.52 0.67 12.73 1.29 40.85 -3.809 0.000 0.000 -2.238 1.00 0.0000000000 0.0000000000 -0.8997249801 0.4364572834 True False True True
