PassengerCar 0.00 0 -1 217.17 505.09 685.13 796.98 1.33 1.61 3.93 -2.59 1.33 12.23 -1.591 0.000 0.000 -0.020 1.00 0.0000000000 0.0000000000 -0.0098881238 0.9999511113 True True True True
PassengerCar 0.00 0 -1 649.82 502.22 823.84 651.28 1.56 1.64 3.44 -2.75 1.51 26.35 -1.589 0.000 0.000 -0.018 1.00 0.0000000000 0.0000000000 -0.0089412500 0.9999600262 True True True True
PassengerCar 0.00 2 -1 782.75 521.06 870.95 596.53 1.51 1.76 4.07 -3.35 1.78 49.19 -1.630 0.000 0.000 -0.059 1.00 0.0000000000 0.0000000000 -0.0295750515 0.9995625625 True True True False
PassengerCar 0.00 0 -1 932.67 523.11 1019.26 596.18 1.50 1.76 4.01 -0.30 1.82 50.47 -1.599 0.000 0.000 -0.028 1.00 0.0000000000 0.0000000000 -0.0139735129 0.9999023657 True True True False
PassengerCar 0.00 1 -1 852.92 529.88 908.05 574.58 -1.00 -1.00 -1.00 -1000.00 -1000.00 -1000.00 -1.000 -1.000 -1.000 -1.000 1.00 -1000.0000000000 -1000.0000000000 -1000.0000000000 -1000.0000000000 True True False False
PassengerCar 0.00 1 -1 894.12 531.42 932.12 563.17 -1.00 -1.00 -1.00 -1000.00 -1000.00 -1000.00 -1.000 -1.000 -1.000 -1.000 1.00 -1000.0000000000 -1000.0000000000 -1000.0000000000 -1000.0000000000 True True False False
PassengerCar 0.00 0 -1 0.00 544.86 243.25 679.80 1.50 1.68 3.76 -10.50 1.97 28.70 1.564 0.000 0.000 3.135 1.00 0.0000000000 0.0000000000 0.9999940083 0.0034617072 True False True True
Pedestrian 0.00 0 -1 1504.44 425.52 1617.42 694.14 1.78 0.62 0.41 3.88 1.24 15.96 -2.041 0.000 0.000 -0.470 1.00 0.0000000000 0.0000000000 -0.2330090751 0.9724745606 True True True False
Pedestrian 0.00 0 -1 1453.28 454.15 1532.88 690.24 1.67 0.49 0.50 3.62 1.27 16.77 -3.972 0.000 0.000 -2.401 1.00 0.0000000000 0.0000000000 -0.9322877798 0.3617174251 True True True False
Pedestrian 0.00 0 -1 1706.21 417.76 1812.11 639.15 1.75 0.87 0.68 6.28 1.03 18.86 1.279 0.000 0.000 2.850 1.00 0.0000000000 0.0000000000 0.9893936878 0.1452588400 True False True False
Pedestrian 0.00 0 -1 1808.19 433.52 1889.05 641.13 1.62 0.52 0.55 7.03 1.01 18.88 1.228 0.000 0.000 2.799 1.00 0.0000000000 0.0000000000 0.9853783897 0.1703802484 True False True False
