PassengerCar 0.00 1 -1 900.70 500.13 1030.33 578.01 1.31 1.67 3.58 -0.41 1.23 44.91 -4.497 0.073 -0.013 -2.927 1.00 -0.0025491103 -0.0371923307 -0.9935119950 0.1074436988 True True True False
PassengerCar 0.00 1 -1 979.12 496.35 1097.14 564.50 1.43 1.77 4.18 1.18 1.16 49.79 -4.362 0.021 -0.008 -2.791 1.00 -0.0019873920 -0.0112178740 -0.9846026763 0.1744356027 True True True False
PassengerCar 0.00 2 -1 1037.51 491.47 1151.05 558.35 1.50 1.81 3.90 2.82 1.14 56.37 -4.423 0.058 -0.017 -2.852 1.00 -0.0043902355 -0.0300419805 -0.9890339162 0.1445341405 True True True False
PassengerCar 0.00 1 -1 1130.67 499.19 1218.49 552.62 1.52 1.81 4.13 5.28 1.11 66.13 -4.430 0.070 -0.020 -2.859 1.00 -0.0051406970 -0.0360551007 -0.9893312429 0.1410577712 True True True False
PassengerCar 0.00 2 -1 1171.71 499.49 1243.82 546.76 1.46 1.77 4.01 6.95 1.10 72.59 -4.426 0.069 -0.020 -2.855 1.00 -0.0051401039 -0.0355577668 -0.9890737140 0.1429769663 True True True False
PassengerCar 0.00 1 -1 1197.00 491.59 1283.60 539.12 -1.00 -1.00 -1.00 -1000.00 -1000.00 -1000.00 -1.000 -1.000 -1.000 -1.000 1.00 -1000.0000000000 -1000.0000000000 -1000.0000000000 -1000.0000000000 True True False False
PassengerCar 0.00 1 -1 1269.19 490.97 1321.86 530.62 -1.00 -1.00 -1.00 -1000.00 -1000.00 -1000.00 -1.000 -1.000 -1.000 -1.000 1.00 -1000.0000000000 -1000.0000000000 -1000.0000000000 -1000.0000000000 True True False False
PassengerCar 0.00 0 -1 1316.66 493.50 1364.97 524.58 -1.00 -1.00 -1.00 -1000.00 -1000.00 -1000.00 -1.000 -1.000 -1.000 -1.000 1.00 -1000.0000000000 -1000.0000000000 -1000.0000000000 -1000.0000000000 True True False False
PassengerCar 0.00 1 -1 1343.29 488.30 1386.46 522.01 -1.00 -1.00 -1.00 -1000.00 -1000.00 -1000.00 -1.000 -1.000 -1.000 -1.000 1.00 -1000.0000000000 -1000.0000000000 -1000.0000000000 -1000.0000000000 True True False False
Pedestrian 0.00 0 -1 661.40 415.89 771.71 661.58 1.84 0.67 0.85 -2.03 1.15 17.79 0.258 0.000 0.000 1.829 1.00 0.0000000000 0.0000000000 0.7921761862 0.6102924627 True True True False
