PassengerCar 0.00 0 -1 737.74 497.80 837.32 562.69 1.43 1.81 4.25 -4.57 1.22 54.23 -4.684 0.000 0.000 -3.113 1.00 0.0000000000 0.0000000000 -0.9998958384 0.0144330330 True True True False
PassengerCar 0.00 0 -1 1493.13 519.79 1532.42 550.07 -1.00 -1.00 -1.00 -1000.00 -1000.00 -1000.00 -1.000 -1.000 -1.000 -1.000 1.00 -1000.0000000000 -1000.0000000000 -1000.0000000000 -1000.0000000000 True True False False
PassengerCar 0.00 0 -1 1541.57 513.82 1599.50 551.76 1.33 1.33 3.91 20.91 1.55 84.65 -1.511 0.000 0.000 0.060 1.00 0.0000000000 0.0000000000 0.0300792302 0.9995475176 True True False False
PassengerCar 0.00 1 -1 974.04 487.42 1226.85 587.63 1.59 1.65 3.97 1.85 1.28 39.31 0.642 0.000 0.000 2.213 1.00 0.0000000000 0.0000000000 0.8941269648 0.4478135446 True True True False
PassengerCar 0.00 0 -1 922.57 496.80 982.07 540.73 1.87 2.38 5.28 -1.60 1.41 103.14 1.513 0.000 0.000 3.084 1.00 0.0000000000 0.0000000000 0.9995792486 0.0290056152 True True False False
PassengerCar 0.00 2 -1 772.32 494.76 861.61 554.95 1.47 1.69 3.98 -4.30 1.16 59.75 -4.636 0.000 0.000 -3.065 1.00 0.0000000000 0.0000000000 -0.9992741567 0.0380940910 True True True False
PassengerCar 0.00 3 -1 1049.96 504.24 1236.54 585.93 -1.00 -1.00 -1.00 -1000.00 -1000.00 -1000.00 -1.000 -1.000 -1.000 -1.000 1.00 -1000.0000000000 -1000.0000000000 -1000.0000000000 -1000.0000000000 True True False False
PassengerCar 0.00 3 -1 1056.70 493.24 1241.90 572.57 -1.00 -1.00 -1.00 -1000.00 -1000.00 -1000.00 -1.000 -1.000 -1.000 -1.000 1.00 -1000.0000000000 -1000.0000000000 -1000.0000000000 -1000.0000000000 True True False True
DontCare 0.00 -1 -1 1269.51 506.52 1411.01 572.54 1.49 1.45 2.93 8.16 1.47 54.59 -2.669 0.000 0.000 -1.098 1.00 0.0000000000 0.0000000000 -0.5217706185 0.8530858231 False False False False
DontCare 0.00 3 -1 1246.00 496.00 1424.00 560.00 1.51 1.87 3.89 8.46 1.26 57.44 -2.623 0.000 0.000 -1.052 1.00 0.0000000000 0.0000000000 -0.5022125320 0.8647442239 False False False False
DontCare 0.00 -1 -1 1244.85 493.24 1366.96 563.53 -1.00 -1.00 -1.00 -1000.00 -1000.00 -1000.00 -1.000 -1.000 -1.000 -1.000 1.00 -1000.0000000000 -1000.0000000000 -1000.0000000000 -1000.0000000000 False False False False
Pedestrian 0.00 0 -1 573.09 475.53 604.81 561.66 1.64 0.48 0.36 -7.63 1.02 45.04 -1.076 0.000 0.000 0.495 1.00 0.0000000000 0.0000000000 0.2449698795 0.9695306896 True True True False
Pedestrian 0.00 0 -1 537.27 464.85 566.48 556.84 1.76 0.43 0.34 -8.39 0.94 45.32 -1.124 0.000 0.000 0.446 1.00 0.0000000000 0.0000000000 0.2213693738 0.9751900329 True True True False
Pedestrian 0.06 0 -1 688.46 472.45 706.56 555.45 2.46 0.59 0.45 -8.65 1.41 70.16 0.028 0.000 0.000 1.598 1.00 0.0000000000 0.0000000000 0.7167995236 0.6972793149 True True True False
