PassengerCar 0.00 0 -1 677.63 499.79 772.37 581.18 1.50 1.80 4.20 -5.09 1.07 45.36 -4.712 0.000 0.000 -3.142 1.00 0.0000000000 0.0000000000 -1.0000000000 0.0000002663 True True True False
PassengerCar 0.00 0 -1 410.24 514.52 504.43 578.16 1.50 1.80 4.20 -12.78 1.36 56.60 1.569 -0.050 -0.000 3.140 1.00 0.0000171256 -0.0251222788 0.9996841533 0.0006814824 True True True False
PassengerCar 0.00 3 -1 441.29 514.49 522.37 575.90 1.50 1.80 4.20 -13.12 1.37 61.96 1.537 0.019 0.001 3.108 1.00 -0.0001607084 0.0095614743 0.9998130571 0.0168048599 True True True False
PassengerCar 0.00 2 -1 471.26 508.77 548.12 572.89 -1.00 -1.00 -1.00 -1000.00 -1000.00 -1000.00 -1.000 -1.000 -1.000 -1.000 1.00 -1000.0000000000 -1000.0000000000 -1000.0000000000 -1000.0000000000 True True False False
PassengerCar 0.00 2 -1 510.70 514.30 578.09 562.86 -1.00 -1.00 -1.00 -1000.00 -1000.00 -1000.00 -1.000 -1.000 -1.000 -1.000 1.00 -1000.0000000000 -1000.0000000000 -1000.0000000000 -1000.0000000000 True True False False
PassengerCar 0.00 2 -1 539.68 515.85 599.28 556.26 -1.00 -1.00 -1.00 -1000.00 -1000.00 -1000.00 -1.000 -1.000 -1.000 -1.000 1.00 -1000.0000000000 -1000.0000000000 -1000.0000000000 -1000.0000000000 True True False False
PassengerCar 0.00 2 -1 563.61 519.08 638.71 556.18 -1.00 -1.00 -1.00 -1000.00 -1000.00 -1000.00 -1.000 -1.000 -1.000 -1.000 1.00 -1000.0000000000 -1000.0000000000 -1000.0000000000 -1000.0000000000 True False False False
PassengerCar 0.00 2 -1 641.84 509.65 721.04 550.51 -1.00 -1.00 -1.00 -1000.00 -1000.00 -1000.00 -1.000 -1.000 -1.000 -1.000 1.00 -1000.0000000000 -1000.0000000000 -1000.0000000000 -1000.0000000000 True False False False
RidableVehicle 0.00 0 -1 1175.08 476.69 1201.72 551.18 2.02 0.78 1.41 5.39 1.00 63.54 -1.571 0.000 0.000 0.000 1.00 0.0000000000 0.0000000000 0.0000000000 1.0000000000 True True True False
RidableVehicle 0.00 0 -1 1218.87 478.54 1237.39 553.11 2.07 0.64 1.39 6.48 1.09 64.65 -1.571 0.000 0.000 0.000 1.00 0.0000000000 0.0000000000 0.0000000000 1.0000000000 True True True False
RidableVehicle 0.00 0 -1 1002.40 494.19 1019.97 539.50 -1.00 -1.00 -1.00 -1000.00 -1000.00 -1000.00 -1.000 -1.000 -1.000 -1.000 1.00 -1000.0000000000 -1000.0000000000 -1000.0000000000 -1000.0000000000 True True False False
Pedestrian 0.07 0 -1 329.83 517.48 350.02 569.58 1.50 0.42 0.52 -20.27 1.42 73.28 -3.316 0.000 0.000 -1.745 1.00 0.0000000000 0.0000000000 -0.7660252701 0.6428104585 True True True False
Pedestrian 0.00 0 -1 1767.06 437.94 1821.10 652.07 1.63 0.56 0.54 6.58 1.01 18.91 -3.144 0.000 0.000 -1.573 1.00 0.0000000000 0.0000000000 -0.7079854878 0.7062269813 True False True False
Pedestrian 0.00 0 -1 1688.28 451.57 1729.29 652.02 1.56 0.57 0.44 6.03 1.05 19.41 -3.145 0.000 0.000 -1.575 1.00 0.0000000000 0.0000000000 -0.7084784292 0.7057324673 True False True False
Pedestrian 0.00 2 -1 1679.84 451.57 1750.37 641.81 1.65 0.54 0.58 6.70 1.01 20.39 -3.206 0.000 0.000 -1.636 1.00 0.0000000000 0.0000000000 -0.7296326433 0.6838393129 True False True False
Pedestrian 0.00 2 -1 1758.30 451.21 1810.38 643.34 1.50 0.39 0.42 6.89 1.03 19.42 -3.151 0.000 -0.006 -1.581 1.00 -0.0022700273 -0.0022478011 -0.7105732776 0.7036159545 True False True False
Pedestrian 0.20 1 -1 1868.47 440.61 1907.86 583.48 1.59 0.61 0.61 10.38 0.79 26.90 -4.640 0.000 0.000 -3.070 1.00 0.0000000000 0.0000000000 -0.9993507437 0.0360290312 True False True True
