PassengerCar 0.00 0 -1 1480.75 506.75 1773.28 659.44 1.47 1.81 2.83 6.45 1.47 24.07 -1.766 0.000 0.000 -0.195 1.00 0.0000000000 0.0000000000 -0.0973509230 0.9952501182 True True True False
PassengerCar 0.00 2 -1 1321.98 507.58 1419.30 582.72 1.57 1.63 3.14 8.35 1.60 51.63 -1.567 0.000 0.000 0.004 1.00 0.0000000000 0.0000000000 0.0019574558 0.9999980842 True True True False
PassengerCar 0.00 2 -1 1385.70 503.79 1489.54 571.70 1.62 1.81 3.91 11.05 1.53 58.13 -1.571 0.000 0.000 0.000 1.00 0.0000000000 0.0000000000 0.0000000000 1.0000000000 True True True False
PassengerCar 0.00 2 -1 535.62 488.36 707.90 555.08 1.51 1.81 3.82 -8.43 1.07 54.47 -3.225 0.000 0.000 -1.654 1.00 0.0000000000 0.0000000000 -0.7358084823 0.6771896908 True True True False
PassengerCar 0.00 1 -1 731.50 491.72 805.63 552.17 1.55 1.48 3.72 -5.79 1.15 62.46 -4.675 0.000 0.000 -3.104 1.00 0.0000000000 0.0000000000 -0.9998229211 0.0188182502 True True True False
PassengerCar 0.00 2 -1 757.26 491.53 838.39 548.15 1.57 1.62 3.24 -5.36 1.12 66.72 -4.572 0.000 0.000 -3.001 1.00 0.0000000000 0.0000000000 -0.9975230278 0.0703406643 True True True False
PassengerCar 0.00 2 -1 860.02 498.16 912.98 536.94 -1.00 -1.00 -1.00 -1000.00 -1000.00 -1000.00 -1.000 -1.000 -1.000 -1.000 1.00 -1000.0000000000 -1000.0000000000 -1000.0000000000 -1000.0000000000 True True False False
PassengerCar 0.00 2 -1 890.69 503.07 928.81 533.28 -1.00 -1.00 -1.00 -1000.00 -1000.00 -1000.00 -1.000 -1.000 -1.000 -1.000 1.00 -1000.0000000000 -1000.0000000000 -1000.0000000000 -1000.0000000000 True True False False
PassengerCar 0.00 2 -1 940.98 493.96 985.59 530.56 -1.00 -1.00 -1.00 -1000.00 -1000.00 -1000.00 -1.000 -1.000 -1.000 -1.000 1.00 -1000.0000000000 -1000.0000000000 -1000.0000000000 -1000.0000000000 True True False False
PassengerCar 0.00 2 -1 1333.13 507.64 1420.49 579.82 2.13 2.00 3.91 11.85 2.13 72.17 -1.581 0.000 0.000 -0.010 1.00 0.0000000000 0.0000000000 -0.0051720709 0.9999866248 True True False False
PassengerCar 0.00 3 -1 1154.35 500.38 1214.46 549.42 1.51 1.81 4.08 6.21 1.29 74.80 -1.509 0.000 0.000 0.062 1.00 0.0000000000 0.0000000000 0.0307779378 0.9995262471 True False True False
Obstacle 0.00 2 -1 1691.30 479.51 1825.13 604.87 1.80 1.44 1.52 11.31 1.40 34.66 1.549 0.000 0.000 3.120 1.00 0.0000000000 0.0000000000 0.9999398588 0.0109671661 True False True False
Obstacle 0.00 2 -1 648.70 471.27 727.73 529.14 1.60 1.99 1.71 -8.38 0.59 65.95 -1.571 0.000 0.000 0.000 1.00 0.0000000000 0.0000000000 0.0000000000 1.0000000000 True True True False
Obstacle 0.00 2 -1 1498.61 498.97 1546.29 549.19 -1.00 -1.00 -1.00 -1000.00 -1000.00 -1000.00 -1.000 -1.000 -1.000 -1.000 1.00 -1000.0000000000 -1000.0000000000 -1000.0000000000 -1000.0000000000 True True False False
Pedestrian 0.00 0 -1 1312.39 486.57 1359.35 623.00 1.58 0.41 0.48 4.08 1.34 27.59 -2.819 0.000 0.000 -1.248 1.00 0.0000000000 0.0000000000 -0.5843137674 0.8115278315 True True True False
Pedestrian 0.00 1 -1 1208.30 478.36 1259.21 625.15 1.74 0.53 0.60 2.94 1.39 28.16 0.107 0.000 0.000 1.677 1.00 0.0000000000 0.0000000000 0.7438047713 0.6683969346 True True True False
Pedestrian_is_group 0.00 1 -1 1239.80 487.57 1338.74 624.21 1.71 1.13 0.99 3.73 1.41 29.10 -2.799 0.000 0.000 -1.228 1.00 0.0000000000 0.0000000000 -0.5763310849 0.8172162998 True True True True
Pedestrian 0.00 0 -1 1354.27 496.14 1415.90 620.60 1.59 0.47 0.71 5.29 1.44 31.39 0.437 0.000 0.000 2.008 1.00 0.0000000000 0.0000000000 0.8436514793 0.5368912193 True True True False
Pedestrian 0.00 2 -1 1260.02 482.98 1349.79 627.48 1.91 1.06 0.77 4.27 1.58 31.75 0.656 0.000 0.000 2.226 1.00 0.0000000000 0.0000000000 0.8971290243 0.4417686201 True True True True
Pedestrian 0.00 1 -1 1019.99 466.91 1081.78 603.81 1.72 0.66 0.67 0.83 1.21 29.26 -2.962 0.000 0.000 -1.391 1.00 0.0000000000 0.0000000000 -0.6408660127 0.7676527560 True True True False
Pedestrian 0.00 2 -1 1000.23 475.72 1076.02 603.08 1.60 0.41 0.91 0.64 1.20 29.93 -2.983 0.000 0.000 -1.412 1.00 0.0000000000 0.0000000000 -0.6489118454 0.7608635994 True True True False
Pedestrian 0.00 0 -1 927.88 485.10 973.20 604.61 1.58 0.70 0.52 -0.49 1.28 31.58 0.110 0.000 0.000 1.681 1.00 0.0000000000 0.0000000000 0.7450202593 0.6670418377 True True True False
Pedestrian 0.00 2 -1 999.51 474.22 1045.63 601.41 1.65 0.65 0.55 0.46 1.21 30.87 0.100 0.000 0.000 1.671 1.00 0.0000000000 0.0000000000 0.7416763195 0.6707579571 True True True True
Pedestrian 0.00 0 -1 679.08 459.91 736.63 604.65 1.79 0.50 0.53 -3.54 1.20 29.72 -2.330 0.000 0.000 -0.759 1.00 0.0000000000 0.0000000000 -0.3705953137 0.9287944409 True True True False
Pedestrian_is_group 0.00 1 -1 74.24 432.12 205.05 572.88 1.87 1.47 0.80 -11.45 0.87 31.81 -1.571 0.000 0.000 0.000 1.00 0.0000000000 0.0000000000 0.0000000000 1.0000000000 True False True False
Pedestrian_is_group 0.10 1 -1 8.27 433.66 378.41 578.90 2.04 5.07 2.57 -11.92 1.03 34.48 -1.571 0.000 0.000 0.000 1.00 0.0000000000 0.0000000000 0.0000000000 1.0000000000 True False True False
Pedestrian_is_group 0.00 2 -1 321.63 442.85 563.25 579.18 2.24 2.63 3.36 -9.23 1.18 40.09 -3.057 0.000 0.000 -1.486 1.00 0.0000000000 0.0000000000 -0.6764907477 0.7364511310 True True True False
Pedestrian_is_group 0.00 2 -1 505.83 461.57 585.37 530.72 1.78 2.02 1.19 -11.56 0.59 61.54 -1.758 0.000 0.000 -0.187 1.00 0.0000000000 0.0000000000 -0.0934140217 0.9956273502 True True True True
Pedestrian_is_group 0.24 0 -1 1841.84 483.09 1920.00 639.30 1.84 1.38 0.53 10.91 1.55 28.44 -3.291 0.000 0.000 -1.720 1.00 0.0000000000 0.0000000000 -0.7577837514 0.6525057747 True False True False
Pedestrian_is_group 0.00 1 -1 1803.99 491.95 1868.01 583.88 1.61 0.88 0.77 14.97 1.33 41.54 -1.571 0.000 0.000 0.000 1.00 0.0000000000 0.0000000000 0.0000000000 1.0000000000 True False True False
