PassengerCar 0.18 0 -1 0.00 424.32 438.00 743.32 1.54 2.11 4.85 -4.36 1.17 13.38 -1.746 0.003 -0.019 -0.175 1.00 0.0008258277 -0.0094213479 -0.0873162447 0.9961357486 True True True False
PassengerCar 0.00 3 -1 58.43 485.69 497.18 631.61 1.41 1.89 4.40 -7.50 1.21 24.39 -2.786 0.000 0.000 -1.215 1.00 0.0000000000 0.0000000000 -0.5707496939 0.8211240996 True True True False
PassengerCar 0.00 3 -1 251.72 490.78 519.96 588.37 1.51 1.81 4.21 -9.88 1.26 38.18 -2.728 0.000 0.000 -1.158 1.00 0.0000000000 0.0000000000 -0.5470176107 0.8371210985 True True True False
PassengerCar 0.00 3 -1 788.92 499.16 945.14 607.06 1.55 1.82 3.80 -1.73 1.37 35.37 -1.785 -0.002 0.008 -0.214 1.00 -0.0004271809 0.0039796388 -0.1067276499 0.9942802365 True True True False
PassengerCar 0.00 1 -1 576.30 505.80 937.29 622.45 1.38 1.89 4.33 -3.02 1.39 29.83 -3.617 -0.017 -0.023 -2.046 1.00 -0.0141479989 0.0013160996 -0.8535834024 0.5207624000 True True True False
PassengerCar 0.00 2 -1 872.37 498.94 1099.16 651.42 1.42 1.85 3.98 -0.11 1.41 24.63 -1.732 0.022 -0.027 -0.162 1.00 0.0100201608 -0.0141393930 -0.0806036225 0.9965955699 True True True False
PassengerCar 0.00 0 -1 946.67 488.21 1220.18 677.65 1.35 1.81 3.99 0.75 1.28 19.82 -1.703 0.082 -0.018 -0.133 1.00 0.0403694718 -0.0116709720 -0.0658021747 0.9969474249 True True True False
PassengerCar 0.93 0 -1 1571.16 447.63 1920.00 1024.00 1.49 1.81 4.22 2.83 1.30 4.86 -1.671 0.001 -0.008 -0.101 1.00 0.0002078086 -0.0041292715 -0.0502616806 0.9987275251 True False True False
PassengerCar 0.00 3 -1 362.11 494.51 543.20 567.77 1.59 1.74 3.75 -12.21 1.40 53.34 -2.801 0.000 0.000 -1.230 1.00 0.0000000000 0.0000000000 -0.5769359507 0.8167893907 True True True False
Obstacle 0.00 3 -1 873.19 485.56 933.83 572.69 -1.00 -1.00 -1.00 -1000.00 -1000.00 -1000.00 -1.000 -1.000 -1.000 -1.000 1.00 -1000.0000000000 -1000.0000000000 -1000.0000000000 -1000.0000000000 True False False False
Pedestrian 0.00 0 -1 564.69 499.34 581.78 542.64 -1.00 -1.00 -1.00 -1000.00 -1000.00 -1000.00 -1.000 -1.000 -1.000 -1.000 1.00 -1000.0000000000 -1000.0000000000 -1000.0000000000 -1000.0000000000 True False False False
Pedestrian 0.00 0 -1 582.53 504.63 597.26 545.14 -1.00 -1.00 -1.00 -1000.00 -1000.00 -1000.00 -1.000 -1.000 -1.000 -1.000 1.00 -1000.0000000000 -1000.0000000000 -1000.0000000000 -1000.0000000000 True False False False
Pedestrian 0.00 0 -1 595.94 505.87 620.38 546.70 -1.00 -1.00 -1.00 -1000.00 -1000.00 -1000.00 -1.000 -1.000 -1.000 -1.000 1.00 -1000.0000000000 -1000.0000000000 -1000.0000000000 -1000.0000000000 True False False False
Pedestrian 0.00 2 -1 642.20 504.99 719.10 549.11 -1.00 -1.00 -1.00 -1000.00 -1000.00 -1000.00 -1.000 -1.000 -1.000 -1.000 1.00 -1000.0000000000 -1000.0000000000 -1000.0000000000 -1000.0000000000 True False False False
