PassengerCar 1.00 0 -1 0.00 480.72 160.99 1024.00 1.51 2.05 4.79 -2.24 1.23 2.48 1.538 0.000 0.000 3.109 1.00 0.0000000000 0.0000000000 0.9998671100 0.0163022179 True False True False
PassengerCar 0.47 1 -1 0.00 450.92 661.74 1024.00 1.42 2.01 4.23 -2.11 1.23 7.10 1.548 -0.000 0.016 3.119 1.00 -0.0079518047 -0.0000912925 0.9999024848 0.0114796065 True True True False
PassengerCar 0.00 1 -1 376.80 471.94 770.12 789.64 1.42 1.80 3.87 -2.10 1.21 12.03 1.547 0.000 0.000 3.118 1.00 0.0000000000 0.0000000000 0.9999308396 0.0117607809 True True True False
PassengerCar 0.00 2 -1 555.58 480.72 803.79 691.38 1.51 1.65 3.93 -2.22 1.20 18.26 -4.689 0.000 0.002 -3.119 1.00 0.0011768242 -0.0000135841 -0.9999326935 0.0115422434 True True True False
PassengerCar 0.00 2 -1 629.93 499.41 848.20 656.55 1.41 1.75 3.81 -2.18 1.22 22.36 -4.705 0.000 0.017 -3.134 1.00 0.0083880426 -0.0000322404 -0.9999574334 0.0038433211 True True True False
PassengerCar 0.00 1 -1 743.41 474.60 909.16 621.68 1.65 1.95 4.42 -1.78 1.15 26.79 -4.697 0.000 0.019 -3.126 1.00 0.0092862757 -0.0000701244 -0.9999283698 0.0075508627 True True True False
PassengerCar 0.99 0 -1 1777.71 477.48 1920.00 1024.00 1.45 2.06 4.34 2.48 1.09 3.13 -1.589 0.000 -0.017 -0.018 1.00 0.0000773352 -0.0086114039 -0.0089798661 0.9999225969 True False True False
PassengerCar 0.50 1 -1 1405.64 471.42 1920.00 974.30 1.51 1.89 4.32 2.45 1.24 7.65 -1.582 -0.029 0.008 -0.012 1.00 -0.0143700633 0.0039224001 -0.0057495743 0.9998725211 True True True False
PassengerCar 0.00 1 -1 1335.78 445.94 1714.15 780.63 1.54 1.83 3.82 2.81 1.18 12.48 -1.571 0.000 0.017 0.000 1.00 0.0000000000 0.0087137097 0.0000000000 0.9999620349 True True True False
PassengerCar 0.00 1 -1 1226.31 474.94 1503.27 691.87 1.45 1.80 3.92 2.76 1.09 16.96 -1.571 0.000 0.000 0.000 1.00 0.0000000000 0.0000000000 0.0000000000 1.0000000000 True True True False
PassengerCar 0.00 2 -1 1178.87 485.66 1374.15 648.58 1.41 1.65 3.87 2.77 1.17 22.05 -1.571 0.000 0.000 0.000 1.00 0.0000000000 0.0000000000 0.0000000000 1.0000000000 True True True False
PassengerCar 0.00 1 -1 1068.92 495.23 1220.30 570.04 1.57 2.02 4.61 3.23 0.95 49.02 -2.161 -0.002 -0.037 -0.590 1.00 -0.0063491372 -0.0176458444 -0.2908337673 0.9565897932 True True True False
PassengerCar 0.00 1 -1 1009.25 489.00 1100.36 567.08 1.59 1.95 4.28 1.61 1.05 53.62 -1.724 -0.002 -0.009 -0.153 1.00 -0.0011499173 -0.0041854616 -0.0764756905 0.9970619983 True True True False
PassengerCar 0.00 0 -1 944.54 503.94 1014.46 550.45 1.50 1.88 4.11 -0.31 1.21 75.68 -1.656 0.000 0.000 -0.085 1.00 0.0000000000 0.0000000000 -0.0426461496 0.9990902391 True True True False
Obstacle 0.00 3 -1 1646.90 424.98 1747.63 682.38 1.75 0.72 0.77 5.05 1.09 16.43 -1.571 0.000 0.000 0.000 1.00 0.0000000000 0.0000000000 0.0000000000 1.0000000000 True False True False
Pedestrian 0.00 0 -1 1088.00 475.25 1133.90 591.02 1.69 0.57 0.73 1.89 1.11 35.80 -2.092 0.000 0.000 -0.521 1.00 0.0000000000 0.0000000000 -0.2576935502 0.9662266992 True True True False
