PassengerCar 0.00 1 -1 419.65 463.06 620.89 537.68 1.57 1.79 4.18 -10.30 0.65 52.33 -3.142 0.019 -0.000 -1.571 1.00 0.0068721479 -0.0068721479 -0.7070733863 0.7070733863 True True True False
PassengerCar 0.00 0 -1 493.12 485.60 684.11 628.93 1.36 1.70 3.90 -4.14 1.08 24.69 1.410 -0.006 0.014 2.980 1.00 -0.0071700876 -0.0026752796 0.9967276296 0.0804702750 True True True False
PassengerCar 0.00 1 -1 1088.81 460.95 1262.19 523.64 1.48 1.70 3.85 4.55 0.28 58.31 -2.502 0.000 0.000 -0.932 1.00 0.0000000000 0.0000000000 -0.4491834211 0.8934395638 True True True False
PassengerCar 0.00 0 -1 1218.90 461.36 1410.55 522.11 1.52 1.88 4.54 7.76 0.26 55.26 -3.246 0.000 0.000 -1.675 1.00 0.0000000000 0.0000000000 -0.7429673119 0.6693277026 True True True False
PassengerCar 0.00 1 -1 1455.97 459.53 1651.32 537.18 1.47 1.45 3.60 10.63 0.49 44.83 0.000 0.000 0.000 1.571 1.00 0.0000000000 0.0000000000 0.7072630174 0.7069505104 True True True False
PassengerCar 0.00 0 -1 817.13 455.95 878.22 509.16 1.54 1.74 3.36 -4.19 -0.06 70.52 1.507 0.000 0.000 3.078 1.00 0.0000000000 0.0000000000 0.9994959373 0.0317469903 True True False False
PassengerCar 0.00 2 -1 1020.48 452.26 1064.28 490.04 -1.00 -1.00 -1.00 -1000.00 -1000.00 -1000.00 -1.000 -1.000 -1.000 -1.000 1.00 -1000.0000000000 -1000.0000000000 -1000.0000000000 -1000.0000000000 True True False False
PassengerCar 0.00 2 -1 1006.93 452.82 1042.57 489.21 -1.00 -1.00 -1.00 -1000.00 -1000.00 -1000.00 -1.000 -1.000 -1.000 -1.000 1.00 -1000.0000000000 -1000.0000000000 -1000.0000000000 -1000.0000000000 True True False False
PassengerCar 0.00 2 -1 992.99 452.54 1031.68 488.45 -1.00 -1.00 -1.00 -1000.00 -1000.00 -1000.00 -1.000 -1.000 -1.000 -1.000 1.00 -1000.0000000000 -1000.0000000000 -1000.0000000000 -1000.0000000000 True True False False
PassengerCar 0.00 1 -1 977.48 454.31 1015.36 486.99 -1.00 -1.00 -1.00 -1000.00 -1000.00 -1000.00 -1.000 -1.000 -1.000 -1.000 1.00 -1000.0000000000 -1000.0000000000 -1000.0000000000 -1000.0000000000 True True False False
Vehicle 0.00 2 -1 103.26 492.53 241.63 547.23 -1.00 -1.00 -1.00 -1000.00 -1000.00 -1000.00 -1.000 -1.000 -1.000 -1.000 1.00 -1000.0000000000 -1000.0000000000 -1000.0000000000 -1000.0000000000 True False False True
Vehicle 0.00 2 -1 1810.67 439.47 1920.00 494.48 -1.00 -1.00 -1.00 -1000.00 -1000.00 -1000.00 -1.000 -1.000 -1.000 -1.000 1.00 -1000.0000000000 -1000.0000000000 -1000.0000000000 -1000.0000000000 True False False True
Vehicle 0.00 3 -1 826.39 452.84 893.45 502.22 -1.00 -1.00 -1.00 -1000.00 -1000.00 -1000.00 -1.000 -1.000 -1.000 -1.000 1.00 -1000.0000000000 -1000.0000000000 -1000.0000000000 -1000.0000000000 True False False False
Obstacle 0.00 0 -1 37.49 462.41 80.00 594.24 1.60 0.38 0.37 -11.36 1.05 28.80 -3.140 0.000 0.000 -1.569 1.00 0.0000000000 0.0000000000 -0.7065734164 0.7076397439 False False False False
Pedestrian 0.00 2 -1 64.68 460.50 104.09 594.81 1.61 0.35 0.40 -10.95 1.04 28.48 -3.139 0.000 0.001 -1.568 1.00 0.0002690020 0.0002682321 -0.7060927347 0.7081192736 True False True False
Pedestrian 0.00 0 -1 291.67 452.62 325.94 520.45 1.73 0.41 0.83 -17.64 0.30 61.41 -3.147 0.000 0.000 -1.576 1.00 0.0000000000 0.0000000000 -0.7089979750 0.7052105157 True True True True
Pedestrian 0.06 0 -1 373.23 457.69 397.60 515.33 1.50 0.39 0.54 -15.77 0.19 61.62 -3.141 0.000 0.000 -1.570 1.00 0.0000000000 0.0000000000 -0.7069653745 0.7072481596 True True True True
Pedestrian 0.00 0 -1 670.68 459.16 700.03 526.35 1.69 0.54 0.67 -7.66 0.46 59.60 -3.145 0.000 0.000 -1.575 1.00 0.0000000000 0.0000000000 -0.7084563130 0.7057546689 True True True False
Pedestrian 0.07 2 -1 695.09 454.13 713.69 511.89 1.50 0.49 0.42 -7.41 0.10 61.51 -3.135 0.000 0.000 -1.564 1.00 0.0000000000 0.0000000000 -0.7048487439 0.7093576307 True True True False
Pedestrian 0.07 0 -1 787.57 449.32 807.34 495.79 1.52 0.62 0.41 -6.19 -0.46 77.04 -4.712 0.000 0.000 -3.141 1.00 0.0000000000 0.0000000000 -0.9999999711 0.0002402171 True True True False
Pedestrian 0.07 1 -1 756.22 449.43 777.72 495.51 1.47 0.53 0.50 -7.12 -0.41 75.85 -4.377 0.000 0.000 -2.806 1.00 0.0000000000 0.0000000000 -0.9859738093 0.1669001121 True True True False
Pedestrian 0.00 0 -1 726.58 439.04 745.90 491.51 -1.00 -1.00 -1.00 -1000.00 -1000.00 -1000.00 -1.000 -1.000 -1.000 -1.000 1.00 -1000.0000000000 -1000.0000000000 -1000.0000000000 -1000.0000000000 True True False False
Pedestrian 0.00 0 -1 743.91 440.32 760.37 490.22 -1.00 -1.00 -1.00 -1000.00 -1000.00 -1000.00 -1.000 -1.000 -1.000 -1.000 1.00 -1000.0000000000 -1000.0000000000 -1000.0000000000 -1000.0000000000 True True False False
Pedestrian 0.00 2 -1 562.09 449.78 642.24 512.52 -1.00 -1.00 -1.00 -1000.00 -1000.00 -1000.00 -1.000 -1.000 -1.000 -1.000 1.00 -1000.0000000000 -1000.0000000000 -1000.0000000000 -1000.0000000000 True False False False
Pedestrian_is_group 0.00 2 -1 500.51 447.98 544.15 512.77 1.51 0.95 0.56 -12.72 -0.14 64.55 -1.663 0.000 0.000 -0.092 1.00 0.0000000000 0.0000000000 -0.0460734046 0.9989380568 True True True False
Pedestrian 0.06 0 -1 866.25 453.96 885.90 518.06 1.70 0.41 0.50 -2.98 0.27 62.72 0.004 0.000 0.000 1.575 1.00 0.0000000000 0.0000000000 0.7085819019 0.7056285767 True True True False
Pedestrian 0.08 2 -1 1093.92 448.52 1109.70 505.27 1.70 0.43 0.39 3.16 0.01 64.96 -3.139 0.000 0.000 -1.568 1.00 0.0000000000 0.0000000000 -0.7060632243 0.7081488003 True True True False
Pedestrian 0.08 2 -1 1103.27 453.46 1121.35 505.75 1.60 0.36 0.39 3.43 -0.04 64.49 -3.131 0.000 0.000 -1.561 1.00 0.0000000000 0.0000000000 -0.7034731717 0.7107218138 True True True False
Pedestrian 0.05 2 -1 1257.66 438.23 1279.48 505.66 1.90 0.52 0.66 7.90 -0.07 66.61 -3.142 0.000 0.000 -1.572 1.00 0.0000000000 0.0000000000 -0.7073947016 0.7068187435 True True True False
Pedestrian 0.06 0 -1 1422.29 441.33 1446.09 508.89 1.99 0.49 0.45 11.61 0.07 61.36 -3.132 0.000 0.000 -1.562 1.00 0.0000000000 0.0000000000 -0.7038677524 0.7103310405 True True True False
Pedestrian 0.06 0 -1 1442.49 445.45 1464.44 511.37 1.72 0.51 0.47 12.31 0.06 61.92 -3.133 0.000 0.000 -1.562 1.00 0.0000000000 0.0000000000 -0.7041664954 0.7100348912 True True True False
Pedestrian 0.06 1 -1 1470.24 431.98 1491.81 505.52 2.06 0.46 0.51 13.87 -0.07 66.30 0.000 0.000 0.000 1.571 1.00 0.0000000000 0.0000000000 0.7071067812 0.7071067812 True True True False
Pedestrian 0.06 1 -1 1496.81 434.09 1516.06 511.05 2.05 0.43 0.44 13.91 0.08 63.19 -3.072 0.000 0.000 -1.501 1.00 0.0000000000 0.0000000000 -0.6821696325 0.7311939500 True True True False
Pedestrian 0.06 1 -1 1514.69 434.05 1535.87 511.76 2.06 0.48 0.43 14.30 0.10 62.71 -3.192 0.000 0.000 -1.621 1.00 0.0000000000 0.0000000000 -0.7246354494 0.6891324005 True True True False
Pedestrian 0.00 0 -1 1743.83 430.90 1776.07 549.07 1.72 0.34 0.37 11.77 0.50 36.01 -4.043 0.000 0.000 -2.472 1.00 0.0000000000 0.0000000000 -0.9444382918 0.3286887782 True True True False
Pedestrian 0.00 0 -1 1716.72 438.40 1750.42 545.91 1.71 0.41 0.38 11.29 0.53 35.68 0.661 0.000 0.000 2.232 1.00 0.0000000000 0.0000000000 0.8982798378 0.4394238648 True True True False
Pedestrian 0.00 0 -1 1754.44 431.02 1795.81 544.88 1.70 0.38 0.48 11.82 0.55 35.38 -2.477 0.000 0.000 -0.906 1.00 0.0000000000 0.0000000000 -0.4377521990 0.8990956636 True True True False
Pedestrian 0.00 0 -1 1787.88 441.32 1820.48 549.82 1.71 0.48 0.57 13.58 0.62 39.12 -4.241 0.000 0.000 -2.670 1.00 0.0000000000 0.0000000000 -0.9723049148 0.2337159657 False False False False
Pedestrian 0.00 1 -1 1222.56 439.54 1250.29 504.83 -1.00 -1.00 -1.00 -1000.00 -1000.00 -1000.00 -1.000 -1.000 -1.000 -1.000 1.00 -1000.0000000000 -1000.0000000000 -1000.0000000000 -1000.0000000000 True True False False
Pedestrian 0.00 2 -1 1254.79 446.83 1271.88 503.78 -1.00 -1.00 -1.00 -1000.00 -1000.00 -1000.00 -1.000 -1.000 -1.000 -1.000 1.00 -1000.0000000000 -1000.0000000000 -1000.0000000000 -1000.0000000000 True True False False
Pedestrian 0.00 2 -1 1189.83 446.19 1205.60 499.28 -1.00 -1.00 -1.00 -1000.00 -1000.00 -1000.00 -1.000 -1.000 -1.000 -1.000 1.00 -1000.0000000000 -1000.0000000000 -1000.0000000000 -1000.0000000000 True True False False
Pedestrian 0.00 2 -1 1180.79 446.19 1195.30 497.34 -1.00 -1.00 -1.00 -1000.00 -1000.00 -1000.00 -1.000 -1.000 -1.000 -1.000 1.00 -1000.0000000000 -1000.0000000000 -1000.0000000000 -1000.0000000000 True True False False
Pedestrian 0.00 1 -1 1364.13 437.49 1389.41 504.57 -1.00 -1.00 -1.00 -1000.00 -1000.00 -1000.00 -1.000 -1.000 -1.000 -1.000 1.00 -1000.0000000000 -1000.0000000000 -1000.0000000000 -1000.0000000000 True True False False
Pedestrian 0.00 2 -1 1340.79 438.11 1362.33 504.48 -1.00 -1.00 -1.00 -1000.00 -1000.00 -1000.00 -1.000 -1.000 -1.000 -1.000 1.00 -1000.0000000000 -1000.0000000000 -1000.0000000000 -1000.0000000000 True True False False
Pedestrian 0.00 2 -1 1146.86 446.87 1163.15 498.35 -1.00 -1.00 -1.00 -1000.00 -1000.00 -1000.00 -1.000 -1.000 -1.000 -1.000 1.00 -1000.0000000000 -1000.0000000000 -1000.0000000000 -1000.0000000000 True True False False
Pedestrian 0.00 2 -1 1297.21 439.05 1315.57 501.92 -1.00 -1.00 -1.00 -1000.00 -1000.00 -1000.00 -1.000 -1.000 -1.000 -1.000 1.00 -1000.0000000000 -1000.0000000000 -1000.0000000000 -1000.0000000000 True True False False
Pedestrian 0.06 2 -1 1551.89 441.55 1572.18 505.81 1.72 0.51 0.42 15.45 -0.06 63.40 -3.144 0.000 0.000 -1.573 1.00 0.0000000000 0.0000000000 -0.7079980936 0.7062143438 True False True False
Pedestrian 0.07 2 -1 1531.83 443.56 1550.57 505.58 1.71 0.41 0.42 15.30 -0.22 65.18 -3.142 0.000 0.000 -1.571 1.00 0.0000000000 0.0000000000 -0.7072243250 0.7069892178 True True True False
