PassengerCar 0.57 0 -1 1542.56 487.16 1920.00 995.62 1.43 1.81 4.05 3.08 1.35 8.25 1.568 0.000 0.000 3.138 1.00 0.0000000000 0.0000000000 0.9999987536 0.0015788671 True True True False
PassengerCar 0.00 1 -1 1366.09 498.87 1812.71 800.40 1.46 1.81 4.01 3.21 1.43 13.01 -1.601 0.000 0.000 -0.030 1.00 0.0000000000 0.0000000000 -0.0151389890 0.9998853989 True True True False
PassengerCar 0.00 1 -1 1241.34 431.64 1552.11 705.27 1.99 1.91 4.10 3.18 1.46 18.80 -1.588 0.000 0.000 -0.018 1.00 0.0000000000 0.0000000000 -0.0087805602 0.9999614501 True True True False
PassengerCar 0.00 0 -1 535.82 482.66 805.49 713.52 1.55 1.90 3.76 -2.35 1.38 17.73 1.509 -0.058 0.000 3.080 1.00 -0.0011062851 -0.0292250796 0.9990985386 0.0307698059 True True True False
PassengerCar 0.34 0 -1 0.00 497.01 426.10 847.28 1.45 1.81 4.17 -3.92 1.41 11.34 1.564 0.000 0.000 3.135 1.00 0.0000000000 0.0000000000 0.9999948179 0.0032193567 True True True False
PassengerCar 0.00 0 -1 1098.59 507.25 1219.45 605.03 1.70 2.00 4.10 3.18 1.71 43.72 -1.506 -0.000 -0.008 0.065 1.00 0.0000941242 -0.0038541972 0.0322455906 0.9994725400 True True True False
PassengerCar 0.00 0 -1 886.75 524.93 979.39 596.30 1.49 1.83 4.02 -1.15 1.83 49.28 -4.696 0.015 0.005 -3.125 1.00 0.0025017878 -0.0072880742 -0.9999366026 0.0082107192 True True True False
PassengerCar 0.00 3 -1 914.92 521.63 993.78 589.42 1.50 1.84 4.00 -0.59 1.78 54.49 -4.645 0.000 0.000 -3.074 1.00 0.0000000000 0.0000000000 -0.9994315342 0.0337136238 True True True False
PassengerCar_is_group 0.00 3 -1 934.58 520.83 1017.14 581.04 1.49 1.81 4.02 -0.19 1.87 60.18 -4.642 -0.001 -0.015 -3.071 1.00 -0.0073087544 0.0002582446 -0.9993496252 0.0353106512 True True True False
PassengerCar 0.00 0 -1 969.09 527.91 1034.12 580.68 -1.00 -1.00 -1.00 -1000.00 -1000.00 -1000.00 -1.000 -1.000 -1.000 -1.000 1.00 -1000.0000000000 -1000.0000000000 -1000.0000000000 -1000.0000000000 True True False False
PassengerCar 0.00 0 -1 1002.18 518.32 1062.31 567.42 1.64 1.82 4.04 1.35 1.93 77.94 -4.653 0.000 0.000 -3.083 1.00 0.0000000000 0.0000000000 -0.9995639014 0.0295297636 True True True False
PassengerCar 0.00 2 -1 1088.03 515.65 1142.00 556.75 -1.00 -1.00 -1.00 -1000.00 -1000.00 -1000.00 -1.000 -1.000 -1.000 -1.000 1.00 -1000.0000000000 -1000.0000000000 -1000.0000000000 -1000.0000000000 True True False False
PassengerCar 0.00 2 -1 478.23 512.15 712.17 656.53 1.40 1.61 3.37 -3.88 1.39 23.09 1.177 0.000 0.000 2.748 1.00 0.0000000000 0.0000000000 0.9807158459 0.1954390689 True True True True
PassengerCar 0.00 0 -1 1029.55 522.94 1077.37 564.97 -1.00 -1.00 -1.00 -1000.00 -1000.00 -1000.00 -1.000 -1.000 -1.000 -1.000 1.00 -1000.0000000000 -1000.0000000000 -1000.0000000000 -1000.0000000000 True True False False
Pedestrian 0.00 0 -1 1213.94 510.56 1238.79 575.37 1.80 0.65 0.69 6.55 1.82 64.12 -1.556 0.000 0.000 0.014 1.00 0.0000000000 0.0000000000 0.0072296709 0.9999738656 True True True False
