PassengerCar 0.00 0 -1 1353.48 520.02 1480.87 609.89 1.41 1.82 4.01 7.24 1.65 39.82 -1.509 -0.000 -0.007 0.061 1.00 -0.0001025713 -0.0033442664 0.0306561949 0.9995243884 True True True False
PassengerCar 0.00 0 -1 1517.32 519.88 1648.57 598.95 1.50 1.86 4.19 11.49 1.69 45.41 -1.524 0.003 -0.013 0.046 1.00 0.0014228885 -0.0066288729 0.0232160492 0.9997074815 True True True False
PassengerCar 0.00 0 -1 1042.85 521.14 1129.98 587.23 1.52 1.95 4.00 2.42 1.83 55.70 -1.513 -0.009 0.000 0.058 1.00 -0.0042718898 0.0001232577 0.0288409338 0.9995748778 True True True False
PassengerCar 0.44 0 -1 0.00 522.58 152.93 645.79 1.44 1.85 4.25 -12.03 1.59 29.56 1.565 -0.035 -0.020 3.136 1.00 0.0099068630 -0.0177035742 0.9997899575 0.0029117611 True False True False
PassengerCar 0.00 0 -1 172.45 529.22 336.74 623.92 1.41 1.82 4.03 -12.44 1.80 40.07 1.510 0.024 0.017 3.081 1.00 -0.0083342374 0.0121250938 0.9994326471 0.0302969713 True False True False
PassengerCar 0.00 2 -1 268.01 519.26 390.26 598.74 1.58 1.84 4.01 -12.96 1.81 46.74 1.492 -0.001 0.022 3.063 1.00 -0.0110297116 -0.0002968554 0.9991708900 0.0391891566 True True True False
PassengerCar 0.00 2 -1 347.79 525.61 461.64 599.04 1.44 1.85 3.95 -13.13 1.89 52.68 1.501 -0.001 0.011 3.071 1.00 -0.0053096258 -0.0005459387 0.9993706127 0.0350697642 True True True False
PassengerCar 0.00 2 -1 1102.04 534.41 1143.07 565.13 -1.00 -1.00 -1.00 -1000.00 -1000.00 -1000.00 -1.000 -1.000 -1.000 -1.000 1.00 -1000.0000000000 -1000.0000000000 -1000.0000000000 -1000.0000000000 True True False False
PassengerCar 0.00 0 -1 596.67 519.61 652.28 555.10 -1.00 -1.00 -1.00 -1000.00 -1000.00 -1000.00 -1.000 -1.000 -1.000 -1.000 1.00 -1000.0000000000 -1000.0000000000 -1000.0000000000 -1000.0000000000 True True False False
LargeVehicle 0.00 0 -1 1151.36 375.99 1361.59 621.66 3.15 2.84 12.24 3.94 1.44 36.53 -1.495 0.000 0.000 0.076 1.00 0.0000000000 0.0000000000 0.0378374351 0.9992839079 True True True False
