PassengerCar 0.00 2 -1 448.32 552.12 662.21 659.32 1.33 1.74 3.50 -5.32 1.85 30.38 -1.337 -0.002 -0.007 0.234 1.00 -0.0004039040 -0.0034360041 0.1167459419 0.9931557863 True False True False
PassengerCar 0.00 1 -1 617.06 540.94 795.89 640.47 1.42 2.02 3.98 -4.06 1.92 35.99 -1.378 -0.002 -0.009 0.193 1.00 -0.0004476229 -0.0046338885 0.0961490852 0.9953560570 True True True False
PassengerCar 0.00 0 -1 794.95 544.69 1035.44 666.68 1.28 1.69 3.50 -0.77 1.75 27.21 -1.265 0.011 -0.012 0.306 1.00 0.0062232809 -0.0052374655 0.1523029236 0.9883003891 True True True False
PassengerCar 0.00 0 -1 1072.81 542.84 1149.92 589.34 1.47 1.82 3.64 4.17 2.70 78.64 -4.479 0.000 0.000 -2.908 1.00 0.0000000000 0.0000000000 -0.9931744609 0.1166382877 True True True False
PassengerCar 0.00 0 -1 1346.74 519.02 1540.94 602.40 1.72 1.80 4.57 10.76 2.01 51.95 -3.678 0.000 0.000 -2.107 1.00 0.0000000000 0.0000000000 -0.8691467255 0.4945543141 True True True False
PassengerCar 0.00 3 -1 1430.90 528.73 1609.71 591.44 1.50 1.80 4.20 12.98 2.01 57.65 -2.946 -0.001 -0.006 -1.376 1.00 -0.0025591097 -0.0021026598 -0.6348322233 0.7726429175 True True True False
PassengerCar 0.00 0 -1 232.03 542.93 648.37 760.15 1.30 1.54 2.88 -3.63 1.56 15.99 -1.302 -0.003 0.001 0.269 1.00 -0.0014028694 0.0003767002 0.1339162544 0.9909915877 True True True False
PassengerCar 0.06 0 -1 1682.90 519.45 1900.89 676.97 1.34 1.76 3.99 7.66 1.48 21.80 -1.127 -0.005 -0.012 0.444 1.00 -0.0014049469 -0.0062254949 0.2201356209 0.9754483983 True False True False
LargeVehicle 0.65 0 -1 12.72 519.36 138.98 650.49 3.51 2.62 16.45 -29.47 3.75 65.35 0.609 0.000 0.000 2.179 1.00 0.0000000000 0.0000000000 0.8864645534 0.4627964947 True False True False
LargeVehicle 0.00 1 -1 967.87 505.54 1073.72 582.63 -1.00 -1.00 -1.00 -1000.00 -1000.00 -1000.00 -1.000 -1.000 -1.000 -1.000 1.00 -1000.0000000000 -1000.0000000000 -1000.0000000000 -1000.0000000000 True False False False
Pedestrian 0.00 1 -1 1570.43 501.84 1615.21 609.05 -1.00 -1.00 -1.00 -1000.00 -1000.00 -1000.00 -1.000 -1.000 -1.000 -1.000 1.00 -1000.0000000000 -1000.0000000000 -1000.0000000000 -1000.0000000000 True True False False
