PassengerCar 0.00 0 -1 1285.89 498.93 1684.39 775.05 1.39 1.71 3.30 2.64 1.28 13.02 -1.588 0.000 0.000 -0.018 1.00 0.0000000000 0.0000000000 -0.0087992412 0.9999612859 True True True False
PassengerCar 0.00 0 -1 1117.30 518.09 1252.63 609.00 1.41 1.82 4.22 3.17 1.53 37.16 -1.610 0.000 0.000 -0.039 1.00 0.0000000000 0.0000000000 -0.0195810136 0.9998082736 True True True False
PassengerCar 0.00 0 -1 948.95 517.37 1028.38 580.69 1.42 1.90 4.21 -0.02 1.68 55.52 -1.576 0.000 -0.020 -0.005 1.00 -0.0000239713 -0.0101280187 -0.0025005798 0.9999455834 True True True False
PassengerCar 0.00 1 -1 101.17 480.85 182.79 551.74 -1.00 -1.00 -1.00 -1000.00 -1000.00 -1000.00 -1.000 -1.000 -1.000 -1.000 1.00 -1000.0000000000 -1000.0000000000 -1000.0000000000 -1000.0000000000 True False False False
PassengerCar 0.00 1 -1 349.93 499.12 461.66 558.90 1.54 1.65 3.92 -14.76 1.33 59.45 -4.696 0.000 0.000 -3.126 1.00 0.0000000000 0.0000000000 -0.9999680970 0.0079878004 True True True False
PassengerCar 0.00 2 -1 438.99 500.60 521.31 551.25 1.62 1.68 4.25 -16.01 1.35 74.53 -4.699 -0.004 0.000 -3.128 1.00 0.0000715201 0.0020849320 -0.9999745188 0.0068271243 True True True False
PassengerCar 0.00 3 -1 1319.96 517.24 1387.86 569.20 -1.00 -1.00 -1.00 -1000.00 -1000.00 -1000.00 -1.000 -1.000 -1.000 -1.000 1.00 -1000.0000000000 -1000.0000000000 -1000.0000000000 -1000.0000000000 True False False False
PassengerCar 0.00 1 -1 1282.56 524.02 1345.85 567.66 -1.00 -1.00 -1.00 -1000.00 -1000.00 -1000.00 -1.000 -1.000 -1.000 -1.000 1.00 -1000.0000000000 -1000.0000000000 -1000.0000000000 -1000.0000000000 True True False False
PassengerCar 0.00 1 -1 1249.89 528.65 1307.77 563.79 -1.00 -1.00 -1.00 -1000.00 -1000.00 -1000.00 -1.000 -1.000 -1.000 -1.000 1.00 -1000.0000000000 -1000.0000000000 -1000.0000000000 -1000.0000000000 True True False False
PassengerCar 0.00 2 -1 489.36 499.65 551.17 546.66 -1.00 -1.00 -1.00 -1000.00 -1000.00 -1000.00 -1.000 -1.000 -1.000 -1.000 1.00 -1000.0000000000 -1000.0000000000 -1000.0000000000 -1000.0000000000 True False False False
PassengerCar 0.00 1 -1 927.08 513.80 974.79 548.26 -1.00 -1.00 -1.00 -1000.00 -1000.00 -1000.00 -1.000 -1.000 -1.000 -1.000 1.00 -1000.0000000000 -1000.0000000000 -1000.0000000000 -1000.0000000000 True True False False
PassengerCar 0.00 1 -1 702.92 499.81 763.64 548.11 -1.00 -1.00 -1.00 -1000.00 -1000.00 -1000.00 -1.000 -1.000 -1.000 -1.000 1.00 -1000.0000000000 -1000.0000000000 -1000.0000000000 -1000.0000000000 True True False False
Pedestrian 0.00 1 -1 35.36 468.88 97.39 619.79 1.80 0.65 0.62 -11.14 1.34 28.44 1.129 0.000 0.000 2.700 1.00 0.0000000000 0.0000000000 0.9757260833 0.2189945442 True False True False
Pedestrian 0.19 1 -1 0.00 459.76 40.22 601.91 1.71 0.44 0.55 -11.79 1.13 28.65 -4.683 0.000 0.004 -3.112 1.00 0.0019465999 -0.0000288585 -0.9998882321 0.0148234034 True False True False
Pedestrian_is_group 0.00 0 -1 175.92 471.52 216.94 541.74 1.78 0.79 0.47 -20.54 0.80 61.16 -1.702 0.000 0.000 -0.132 1.00 0.0000000000 0.0000000000 -0.0657087339 0.9978388458 True False True False
Pedestrian 0.00 1 -1 1640.21 454.85 1700.37 645.33 1.71 0.34 0.55 6.23 1.23 21.47 1.488 -0.003 0.001 3.059 1.00 -0.0003769209 -0.0013140476 0.9991482236 0.0412426780 True False True False
Pedestrian 0.00 1 -1 1663.51 451.43 1733.01 651.70 2.00 0.49 0.66 7.03 1.43 23.29 1.551 0.000 0.000 3.121 1.00 0.0000000000 0.0000000000 0.9999486440 0.0101345597 True False True False
Pedestrian 0.00 1 -1 1748.56 467.16 1817.19 627.90 1.48 0.60 0.64 7.27 1.08 21.56 -1.269 0.000 0.000 0.302 1.00 0.0000000000 0.0000000000 0.1505345137 0.9886047543 True False True False
Pedestrian 0.00 2 -1 1789.18 474.86 1838.38 633.63 1.94 0.56 0.56 10.05 1.53 28.64 0.305 0.000 0.000 1.876 1.00 0.0000000000 0.0000000000 0.8063832633 0.5913932978 True False True True
Pedestrian 0.00 2 -1 1832.33 462.32 1885.79 618.75 1.85 0.58 0.46 10.29 1.30 27.83 -1.253 -0.002 -0.001 0.318 1.00 -0.0011310589 -0.0004767552 0.1581527956 0.9874138882 True True True False
Pedestrian 0.00 2 -1 1844.46 455.82 1902.08 612.42 1.98 0.58 0.41 10.82 1.35 28.75 -1.382 0.000 0.000 0.189 1.00 0.0000000000 0.0000000000 0.0944617495 0.9955284917 True False True False
Pedestrian 0.00 3 -1 1527.30 481.37 1565.90 598.66 1.42 0.36 0.35 6.70 1.07 28.27 -2.558 -0.003 0.002 -0.988 1.00 -0.0009847755 0.0018292853 -0.4740151098 0.8805142586 True True True False
Pedestrian 0.00 3 -1 1493.67 475.67 1530.95 597.90 1.58 0.43 0.46 6.52 1.10 29.18 -2.819 0.000 0.000 -1.248 1.00 0.0000000000 0.0000000000 -0.5844427119 0.8114349737 True True True False
Pedestrian 0.00 3 -1 1419.04 483.84 1451.92 603.83 1.50 0.41 0.41 5.71 1.20 29.73 -2.627 0.000 0.000 -1.056 1.00 0.0000000000 0.0000000000 -0.5038060561 0.8638167965 True True True False
Pedestrian 0.00 3 -1 1389.71 489.35 1415.69 598.96 1.50 0.28 0.28 5.54 1.21 31.41 -2.632 0.000 0.000 -1.061 1.00 0.0000000000 0.0000000000 -0.5061727785 0.8624320949 True True True False
Pedestrian 0.00 1 -1 221.39 471.82 277.39 524.94 -1.00 -1.00 -1.00 -1000.00 -1000.00 -1000.00 -1.000 -1.000 -1.000 -1.000 1.00 -1000.0000000000 -1000.0000000000 -1000.0000000000 -1000.0000000000 True False False False
Pedestrian 0.00 0 -1 297.91 472.05 317.94 519.20 -1.00 -1.00 -1.00 -1000.00 -1000.00 -1000.00 -1.000 -1.000 -1.000 -1.000 1.00 -1000.0000000000 -1000.0000000000 -1000.0000000000 -1000.0000000000 True False False False
Pedestrian 0.00 1 -1 311.02 474.24 362.89 521.26 -1.00 -1.00 -1.00 -1000.00 -1000.00 -1000.00 -1.000 -1.000 -1.000 -1.000 1.00 -1000.0000000000 -1000.0000000000 -1000.0000000000 -1000.0000000000 True False False False
