PassengerCar 0.00 1 -1 479.51 462.90 671.95 535.02 1.56 1.78 4.17 -9.71 0.59 55.50 -3.157 0.000 0.000 -1.586 1.00 0.0000000000 0.0000000000 -0.7124697543 0.7017028212 True True True False
PassengerCar 0.00 2 -1 602.31 468.40 785.87 537.52 1.50 1.70 3.62 -6.53 0.65 52.23 -3.150 0.000 0.000 -1.579 1.00 0.0000000000 0.0000000000 -0.7101148756 0.7040858352 True True True False
PassengerCar 0.00 0 -1 671.17 468.54 911.94 551.48 1.50 1.93 4.50 -3.75 0.76 44.87 0.019 0.001 0.000 1.589 1.00 0.0003781598 0.0003852971 0.7136860663 0.7004654933 True True True False
PassengerCar 0.00 2 -1 1110.85 446.06 1309.64 519.06 1.53 1.82 4.49 5.17 0.10 54.83 -3.143 0.000 0.000 -1.573 1.00 0.0000000000 0.0000000000 -0.7077586115 0.7064543494 True True True False
PassengerCar 0.00 1 -1 1312.20 448.79 1489.77 523.48 1.65 1.81 4.09 9.22 0.34 52.38 -3.138 0.000 0.000 -1.567 1.00 0.0000000000 0.0000000000 -0.7058754567 0.7083359652 True True True False
PassengerCar 0.51 1 -1 1831.64 438.28 1920.00 506.62 1.59 1.80 3.88 20.74 0.10 52.51 -3.120 0.000 0.000 -1.549 1.00 0.0000000000 0.0000000000 -0.6993821732 0.7147479107 True False True False
PassengerCar 0.00 2 -1 1594.24 441.39 1774.92 505.26 1.50 1.75 3.78 16.33 0.20 55.42 -3.117 0.000 0.000 -1.547 1.00 0.0000000000 0.0000000000 -0.6985085689 0.7156016903 True False True False
PassengerCar 0.00 0 -1 270.31 492.25 494.77 583.19 1.40 1.76 3.78 -9.64 1.13 37.47 0.708 0.000 0.000 2.279 1.00 0.0000000000 0.0000000000 0.9083309529 0.4182521728 True True True False
PassengerCar 0.00 2 -1 1012.90 451.85 1066.12 489.97 -1.00 -1.00 -1.00 -1000.00 -1000.00 -1000.00 -1.000 -1.000 -1.000 -1.000 1.00 -1000.0000000000 -1000.0000000000 -1000.0000000000 -1000.0000000000 True True False False
DontCare 0.00 -1 -1 744.27 447.98 778.26 499.57 -1.00 -1.00 -1.00 -1000.00 -1000.00 -1000.00 -1.000 -1.000 -1.000 -1.000 1.00 -1000.0000000000 -1000.0000000000 -1000.0000000000 -1000.0000000000 False False False False
DontCare 0.00 -1 -1 227.05 476.08 246.26 531.36 -1.00 -1.00 -1.00 -1000.00 -1000.00 -1000.00 -1.000 -1.000 -1.000 -1.000 1.00 -1000.0000000000 -1000.0000000000 -1000.0000000000 -1000.0000000000 False False False False
Vehicle 0.13 2 -1 0.00 484.72 205.32 559.87 1.51 1.81 3.82 -15.94 1.10 42.27 0.027 0.000 0.000 1.598 1.00 0.0000000000 0.0000000000 0.7167361424 0.6973444645 True False True False
Vehicle 0.00 1 -1 853.61 467.44 897.79 504.20 -1.00 -1.00 -1.00 -1000.00 -1000.00 -1000.00 -1.000 -1.000 -1.000 -1.000 1.00 -1000.0000000000 -1000.0000000000 -1000.0000000000 -1000.0000000000 True True False False
Pedestrian 0.07 2 -1 838.97 451.58 854.98 518.44 1.78 0.49 0.40 -3.77 0.32 61.98 -0.003 0.000 0.000 1.568 1.00 0.0000000000 0.0000000000 0.7061243724 0.7080878269 True True True True
Pedestrian 0.07 2 -1 844.09 450.21 861.98 514.33 1.69 0.43 0.45 -3.58 0.17 62.53 0.005 0.000 0.000 1.576 1.00 0.0000000000 0.0000000000 0.7089054261 0.7053035495 True True True False
Pedestrian_is_group 0.00 0 -1 912.93 445.67 1021.72 520.35 1.91 4.20 2.80 -0.55 0.30 62.73 -3.147 0.000 0.000 -1.576 1.00 0.0000000000 0.0000000000 -0.7090370851 0.7051711933 True True True False
Pedestrian 0.08 0 -1 1036.12 449.63 1053.68 513.31 1.80 0.40 0.41 1.63 0.18 66.67 -0.005 0.000 0.000 1.566 1.00 0.0000000000 0.0000000000 0.7054340406 0.7087755740 True True True False
Pedestrian 0.06 1 -1 1068.46 450.64 1091.06 518.03 1.74 0.41 0.53 2.54 0.09 64.59 0.014 0.000 0.000 1.585 1.00 0.0000000000 0.0000000000 0.7121631182 0.7020140263 True True True False
Pedestrian_is_group 0.05 1 -1 1106.37 447.99 1128.57 515.65 1.74 0.67 0.60 3.47 0.11 62.79 -0.002 0.000 0.000 1.568 1.00 0.0000000000 0.0000000000 0.7062428820 0.7079696262 True True True False
Pedestrian 0.05 1 -1 419.42 445.76 447.10 514.96 1.71 0.80 0.58 -15.07 0.05 63.89 -0.047 0.000 0.000 1.524 1.00 0.0000000000 0.0000000000 0.6903382096 0.7234868045 True True True False
Pedestrian 0.59 0 -1 0.00 429.34 69.62 755.25 1.71 0.64 0.64 -5.39 1.27 12.67 -1.212 0.000 0.000 0.359 1.00 0.0000000000 0.0000000000 0.1783029733 0.9839756347 True False True False
Pedestrian 0.00 0 -1 797.34 463.22 845.03 585.50 1.64 0.51 0.52 -2.26 1.04 31.90 -2.929 0.000 0.000 -1.358 1.00 0.0000000000 0.0000000000 -0.6279042669 0.7782905830 True True True False
Pedestrian 0.00 0 -1 1062.88 451.78 1132.41 574.04 1.71 0.33 0.79 1.55 0.88 32.40 -3.135 0.000 0.000 -1.564 1.00 0.0000000000 0.0000000000 -0.7047128550 0.7094926300 True True True False
Pedestrian 0.00 0 -1 1121.33 456.24 1176.50 577.81 1.59 0.46 0.70 2.12 0.92 31.15 -3.138 0.000 0.000 -1.567 1.00 0.0000000000 0.0000000000 -0.7057331598 0.7084777394 True True True False
Pedestrian 0.00 0 -1 1160.80 419.88 1303.29 722.85 1.67 0.50 0.79 1.36 1.16 12.87 -0.059 0.000 0.000 1.511 1.00 0.0000000000 0.0000000000 0.6858237701 0.7277676527 True True True False
Pedestrian 0.00 0 -1 1557.53 420.73 1632.19 723.27 1.66 0.38 0.42 3.25 1.13 12.78 0.272 0.000 0.000 1.843 1.00 0.0000000000 0.0000000000 0.7965623130 0.6045564337 True True True False
Pedestrian 0.00 0 -1 1521.02 430.33 1605.77 726.52 1.65 0.47 0.46 3.03 1.16 12.40 0.289 0.000 0.000 1.859 1.00 0.0000000000 0.0000000000 0.8014486871 0.5980635434 True True True False
Pedestrian 0.00 0 -1 1425.51 387.42 1573.63 752.79 1.73 0.71 0.78 2.46 1.15 11.43 0.090 0.000 0.000 1.661 1.00 0.0000000000 0.0000000000 0.7382999236 0.6744725516 True True True False
Pedestrian 0.00 1 -1 1119.52 453.72 1171.69 577.89 1.66 0.46 0.67 2.12 0.94 31.75 -3.135 0.000 0.000 -1.564 1.00 0.0000000000 0.0000000000 -0.7046023111 0.7096024121 True True False False
Pedestrian 0.00 1 -1 1255.70 453.59 1308.54 564.22 1.71 0.44 0.73 4.50 0.93 35.76 0.018 0.000 0.000 1.589 1.00 0.0000000000 0.0000000000 0.7133563725 0.7008014596 True True True False
Pedestrian 0.00 1 -1 1741.79 433.28 1777.06 553.75 1.79 0.50 0.44 11.84 0.66 36.03 -4.153 0.000 0.000 -2.582 1.00 0.0000000000 0.0000000000 -0.9611326520 0.2760869887 True False True False
Pedestrian 0.00 0 -1 1718.46 426.43 1763.45 553.73 1.90 0.55 0.50 11.35 0.68 35.50 0.593 0.000 0.000 2.164 1.00 0.0000000000 0.0000000000 0.8829047359 0.4695521562 True False True False
Pedestrian 0.00 0 -1 1758.32 429.55 1798.08 546.73 1.74 0.37 0.48 11.82 0.58 35.23 -2.549 0.000 0.000 -0.978 1.00 0.0000000000 0.0000000000 -0.4697039561 0.8828239879 True False True False
Pedestrian_is_group 0.00 2 -1 1337.54 438.20 1379.57 513.70 1.76 0.79 0.80 9.33 0.10 58.90 -3.127 0.000 0.000 -1.556 1.00 0.0000000000 0.0000000000 -0.7017551881 0.7124181749 True True True True
