PassengerCar 0.00 2 -1 232.62 500.71 401.94 560.31 1.55 1.85 4.25 -17.68 1.43 61.72 0.333 -0.008 -0.004 1.903 1.00 -0.0008011617 -0.0041485898 0.8143808056 0.5803154753 True False True False
PassengerCar 0.00 0 -1 7.50 509.57 240.39 634.21 1.50 1.82 3.96 -11.66 1.57 32.04 1.564 -0.041 0.012 3.135 1.00 -0.0062979350 -0.0203640412 0.9997674249 0.0032768847 True True True False
PassengerCar 0.00 1 -1 658.09 509.63 789.31 561.34 1.48 1.82 4.34 -8.44 1.65 74.84 -2.970 0.000 0.000 -1.399 1.00 0.0000000000 0.0000000000 -0.6438220305 0.7651752695 True True True False
PassengerCar 0.00 1 -1 737.91 514.95 873.39 559.05 1.41 1.82 4.25 -6.08 1.68 78.37 -2.933 0.000 0.000 -1.362 1.00 0.0000000000 0.0000000000 -0.6294876764 0.7770104666 True True True False
PassengerCar 0.00 0 -1 941.76 485.38 1143.44 567.38 2.43 2.04 6.06 1.73 1.72 73.22 -2.902 -0.006 0.028 -1.331 1.00 0.0062547017 0.0128579342 -0.6173969167 0.7865218366 True True True False
PassengerCar 0.00 1 -1 1280.92 517.17 1431.05 574.41 1.53 1.83 4.32 10.63 1.81 67.12 -2.990 0.003 -0.011 -1.420 1.00 -0.0026792443 -0.0051763710 -0.6516988155 0.7584554573 True True True False
PassengerCar 0.00 1 -1 1390.13 522.30 1572.14 583.83 1.52 1.88 4.09 11.44 1.67 54.98 0.188 0.002 0.009 1.759 1.00 -0.0026120549 0.0036154674 0.7703399477 0.6376178092 True True True False
PassengerCar 0.00 3 -1 111.28 507.63 273.08 580.08 1.54 1.91 3.96 -18.98 1.69 55.91 0.585 0.007 0.024 2.155 1.00 -0.0088408387 0.0086692167 0.8807935099 0.4733386495 True False True False
PassengerCar 0.00 2 -1 1095.60 509.46 1199.54 560.42 -1.00 -1.00 -1.00 -1000.00 -1000.00 -1000.00 -1.000 -1.000 -1.000 -1.000 1.00 -1000.0000000000 -1000.0000000000 -1000.0000000000 -1000.0000000000 True False False False
Pedestrian_is_group 0.00 0 -1 655.55 497.62 728.59 595.58 1.77 0.76 1.27 -5.29 1.55 42.35 -2.957 0.000 0.000 -1.386 1.00 0.0000000000 0.0000000000 -0.6389649240 0.7692358715 True True True False
