PassengerCar 0.36 0 -1 0.00 494.40 605.00 951.71 1.39 1.85 4.39 -2.69 1.40 8.68 -1.545 0.034 -0.010 0.026 1.00 0.0171179405 -0.0049340866 0.0130420530 0.9997562382 True True True False
PassengerCar 0.00 2 -1 272.46 507.13 751.46 784.61 1.35 1.75 3.67 -2.46 1.37 13.12 -1.527 0.027 0.005 0.044 1.00 0.0132950659 0.0027202243 0.0219635920 0.9996666656 True True True False
PassengerCar 0.00 2 -1 515.00 508.47 818.63 703.91 1.41 1.90 4.27 -2.36 1.37 18.59 -1.571 0.000 -0.002 0.000 1.00 0.0000000000 -0.0008453666 0.0000000000 0.9999996427 True True True False
PassengerCar 0.00 3 -1 612.55 515.37 845.60 683.18 1.56 1.90 3.83 -2.47 1.58 24.07 -1.532 -0.010 -0.000 0.039 1.00 -0.0051911675 -0.0003317847 0.0192753696 0.9998006810 True True True False
PassengerCar 0.00 3 -1 680.77 508.89 874.02 645.77 1.53 1.87 4.25 -2.46 1.58 28.50 -1.549 -0.000 -0.009 0.021 1.00 -0.0000380867 -0.0044670807 0.0106873853 0.9999329095 True True True False
PassengerCar 0.00 3 -1 754.65 524.42 896.51 626.72 1.50 1.83 3.85 -2.28 1.69 34.61 -1.571 -0.007 0.000 0.000 1.00 -0.0036779541 0.0000000000 0.0000000000 0.9999932363 True True True False
PassengerCar 0.00 3 -1 786.77 526.03 910.83 617.70 1.48 1.80 3.88 -2.38 1.84 41.15 -1.544 0.023 -0.013 0.027 1.00 0.0116079868 -0.0062362117 0.0136386646 0.9998201594 True True True False
PassengerCar 0.00 3 -1 810.87 526.07 920.07 604.42 1.41 1.84 3.87 -2.35 1.79 46.01 -1.559 0.029 0.000 0.012 1.00 0.0146908870 0.0000898362 0.0061143217 0.9998733844 True True True False
PassengerCar 0.98 0 -1 1780.49 442.52 1920.00 1024.00 1.51 2.00 3.92 3.05 1.32 4.08 -1.579 -0.007 0.005 -0.008 1.00 -0.0033197124 0.0027459345 -0.0039565971 0.9999828922 True False True False
PassengerCar 0.37 0 -1 1442.05 475.74 1920.00 880.31 1.47 1.80 3.86 3.09 1.32 9.71 -1.597 0.000 0.000 -0.026 1.00 0.0000000000 0.0000000000 -0.0132066657 0.9999127882 True True True False
PassengerCar 0.00 2 -1 1309.68 489.26 1687.17 748.49 1.51 1.71 3.53 3.03 1.33 14.60 -1.554 0.000 0.000 0.017 1.00 0.0000000000 0.0000000000 0.0084407862 0.9999643759 True True True False
PassengerCar 0.00 1 -1 1184.35 465.67 1451.55 677.44 1.75 1.97 4.40 3.01 1.37 21.59 -1.587 0.000 0.000 -0.016 1.00 0.0000000000 0.0000000000 -0.0080292705 0.9999677649 True True True False
PassengerCar 0.00 3 -1 1168.49 521.29 1352.11 650.11 1.40 1.66 3.83 3.12 1.56 27.60 -1.584 0.000 0.000 -0.013 1.00 0.0000000000 0.0000000000 -0.0066873720 0.9999776393 True True True False
PassengerCar 0.00 3 -1 1150.71 518.88 1310.48 632.16 1.51 1.87 3.85 3.37 1.69 33.40 -1.571 0.000 -0.008 0.000 1.00 0.0000000000 -0.0041522022 0.0000000000 0.9999913796 True True True False
PassengerCar 0.00 2 -1 1122.27 520.61 1248.75 611.89 1.39 1.71 3.87 3.13 1.62 37.91 -1.571 0.000 -0.014 0.000 1.00 0.0000000000 -0.0069484953 0.0000000000 0.9999758589 True True True False
PassengerCar 0.00 3 -1 1114.86 519.78 1209.83 594.47 -1.00 -1.00 -1.00 -1000.00 -1000.00 -1000.00 -1.000 -1.000 -1.000 -1.000 1.00 -1000.0000000000 -1000.0000000000 -1000.0000000000 -1000.0000000000 True True False False
PassengerCar 0.00 3 -1 1105.96 520.09 1199.00 583.55 -1.00 -1.00 -1.00 -1000.00 -1000.00 -1000.00 -1.000 -1.000 -1.000 -1.000 1.00 -1000.0000000000 -1000.0000000000 -1000.0000000000 -1000.0000000000 True True False False
PassengerCar 0.00 3 -1 1098.31 520.60 1181.05 580.53 1.40 1.76 3.86 3.64 1.72 56.31 -1.571 0.000 -0.017 0.000 1.00 0.0000000000 -0.0084569581 0.0000000000 0.9999642393 True True True False
PassengerCar 0.00 3 -1 1095.91 525.65 1169.43 571.87 -1.00 -1.00 -1.00 -1000.00 -1000.00 -1000.00 -1.000 -1.000 -1.000 -1.000 1.00 -1000.0000000000 -1000.0000000000 -1000.0000000000 -1000.0000000000 True True False False
PassengerCar 0.00 2 -1 1083.31 519.62 1146.00 566.68 1.50 1.80 3.85 4.10 1.73 77.21 -1.571 0.000 0.000 0.000 1.00 0.0000000000 0.0000000000 0.0000000000 1.0000000000 True True True False
PassengerCar 0.00 3 -1 1075.98 512.13 1130.48 563.96 -1.00 -1.00 -1.00 -1000.00 -1000.00 -1000.00 -1.000 -1.000 -1.000 -1.000 1.00 -1000.0000000000 -1000.0000000000 -1000.0000000000 -1000.0000000000 True True False False
PassengerCar 0.00 3 -1 1066.27 512.46 1120.39 559.01 -1.00 -1.00 -1.00 -1000.00 -1000.00 -1000.00 -1.000 -1.000 -1.000 -1.000 1.00 -1000.0000000000 -1000.0000000000 -1000.0000000000 -1000.0000000000 True True False False
PassengerCar 0.00 2 -1 1054.30 510.98 1108.97 551.40 -1.00 -1.00 -1.00 -1000.00 -1000.00 -1000.00 -1.000 -1.000 -1.000 -1.000 1.00 -1000.0000000000 -1000.0000000000 -1000.0000000000 -1000.0000000000 True True False False
PassengerCar 0.00 3 -1 841.32 523.64 936.18 597.90 1.52 1.80 3.87 -2.08 1.85 50.22 -1.557 0.000 0.000 0.014 1.00 0.0000000000 0.0000000000 0.0069596306 0.9999757815 True True True False
PassengerCar 0.00 3 -1 870.03 525.37 950.40 591.04 1.50 1.75 3.94 -1.82 1.94 56.04 -1.563 0.000 -0.012 0.008 1.00 0.0000241961 -0.0062413231 0.0038766493 0.9999730081 True True True False
PassengerCar 0.00 3 -1 889.16 526.68 962.44 582.63 -1.00 -1.00 -1.00 -1000.00 -1000.00 -1000.00 -1.000 -1.000 -1.000 -1.000 1.00 -1000.0000000000 -1000.0000000000 -1000.0000000000 -1000.0000000000 True True False False
PassengerCar 0.00 3 -1 899.30 519.00 967.45 575.85 -1.00 -1.00 -1.00 -1000.00 -1000.00 -1000.00 -1.000 -1.000 -1.000 -1.000 1.00 -1000.0000000000 -1000.0000000000 -1000.0000000000 -1000.0000000000 True True False False
PassengerCar 0.00 2 -1 916.88 512.32 985.69 568.37 -1.00 -1.00 -1.00 -1000.00 -1000.00 -1000.00 -1.000 -1.000 -1.000 -1.000 1.00 -1000.0000000000 -1000.0000000000 -1000.0000000000 -1000.0000000000 True True False False
PassengerCar 0.00 3 -1 941.39 517.58 991.84 558.53 -1.00 -1.00 -1.00 -1000.00 -1000.00 -1000.00 -1.000 -1.000 -1.000 -1.000 1.00 -1000.0000000000 -1000.0000000000 -1000.0000000000 -1000.0000000000 True True False False
PassengerCar 0.00 2 -1 963.47 515.92 1002.48 549.60 -1.00 -1.00 -1.00 -1000.00 -1000.00 -1000.00 -1.000 -1.000 -1.000 -1.000 1.00 -1000.0000000000 -1000.0000000000 -1000.0000000000 -1000.0000000000 True True False False
