PassengerCar 0.16 0 -1 0.00 504.87 416.57 682.43 1.50 1.86 4.22 -7.51 1.49 22.22 -0.048 0.035 0.002 1.523 1.00 0.0122003983 0.0128022768 0.6897771673 0.7238057139 True True True False
PassengerCar 0.00 0 -1 1179.42 479.09 1535.64 620.51 1.53 1.95 3.84 4.09 1.17 25.79 -2.523 0.042 0.042 -0.952 1.00 0.0281128334 0.0090884774 -0.4586244805 0.8881388710 True True True False
PassengerCar 0.00 3 -1 987.41 485.01 1143.99 600.51 1.54 1.91 4.22 1.11 1.21 34.10 -1.657 0.000 0.000 -0.086 1.00 0.0000000000 0.0000000000 -0.0431247834 0.9990696938 True True True False
PassengerCar 0.00 1 -1 511.96 515.39 633.35 600.69 1.38 1.93 4.24 -7.79 1.62 44.53 1.562 -0.006 -0.004 3.133 1.00 0.0018689601 -0.0028390751 0.9999848563 0.0043282634 True True True False
PassengerCar 0.00 1 -1 619.89 487.45 750.51 575.19 1.96 2.02 4.93 -6.74 1.45 52.19 -4.636 0.000 0.000 -3.065 1.00 0.0000000000 0.0000000000 -0.9992672111 0.0382758522 True True True False
PassengerCar 0.00 2 -1 323.39 517.12 483.33 604.70 1.64 1.80 4.23 -11.08 1.80 44.93 -4.649 0.000 0.000 -3.079 1.00 0.0000000000 0.0000000000 -0.9995026444 0.0315351203 True False True False
PassengerCar 0.00 3 -1 156.95 520.33 335.87 591.21 1.51 1.86 4.96 -16.35 1.87 52.59 -2.407 0.000 0.000 -0.836 1.00 0.0000000000 0.0000000000 -0.4060188979 0.9138646807 True False True True
PassengerCar 0.00 1 -1 818.88 503.00 893.29 552.43 1.54 1.87 4.21 -3.92 1.37 73.74 -4.650 0.000 0.000 -3.079 1.00 0.0000000000 0.0000000000 -0.9995064332 0.0314148051 True True True False
PassengerCar 0.00 1 -1 879.51 498.52 935.21 537.20 -1.00 -1.00 -1.00 -1000.00 -1000.00 -1000.00 -1.000 -1.000 -1.000 -1.000 1.00 -1000.0000000000 -1000.0000000000 -1000.0000000000 -1000.0000000000 True True False False
PassengerCar 0.00 3 -1 960.60 496.77 1006.74 535.38 -1.00 -1.00 -1.00 -1000.00 -1000.00 -1000.00 -1.000 -1.000 -1.000 -1.000 1.00 -1000.0000000000 -1000.0000000000 -1000.0000000000 -1000.0000000000 True True False False
PassengerCar 0.00 2 -1 753.49 502.75 809.13 539.64 -1.00 -1.00 -1.00 -1000.00 -1000.00 -1000.00 -1.000 -1.000 -1.000 -1.000 1.00 -1000.0000000000 -1000.0000000000 -1000.0000000000 -1000.0000000000 True True False False
PassengerCar 0.00 3 -1 802.25 503.25 857.21 533.12 -1.00 -1.00 -1.00 -1000.00 -1000.00 -1000.00 -1.000 -1.000 -1.000 -1.000 1.00 -1000.0000000000 -1000.0000000000 -1000.0000000000 -1000.0000000000 True False False False
Obstacle 0.07 3 -1 1301.72 474.61 1320.90 536.61 1.58 0.46 0.73 8.27 0.73 60.27 -1.462 0.000 0.000 0.108 1.00 0.0000000000 0.0000000000 0.0541442748 0.9985331229 True False True False
Obstacle 0.00 3 -1 1385.00 455.00 1455.00 547.00 1.63 1.21 0.58 7.74 0.71 42.13 -1.374 0.000 0.000 0.197 1.00 0.0000000000 0.0000000000 0.0982424082 0.9951625140 False False True False
Pedestrian 0.00 0 -1 982.53 396.40 1201.08 955.69 1.46 0.87 0.54 0.31 1.17 6.61 0.130 0.000 0.000 1.700 1.00 0.0000000000 0.0000000000 0.7513786445 0.6598713000 True True True False
Pedestrian 0.00 2 -1 975.94 351.17 1173.32 928.07 1.74 0.64 0.59 0.29 1.26 7.43 0.089 0.000 0.004 1.660 1.00 -0.0012822464 0.0014023896 0.7380113599 0.6747856117 True True True False
Pedestrian 0.39 0 -1 1773.09 358.67 1920.00 803.68 1.72 0.80 0.64 3.57 1.09 9.34 -3.155 0.000 0.000 -1.584 1.00 0.0000000000 0.0000000000 -0.7117571142 0.7024256619 True False True False
Pedestrian 0.16 2 -1 1741.74 402.92 1907.36 761.06 1.59 0.51 0.75 3.87 1.14 10.63 -3.161 0.000 0.000 -1.590 1.00 0.0000000000 0.0000000000 -0.7138670488 0.7002812554 True False True False
Pedestrian 0.00 0 -1 1617.58 434.86 1682.88 599.60 1.92 0.70 0.65 7.87 1.08 27.86 -4.480 0.000 0.000 -2.909 1.00 0.0000000000 0.0000000000 -0.9932402178 0.1160769991 True False True False
Pedestrian 0.00 0 -1 438.07 490.46 502.25 615.73 1.82 0.65 0.91 -7.59 1.56 34.55 -3.342 0.000 0.000 -1.772 1.00 0.0000000000 0.0000000000 -0.7744433600 0.6326432503 True True True False
Pedestrian 0.00 2 -1 435.09 503.15 478.60 615.69 1.67 0.57 0.63 -7.96 1.60 35.31 -3.349 0.000 0.000 -1.778 1.00 0.0000000000 0.0000000000 -0.7765687622 0.6300325052 True True True False
Pedestrian 0.00 0 -1 729.02 481.40 781.30 598.15 1.75 0.59 0.85 -3.58 1.35 36.28 -0.084 0.000 0.000 1.487 1.00 0.0000000000 0.0000000000 0.6767933173 0.7361730813 True True True False
Pedestrian 0.00 2 -1 738.39 474.78 797.99 592.65 1.83 0.61 0.84 -3.45 1.32 36.98 0.067 0.000 0.000 1.638 1.00 0.0000000000 0.0000000000 0.7304757311 0.6829386549 True True True False
Pedestrian 0.00 0 -1 1660.62 435.95 1710.92 553.64 1.88 0.75 0.36 11.36 0.68 38.16 -1.628 0.000 0.000 -0.057 1.00 0.0000000000 0.0000000000 -0.0286213005 0.9995903267 True False True False
Pedestrian 0.00 2 -1 1747.10 423.37 1789.26 552.05 1.68 0.58 0.59 10.37 0.56 31.11 0.338 0.000 0.000 1.909 1.00 0.0000000000 0.0000000000 0.8159642778 0.5781023243 True False True True
Pedestrian_is_group 0.00 2 -1 1333.67 454.14 1551.36 542.13 1.96 4.06 5.35 10.65 0.78 55.22 -1.571 0.000 0.000 0.000 1.00 0.0000000000 0.0000000000 0.0000000000 1.0000000000 True True True False
