PassengerCar 0.00 0 -1 362.77 461.31 812.61 774.72 1.58 1.77 3.86 -2.15 1.35 13.69 -1.518 -0.000 -0.001 0.053 1.00 -0.0000098367 -0.0003710638 0.0265001930 0.9996487393 True True True False
PassengerCar 0.00 0 -1 1096.84 507.82 1202.77 594.35 1.57 1.69 3.16 3.11 1.58 44.54 -1.385 0.000 0.000 0.186 1.00 0.0000000000 0.0000000000 0.0929470795 0.9956710503 True True True False
PassengerCar 0.00 0 -1 1186.35 481.35 1247.19 539.61 -1.00 -1.00 -1.00 -1000.00 -1000.00 -1000.00 -1.000 -1.000 -1.000 -1.000 1.00 -1000.0000000000 -1000.0000000000 -1000.0000000000 -1000.0000000000 True True False False
DontCare 0.68 -1 -1 0.00 491.51 111.59 630.85 1.56 1.90 5.04 -12.71 1.40 29.02 -4.701 0.000 0.000 -3.130 1.00 0.0000000000 0.0000000000 -0.9999828568 0.0058554379 False False False False
DontCare 0.00 -1 -1 30.28 497.37 273.85 612.61 1.62 1.73 4.32 -12.30 1.47 34.90 -4.625 0.000 0.000 -3.054 1.00 0.0000000000 0.0000000000 -0.9990346665 0.0439287500 False False False False
DontCare 0.00 -1 -1 845.69 510.63 919.14 564.13 1.63 1.83 4.15 -3.47 1.79 76.90 -4.645 0.000 0.004 -3.074 1.00 0.0021128780 -0.0000712854 -0.9994291077 0.0337192740 False False False False
DontCare 0.06 -1 -1 1270.22 504.93 1291.15 584.80 1.50 0.36 0.46 5.53 1.44 44.50 -4.523 0.000 0.000 -2.953 1.00 0.0000000000 0.0000000000 -0.9955400366 0.0943399996 False False False False
DontCare 0.00 -1 -1 380.23 505.58 407.49 590.90 1.63 0.47 0.44 -11.43 1.58 45.25 1.330 0.000 0.000 2.901 1.00 0.0000000000 0.0000000000 0.9927592354 0.1201211911 False False False False
DontCare 0.00 -1 -1 1583.71 450.68 1652.16 621.97 1.61 0.61 0.37 6.01 1.08 22.45 -4.443 0.000 0.000 -2.872 1.00 0.0000000000 0.0000000000 -0.9909136739 0.1344994085 False False False False
DontCare 0.00 -1 -1 1653.83 440.33 1734.50 616.74 1.65 0.74 0.55 6.80 1.04 22.80 -4.412 0.000 0.000 -2.841 1.00 0.0000000000 0.0000000000 -0.9887192665 0.1497805462 False False False False
DontCare 0.00 -1 -1 1508.76 447.50 1570.57 628.11 1.78 0.57 0.53 5.50 1.18 23.48 -1.379 0.000 0.000 0.192 1.00 0.0000000000 0.0000000000 0.0957676899 0.9954037119 False False False False
DontCare 0.00 -1 -1 1444.02 482.87 1473.55 587.71 1.75 0.47 0.39 7.89 1.33 39.48 -1.396 0.000 0.000 0.175 1.00 0.0000000000 0.0000000000 0.0874173200 0.9961717784 False False False False
DontCare 0.00 -1 -1 1566.61 478.09 1592.95 570.32 1.50 0.41 0.38 9.66 1.01 38.47 -1.331 0.000 0.000 0.240 1.00 0.0000000000 0.0000000000 0.1196796007 0.9928125670 False False False False
DontCare 0.00 -1 -1 1741.02 436.01 1844.88 679.06 1.32 0.53 0.54 4.49 0.93 13.15 -1.234 0.000 0.000 0.336 1.00 0.0000000000 0.0000000000 0.1674458929 0.9858812672 False False False False
DontCare 0.07 -1 -1 1846.95 386.95 1920.00 669.25 1.72 0.42 0.44 5.57 0.98 14.61 0.347 0.000 0.000 1.918 1.00 0.0000000000 0.0000000000 0.8184961744 0.5745119777 False False False False
DontCare 0.25 -1 -1 1844.93 412.58 1920.00 673.37 1.66 0.48 0.58 5.90 1.06 15.33 0.326 0.000 0.000 1.897 1.00 0.0000000000 0.0000000000 0.8125211357 0.5829317319 False False False False
DontCare 0.00 -1 -1 972.08 494.98 1089.01 541.21 -1.00 -1.00 -1.00 -1000.00 -1000.00 -1000.00 -1.000 -1.000 -1.000 -1.000 1.00 -1000.0000000000 -1000.0000000000 -1000.0000000000 -1000.0000000000 False False False False
