PassengerCar 0.51 0 -1 1493.48 422.22 1920.00 854.32 1.50 1.87 4.44 3.55 1.21 9.92 -1.577 0.000 0.000 -0.007 1.00 0.0000000000 0.0000000000 -0.0032718418 0.9999946475 True True True False
PassengerCar 0.00 1 -1 1310.60 480.33 1711.31 716.79 1.43 1.84 4.51 3.35 1.28 15.67 -1.576 0.000 0.000 -0.005 1.00 0.0000000000 0.0000000000 -0.0025449866 0.9999967615 True True True False
PassengerCar 0.00 0 -1 1062.70 510.48 1126.80 562.46 1.56 1.89 4.14 3.44 1.65 76.58 -1.567 0.000 0.000 0.004 1.00 0.0000000000 0.0000000000 0.0018635110 0.9999982637 True True True False
PassengerCar 0.00 1 -1 305.34 526.42 452.64 606.89 1.44 1.84 4.62 -11.51 1.82 44.97 1.524 0.000 -0.006 3.095 1.00 0.0031365825 0.0001149989 0.9997214404 0.0233920989 True True True False
PassengerCar 0.00 0 -1 796.93 519.91 859.40 564.41 1.43 1.90 4.13 -5.27 1.80 76.81 -1.677 0.000 0.000 -0.106 1.00 0.0000000000 0.0000000000 -0.0528710634 0.9986013472 True True True False
PassengerCar 0.00 -1 -1 711.15 530.06 758.82 563.64 -1.00 -1.00 -1.00 -1000.00 -1000.00 -1000.00 -1.000 -1.000 -1.000 -1.000 1.00 -1000.0000000000 -1000.0000000000 -1000.0000000000 -1000.0000000000 -1 -1 -1 -1
PassengerCar 0.00 -1 -1 997.57 517.40 1037.31 549.64 -1.00 -1.00 -1.00 -1000.00 -1000.00 -1000.00 -1.000 -1.000 -1.000 -1.000 1.00 -1000.0000000000 -1000.0000000000 -1000.0000000000 -1000.0000000000 -1 -1 -1 -1
PassengerCar 0.00 -1 -1 909.64 518.58 947.43 549.83 -1.00 -1.00 -1.00 -1000.00 -1000.00 -1000.00 -1.000 -1.000 -1.000 -1.000 1.00 -1000.0000000000 -1000.0000000000 -1000.0000000000 -1000.0000000000 -1 -1 -1 -1
Vehicle 0.00 -1 -1 764.84 515.29 814.30 555.99 -1.00 -1.00 -1.00 -1000.00 -1000.00 -1000.00 -1.000 -1.000 -1.000 -1.000 1.00 -1000.0000000000 -1000.0000000000 -1000.0000000000 -1000.0000000000 -1 -1 -1 -1
LargeVehicle 0.00 -1 -1 968.64 509.92 999.02 545.97 -1.00 -1.00 -1.00 -1000.00 -1000.00 -1000.00 -1.000 -1.000 -1.000 -1.000 1.00 -1000.0000000000 -1000.0000000000 -1000.0000000000 -1000.0000000000 -1 -1 -1 -1
Pedestrian 0.00 -1 -1 1287.06 490.64 1308.48 541.70 -1.00 -1.00 -1.00 -1000.00 -1000.00 -1000.00 -1.000 -1.000 -1.000 -1.000 1.00 -1000.0000000000 -1000.0000000000 -1000.0000000000 -1000.0000000000 -1 -1 -1 -1
