PassengerCar 0.12 0 -1 17.76 471.75 706.90 874.38 1.35 1.87 4.42 -2.31 1.16 9.30 -1.556 0.000 0.018 0.015 1.00 0.0000686631 0.0091488129 0.0075046096 0.9999299852 True True True False
PassengerCar 0.98 0 -1 0.00 434.54 308.47 1024.00 1.51 1.86 4.16 -2.54 1.33 3.61 -1.579 0.025 -0.000 -0.008 1.00 0.0123327251 -0.0001878922 -0.0039463005 0.9999161441 True False True False
PassengerCar 0.00 2 -1 416.83 486.33 776.94 729.40 1.28 1.59 3.56 -2.29 1.13 14.30 -1.538 0.000 0.003 0.033 1.00 0.0000228429 0.0014023244 0.0162871523 0.9998663719 True True True False
PassengerCar 0.00 2 -1 606.55 488.94 841.02 652.79 1.38 1.76 3.71 -2.43 1.23 21.49 -1.515 0.000 0.015 0.056 1.00 -0.0000627953 0.0072884616 0.0279919995 0.9995815736 True True True False
PassengerCar 0.00 3 -1 643.61 496.04 842.91 641.99 1.54 1.82 3.73 -2.43 1.37 25.95 -1.554 0.000 0.014 0.017 1.00 0.0000599183 0.0072068451 0.0083135741 0.9999394693 True True True False
PassengerCar 0.00 2 -1 811.89 490.21 911.79 573.52 1.52 1.75 4.08 -2.36 1.19 46.98 -1.565 -0.000 -0.006 0.005 1.00 -0.0000082673 -0.0030615719 0.0027003195 0.9999916675 True True True False
PassengerCar_is_group 0.00 3 -1 894.70 499.45 955.69 557.88 1.71 1.82 4.28 -2.14 1.51 74.09 -1.571 0.000 0.000 0.000 1.00 0.0000000000 0.0000000000 0.0000000000 1.0000000000 True True True False
PassengerCar 0.00 3 -1 1154.96 475.92 1421.70 575.26 1.33 1.82 4.09 4.49 0.90 33.52 -0.588 0.004 -0.005 0.983 1.00 0.0029655716 -0.0013959075 0.4717691458 0.8817160143 True True True False
PassengerCar 0.00 2 -1 1128.76 459.35 1265.74 564.57 1.90 1.97 4.29 3.93 1.00 45.30 -1.623 0.001 -0.010 -0.053 1.00 0.0002825512 -0.0049203391 -0.0262908744 0.9996421862 True True True False
PassengerCar 0.00 3 -1 1260.20 415.89 1765.23 636.02 1.61 1.85 3.99 4.38 0.99 19.08 -0.534 0.006 -0.025 1.037 1.00 0.0086287901 -0.0093196053 0.4955604411 0.8684805917 True True True False
PassengerCar 0.10 3 -1 1345.75 437.89 1871.11 655.75 1.39 1.69 3.92 4.55 0.93 16.18 -0.188 0.005 -0.012 1.383 1.00 0.0060095273 -0.0029559404 0.6375463275 0.7703829102 True True True False
PassengerCar 0.44 2 -1 1487.08 399.25 1920.00 717.24 1.53 1.72 3.83 4.42 1.00 11.60 -0.614 -0.021 0.030 0.957 1.00 -0.0162194599 0.0084165002 0.4605166706 0.8874629501 True True True True
PassengerCar 0.65 1 -1 1553.32 405.40 1920.00 831.42 1.20 1.60 3.69 3.81 0.87 8.04 -0.572 0.024 -0.004 0.999 1.00 0.0113064914 0.0039387762 0.4790768943 0.8776912775 True False True True
PassengerCar 0.00 0 -1 1017.76 505.11 1060.45 540.78 -1.00 -1.00 -1.00 -1000.00 -1000.00 -1000.00 -1.000 -1.000 -1.000 -1.000 1.00 -1000.0000000000 -1000.0000000000 -1000.0000000000 -1000.0000000000 True True False False
PassengerCar 0.00 2 -1 829.16 455.59 926.69 556.48 2.12 2.41 5.95 -2.61 1.07 52.74 -1.571 0.000 0.000 0.000 1.00 0.0000000000 0.0000000000 0.0000000000 1.0000000000 True True True False
PassengerCar 0.00 3 -1 731.00 493.20 880.54 605.67 1.45 1.80 3.47 -2.34 1.21 29.75 -1.564 0.000 0.000 0.007 1.00 0.0000000191 0.0000056469 0.0033891500 0.9999942568 True True True False
PassengerCar 0.00 2 -1 1214.43 483.04 1426.74 590.17 1.50 1.86 3.89 5.12 1.15 31.20 -0.564 0.000 0.000 1.007 1.00 0.0000000000 0.0000000000 0.4824150794 0.8759427442 True True True True
PassengerCar 0.00 2 -1 1063.37 496.04 1111.16 536.66 -1.00 -1.00 -1.00 -1000.00 -1000.00 -1000.00 -1.000 -1.000 -1.000 -1.000 1.00 -1000.0000000000 -1000.0000000000 -1000.0000000000 -1000.0000000000 True True False False
LargeVehicle 0.00 1 -1 1091.17 408.90 1213.71 556.62 3.35 2.48 7.12 3.91 1.01 59.22 -1.603 -0.014 0.000 -0.033 1.00 -0.0068736993 0.0001122218 -0.0163237025 0.9998431259 True True True True
