PassengerCar 0.00 0 -1 1335.91 465.35 1613.62 647.23 1.83 2.03 4.60 5.13 1.40 25.35 -1.595 -0.000 0.005 -0.025 1.00 -0.0000073019 0.0022686395 -0.0123394453 0.9999212926 True True True False
PassengerCar 0.00 0 -1 1064.75 512.38 1205.15 619.73 1.36 1.78 4.32 2.11 1.45 31.98 -1.466 0.004 0.006 0.104 1.00 0.0017275420 0.0033013227 0.0521188549 0.9986339379 True True True False
PassengerCar 0.00 0 -1 133.71 522.93 358.69 647.46 1.44 1.82 3.81 -9.72 1.74 31.47 -4.679 0.039 -0.004 -3.108 1.00 -0.0016114641 -0.0197300566 -0.9996639640 0.0167358046 True True True False
PassengerCar 0.00 2 -1 14.68 531.62 253.45 641.66 1.40 1.81 4.22 -12.96 1.85 35.32 1.563 0.025 0.022 3.134 1.00 -0.0110587347 0.0127888870 0.9998485223 0.0041329505 True False True False
PassengerCar 0.00 0 -1 707.28 528.51 785.01 584.50 1.48 1.81 3.84 -7.52 2.19 73.44 1.571 0.043 0.022 3.141 1.00 -0.0107795190 0.0214204638 0.9997123792 0.0003529482 True True True False
PassengerCar 0.00 1 -1 376.81 547.70 489.56 596.15 1.43 1.81 4.26 -17.15 2.62 70.78 -3.256 0.000 0.000 -1.685 1.00 0.0000000000 0.0000000000 -0.7462800661 0.6656320778 True True True False
PassengerCar 0.00 1 -1 396.55 529.72 546.27 592.87 1.76 1.93 4.30 -16.01 2.47 73.58 -3.447 -0.014 0.013 -1.877 1.00 0.0010743138 0.0093266646 -0.8065199332 0.5911323511 True True True False
PassengerCar 0.00 0 -1 786.69 531.64 852.95 576.48 -1.00 -1.00 -1.00 -1000.00 -1000.00 -1000.00 -1.000 -1.000 -1.000 -1.000 1.00 -1000.0000000000 -1000.0000000000 -1000.0000000000 -1000.0000000000 False False False False
PassengerCar 0.00 0 -1 879.67 542.15 932.16 573.59 -1.00 -1.00 -1.00 -1000.00 -1000.00 -1000.00 -1.000 -1.000 -1.000 -1.000 1.00 -1000.0000000000 -1000.0000000000 -1000.0000000000 -1000.0000000000 True True False False
PassengerCar 0.00 0 -1 1208.03 528.83 1249.26 555.80 -1.00 -1.00 -1.00 -1000.00 -1000.00 -1000.00 -1.000 -1.000 -1.000 -1.000 1.00 -1000.0000000000 -1000.0000000000 -1000.0000000000 -1000.0000000000 True True False False
