PassengerCar 0.00 0 -1 387.03 447.79 703.66 675.49 1.47 1.86 4.26 -2.93 1.05 16.26 -1.633 -0.021 0.025 -0.062 1.00 -0.0101531491 0.0129294997 -0.0310326631 0.9993831675 True True True False
PassengerCar 0.38 1 -1 0.00 415.66 280.71 658.71 1.53 1.75 2.81 -6.46 0.85 16.46 -2.714 -0.059 0.035 -1.144 1.00 -0.0152023884 0.0308784336 -0.5403459463 0.8407387633 True False True False
PassengerCar 0.11 2 -1 0.00 433.05 466.82 643.19 1.56 1.82 3.86 -6.46 0.95 19.44 -2.713 -0.023 0.011 -1.142 1.00 -0.0069800327 0.0108646369 -0.5404726212 0.8412624944 True False True False
PassengerCar 0.00 1 -1 1140.25 453.36 1384.25 623.85 1.50 1.78 4.16 2.47 0.99 21.31 -1.646 0.012 0.023 -0.075 1.00 0.0065092263 0.0111215263 -0.0374991677 0.9992135678 True True True False
PassengerCar 0.00 2 -1 1102.78 440.28 1299.84 591.00 1.73 1.84 4.11 2.43 0.98 27.43 -1.624 0.000 -0.013 -0.053 1.00 -0.0001747144 -0.0065331201 -0.0267327416 0.9996212524 True True True False
PassengerCar 0.00 2 -1 1064.62 472.84 1199.66 578.27 1.55 1.86 3.88 2.12 0.92 32.87 -1.584 0.002 0.003 -0.013 1.00 0.0010576076 0.0012885191 -0.0064992023 0.9999774905 True True True False
PassengerCar 0.00 2 -1 1020.72 466.29 1133.79 558.39 1.57 1.80 4.25 1.56 0.81 40.06 -1.600 0.009 0.016 -0.030 1.00 0.0045164041 0.0077644393 -0.0148094848 0.9998499861 True True True False
PassengerCar 0.00 2 -1 1012.63 441.83 1103.19 525.47 1.93 1.80 4.26 1.64 0.45 51.59 -1.640 -0.001 0.025 -0.069 1.00 -0.0001595079 0.0124392724 -0.0343839258 0.9993312688 True True True False
PassengerCar 0.00 2 -1 873.56 409.41 1052.06 518.86 2.71 1.88 5.78 -0.70 0.17 59.27 -2.179 0.000 0.000 -0.608 1.00 0.0000000000 0.0000000000 -0.2992116197 0.9541867776 True True True False
PassengerCar 0.00 3 -1 1014.97 463.11 1097.63 546.28 -1.00 -1.00 -1.00 -1000.00 -1000.00 -1000.00 -1.000 -1.000 -1.000 -1.000 1.00 -1000.0000000000 -1000.0000000000 -1000.0000000000 -1000.0000000000 True True False False
PassengerCar 0.00 1 -1 702.63 447.87 862.95 511.62 1.85 2.12 4.06 -5.33 0.23 63.51 -2.761 0.000 0.000 -1.190 1.00 0.0000000000 0.0000000000 -0.5604667013 0.8281769598 True True True False
PassengerCar 0.00 3 -1 419.04 442.31 713.15 559.29 1.59 1.84 4.21 -6.76 0.90 36.88 -2.536 0.000 0.000 -0.965 1.00 0.0000000000 0.0000000000 -0.4641730346 0.8857445421 True True True False
PassengerCar 0.00 3 -1 496.93 431.44 752.20 543.17 1.89 2.12 4.18 -6.56 0.47 42.49 -2.539 0.000 0.000 -0.968 1.00 0.0000000000 0.0000000000 -0.4651957712 0.8852078256 True True True False
PassengerCar 0.00 3 -1 999.58 435.85 1099.10 524.65 -1.00 -1.00 -1.00 -1000.00 -1000.00 -1000.00 -1.000 -1.000 -1.000 -1.000 1.00 -1000.0000000000 -1000.0000000000 -1000.0000000000 -1000.0000000000 True True False False
Vehicle 0.00 3 -1 67.79 422.69 569.29 603.74 1.80 1.81 4.05 -6.43 0.89 22.22 -2.745 -0.017 0.007 -1.175 1.00 -0.0051762605 0.0077770307 -0.5540513775 0.8324300542 True False True False
LargeVehicle 0.00 0 -1 836.24 398.81 960.41 537.43 2.72 2.48 7.09 -1.72 0.57 49.37 -1.571 0.000 0.002 0.000 1.00 0.0000000000 0.0009924817 0.0000000000 0.9999995075 True True True False
Pedestrian 0.00 0 -1 1157.06 361.82 1345.38 735.45 1.78 0.71 0.89 1.27 1.06 11.41 -2.998 0.000 0.000 -1.427 1.00 0.0000000000 0.0000000000 -0.6545085577 0.7560545932 True True True False
Pedestrian 0.00 0 -1 1537.90 379.78 1675.64 686.55 1.69 0.86 0.78 3.51 0.97 13.47 0.441 -0.001 -0.001 2.011 1.00 0.0001348937 -0.0007377054 0.8445197209 0.5355239290 True False True False
Pedestrian 0.00 0 -1 1658.98 408.06 1765.68 587.24 1.75 0.78 0.56 7.03 0.74 22.76 -1.579 0.000 0.000 -0.008 1.00 0.0000000000 0.0000000000 -0.0041839616 0.9999912472 True False True False
Pedestrian 0.00 0 -1 1740.08 420.26 1817.40 581.41 1.61 0.65 0.68 7.80 0.70 23.36 1.569 -0.000 0.002 3.140 1.00 -0.0009987817 -0.0000044631 0.9999992622 0.0006913511 True False True False
