PassengerCar 0.95 0 -1 0.00 313.14 75.51 897.17 1.51 1.78 3.87 -3.45 1.06 6.16 -1.889 -0.021 0.063 -0.318 1.00 -0.0052325988 0.0326707784 -0.1580593300 0.9868751128 True False True False
PassengerCar 0.00 1 -1 139.42 488.67 390.44 593.83 1.47 1.65 3.34 -9.76 1.17 31.09 -2.841 0.000 0.000 -1.270 1.00 0.0000000000 0.0000000000 -0.5932224329 0.8050385985 True False True False
PassengerCar 0.00 3 -1 99.39 472.51 400.10 596.26 1.73 1.54 4.04 -10.73 1.24 34.24 -2.814 0.000 0.000 -1.244 1.00 0.0000000000 0.0000000000 -0.5824827299 0.8128430780 True True True False
PassengerCar 0.00 3 -1 181.57 497.25 413.97 586.35 1.59 1.70 3.93 -12.77 1.41 43.57 -2.745 0.000 0.000 -1.174 1.00 0.0000000000 0.0000000000 -0.5537452806 0.8326861139 True True True False
PassengerCar 0.00 1 -1 720.95 496.01 846.62 588.89 1.50 1.81 3.90 -3.51 1.35 40.61 -1.782 0.000 0.000 -0.211 1.00 0.0000000000 0.0000000000 -0.1054059275 0.9944292788 True True True False
PassengerCar 0.00 1 -1 797.70 491.18 995.62 609.59 1.49 1.55 2.83 -1.09 1.29 31.23 -3.288 0.000 0.000 -1.717 1.00 0.0000000000 0.0000000000 -0.7569365048 0.6534884297 True True True False
PassengerCar 0.00 1 -1 967.65 462.63 1286.19 681.75 1.61 1.72 3.66 1.07 1.29 18.29 -1.809 0.000 0.000 -0.238 1.00 0.0000000000 0.0000000000 -0.1187497067 0.9929242202 True True True False
PassengerCar 0.00 1 -1 1157.79 474.73 1770.47 777.57 1.32 1.77 4.28 2.27 1.19 12.50 -1.738 0.000 0.000 -0.167 1.00 0.0000000000 0.0000000000 -0.0834996081 0.9965078100 True True True False
PassengerCar 0.66 0 -1 1514.69 412.06 1920.00 1024.00 1.43 1.97 3.67 2.59 1.23 6.80 -1.385 -0.011 0.006 0.185 1.00 -0.0055545343 0.0023641930 0.0926297006 0.9956823270 True True True False
Obstacle 0.00 3 -1 953.46 471.34 981.95 575.14 1.75 0.56 0.60 -0.32 1.17 39.07 1.524 0.000 0.000 3.095 1.00 0.0000000000 0.0000000000 0.9997311981 0.0231847247 True False True False
Obstacle 0.00 3 -1 979.50 474.86 1007.55 573.60 1.56 0.36 0.33 0.09 1.03 37.34 1.272 0.000 0.000 2.842 1.00 0.0000000000 0.0000000000 0.9888287083 0.1490563173 True False True False
Obstacle 0.00 3 -1 997.36 480.71 1022.37 570.41 -1.00 -1.00 -1.00 -1000.00 -1000.00 -1000.00 -1.000 -1.000 -1.000 -1.000 1.00 -1000.0000000000 -1000.0000000000 -1000.0000000000 -1000.0000000000 True False False False
Obstacle 0.00 3 -1 1299.11 457.73 1338.35 633.06 1.08 0.23 0.36 2.46 0.69 17.57 1.322 0.000 0.000 2.893 1.00 0.0000000000 0.0000000000 0.9922917960 0.1239233295 True False True True
Pedestrian 0.00 0 -1 494.05 482.08 527.89 554.85 1.74 0.76 0.68 -11.80 1.12 58.18 -1.760 0.000 0.000 -0.189 1.00 0.0000000000 0.0000000000 -0.0945291946 0.9955220898 True True True False
Pedestrian 0.05 1 -1 560.84 486.84 581.90 552.58 1.64 0.44 0.41 -10.18 1.11 57.16 -0.903 0.000 0.000 0.668 1.00 0.0000000000 0.0000000000 0.3276128808 0.9448120450 True True True False
Pedestrian 0.00 2 -1 551.85 488.09 577.55 551.54 1.68 0.58 0.61 -10.58 1.12 59.09 -4.703 0.000 0.000 -3.132 1.00 0.0000000000 0.0000000000 -0.9999891099 0.0046669066 True True True True
Pedestrian 0.00 0 -1 665.74 483.54 695.63 558.40 1.79 0.67 0.66 -7.39 1.21 56.64 -1.635 0.000 0.000 -0.064 1.00 0.0000000000 0.0000000000 -0.0322392680 0.9994801797 True True True False
Pedestrian 0.05 2 -1 715.83 482.67 740.72 548.94 1.65 0.61 0.66 -6.52 1.02 59.10 -1.689 0.000 0.000 -0.118 1.00 0.0000000000 0.0000000000 -0.0591563411 0.9982487302 True True True True
Pedestrian 0.00 3 -1 659.86 480.27 853.93 545.21 -1.00 -1.00 -1.00 -1000.00 -1000.00 -1000.00 -1.000 -1.000 -1.000 -1.000 1.00 -1000.0000000000 -1000.0000000000 -1000.0000000000 -1000.0000000000 True False False False
Pedestrian_is_group 0.00 3 -1 772.62 484.64 838.61 552.40 1.72 1.66 1.81 -4.71 1.13 60.65 1.472 0.000 0.000 3.043 1.00 0.0000000000 0.0000000000 0.9987905836 0.0491667573 True False True False
