PassengerCar 0.00 0 -1 720.21 481.75 802.50 536.15 1.41 1.70 4.00 -6.53 0.71 67.54 -4.565 0.041 0.042 -2.994 1.00 0.0223438918 -0.0187324306 -0.9968825297 0.0733148584 True True True False
PassengerCar 0.00 1 -1 769.39 474.77 844.48 526.85 1.50 1.89 4.21 -5.68 0.50 72.38 -4.601 0.019 0.048 -3.030 1.00 0.0245646179 -0.0080886704 -0.9981360673 0.0552769756 True True True False
PassengerCar 0.00 1 -1 818.66 479.52 870.81 524.74 -1.00 -1.00 -1.00 -1000.00 -1000.00 -1000.00 -1.000 -1.000 -1.000 -1.000 1.00 -1000.0000000000 -1000.0000000000 -1000.0000000000 -1000.0000000000 True True False False
PassengerCar 0.00 2 -1 851.26 480.05 899.01 518.98 -1.00 -1.00 -1.00 -1000.00 -1000.00 -1000.00 -1.000 -1.000 -1.000 -1.000 1.00 -1000.0000000000 -1000.0000000000 -1000.0000000000 -1000.0000000000 True True False False
PassengerCar 0.00 2 -1 881.02 464.89 936.18 510.43 -1.00 -1.00 -1.00 -1000.00 -1000.00 -1000.00 -1.000 -1.000 -1.000 -1.000 1.00 -1000.0000000000 -1000.0000000000 -1000.0000000000 -1000.0000000000 True True False False
PassengerCar 0.00 2 -1 912.88 463.52 962.11 506.69 -1.00 -1.00 -1.00 -1000.00 -1000.00 -1000.00 -1.000 -1.000 -1.000 -1.000 1.00 -1000.0000000000 -1000.0000000000 -1000.0000000000 -1000.0000000000 True True False False
PassengerCar 0.00 2 -1 949.02 462.80 998.22 502.91 -1.00 -1.00 -1.00 -1000.00 -1000.00 -1000.00 -1.000 -1.000 -1.000 -1.000 1.00 -1000.0000000000 -1000.0000000000 -1000.0000000000 -1000.0000000000 True True False False
PassengerCar 0.00 2 -1 970.88 455.81 1018.77 498.48 -1.00 -1.00 -1.00 -1000.00 -1000.00 -1000.00 -1.000 -1.000 -1.000 -1.000 1.00 -1000.0000000000 -1000.0000000000 -1000.0000000000 -1000.0000000000 True True False False
PassengerCar 0.00 1 -1 1136.09 463.40 1202.71 512.45 1.45 1.77 4.10 5.72 0.07 73.93 -1.419 -0.005 0.036 0.152 1.00 -0.0037417190 0.0178035958 0.0759737016 0.9969438440 True True True False
DontCare 0.00 -1 -1 1195.98 450.41 1262.10 502.95 -1.00 -1.00 -1.00 -1000.00 -1000.00 -1000.00 -1.000 -1.000 -1.000 -1.000 1.00 -1000.0000000000 -1000.0000000000 -1000.0000000000 -1000.0000000000 False False False False
LargeVehicle 0.52 0 -1 0.00 305.50 347.08 669.82 2.98 3.02 7.88 -8.47 1.24 21.39 -4.650 0.003 0.040 -3.079 1.00 0.0202408950 -0.0006317410 -0.9993083219 0.0311895002 True False True True
Pedestrian 0.00 0 -1 1185.69 442.47 1218.48 523.12 1.61 0.66 0.50 4.21 0.34 46.04 -4.650 -0.000 0.005 -3.079 1.00 0.0026311793 0.0001392326 -0.9995100945 0.0311869923 True True True False
Pedestrian 0.00 1 -1 1222.55 436.49 1251.66 525.02 1.71 0.54 0.52 4.85 0.33 45.86 -4.640 0.000 0.000 -3.069 1.00 0.0000000000 0.0000000000 -0.9993463946 0.0361494608 True True True False
