PassengerCar 0.00 0 -1 700.31 506.05 817.16 580.34 1.43 1.71 3.68 -4.51 1.42 46.79 -4.634 -0.001 -0.011 -3.063 1.00 -0.0053255489 0.0002094791 -0.9992130906 0.0393038703 True True True False
PassengerCar 0.00 0 -1 12.00 511.85 209.73 588.82 1.58 1.81 4.25 -18.00 1.68 48.55 -4.500 0.000 0.000 -2.929 1.00 0.0000000000 0.0000000000 -0.9943576972 0.1060790745 True False True True
PassengerCar 0.00 0 -1 310.84 517.80 420.96 574.02 1.47 1.21 3.30 -16.32 1.71 61.92 -4.400 0.000 0.000 -2.829 1.00 0.0000000000 0.0000000000 -0.9878101067 0.1556637182 True True True True
PassengerCar 0.00 1 -1 424.44 517.94 546.19 570.96 1.51 1.81 4.07 -14.77 1.81 69.40 -4.436 0.000 0.000 -2.865 1.00 0.0000000000 0.0000000000 -0.9904493885 0.1378767884 True True True True
PassengerCar 0.00 2 -1 761.61 511.70 864.93 576.72 1.51 1.75 3.91 -4.22 1.61 57.36 -4.583 0.000 0.000 -3.013 1.00 0.0000000000 0.0000000000 -0.9979196499 0.0644699340 True True True False
PassengerCar 0.00 0 -1 1103.44 513.76 1149.00 548.88 -1.00 -1.00 -1.00 -1000.00 -1000.00 -1000.00 -1.000 -1.000 -1.000 -1.000 1.00 -1000.0000000000 -1000.0000000000 -1000.0000000000 -1000.0000000000 True True False False
PassengerCar 0.00 0 -1 1157.41 511.14 1212.36 556.69 -1.00 -1.00 -1.00 -1000.00 -1000.00 -1000.00 -1.000 -1.000 -1.000 -1.000 1.00 -1000.0000000000 -1000.0000000000 -1000.0000000000 -1000.0000000000 True True False False
PassengerCar 0.00 1 -1 892.30 513.30 934.40 543.01 -1.00 -1.00 -1.00 -1000.00 -1000.00 -1000.00 -1.000 -1.000 -1.000 -1.000 1.00 -1000.0000000000 -1000.0000000000 -1000.0000000000 -1000.0000000000 True True False False
PassengerCar 0.00 1 -1 956.60 506.56 1009.08 536.27 -1.00 -1.00 -1.00 -1000.00 -1000.00 -1000.00 -1.000 -1.000 -1.000 -1.000 1.00 -1000.0000000000 -1000.0000000000 -1000.0000000000 -1000.0000000000 True False False False
PassengerCar 0.00 1 -1 914.47 512.46 947.00 543.03 -1.00 -1.00 -1.00 -1000.00 -1000.00 -1000.00 -1.000 -1.000 -1.000 -1.000 1.00 -1000.0000000000 -1000.0000000000 -1000.0000000000 -1000.0000000000 True True False False
PassengerCar 0.00 1 -1 1209.38 511.45 1244.42 547.04 -1.00 -1.00 -1.00 -1000.00 -1000.00 -1000.00 -1.000 -1.000 -1.000 -1.000 1.00 -1000.0000000000 -1000.0000000000 -1000.0000000000 -1000.0000000000 True True False False
DontCare 0.00 -1 -1 1593.56 487.78 1771.69 579.83 1.53 1.97 3.75 11.94 1.20 40.75 -1.571 0.000 0.000 0.000 1.00 0.0000000000 0.0000000000 0.0000000000 1.0000000000 False False False False
DontCare 0.00 -1 -1 1517.96 493.90 1661.37 571.81 1.44 1.77 3.91 11.58 1.19 45.59 -1.571 0.000 0.000 0.000 1.00 0.0000000000 0.0000000000 0.0000000000 1.0000000000 False False False False
DontCare 0.00 -1 -1 1460.34 495.53 1580.65 570.80 1.62 1.81 3.55 11.68 1.36 51.93 -1.571 0.000 0.000 0.000 1.00 0.0000000000 0.0000000000 0.0000000000 1.0000000000 False False False False
DontCare 0.00 -1 -1 1761.42 450.33 1828.65 594.99 1.70 0.69 0.73 9.49 1.02 27.49 -4.382 0.000 0.000 -2.811 1.00 0.0000000000 0.0000000000 -0.9864008574 0.1643573802 False False False False
DontCare 0.07 -1 -1 1852.13 455.78 1913.60 600.65 1.65 0.60 0.79 10.37 1.06 27.04 -4.231 0.000 0.000 -2.660 1.00 0.0000000000 0.0000000000 -0.9711301775 0.2385501591 False False False False
DontCare 0.00 -1 -1 216.00 503.47 272.41 560.74 1.60 1.35 0.70 -20.95 1.48 66.36 -1.487 0.000 0.000 0.083 1.00 0.0000000000 0.0000000000 0.0416459609 0.9991324306 False False False False
Obstacle 0.00 2 -1 33.48 492.95 102.30 566.13 1.75 1.12 1.40 -22.27 1.39 57.03 -1.571 0.000 0.000 0.000 1.00 0.0000000000 0.0000000000 0.0000000000 1.0000000000 True False True True
Obstacle 0.00 0 -1 505.88 504.38 526.91 540.27 -1.00 -1.00 -1.00 -1000.00 -1000.00 -1000.00 -1.000 -1.000 -1.000 -1.000 1.00 -1000.0000000000 -1000.0000000000 -1000.0000000000 -1000.0000000000 False False False False
Pedestrian 0.00 1 -1 572.08 498.20 703.85 558.09 -1.00 -1.00 -1.00 -1000.00 -1000.00 -1000.00 -1.000 -1.000 -1.000 -1.000 1.00 -1000.0000000000 -1000.0000000000 -1000.0000000000 -1000.0000000000 True True False False
