PassengerCar 0.00 2 -1 1327.10 566.15 1435.30 641.63 1.34 1.64 3.88 7.47 2.50 44.53 -1.315 0.012 -0.045 0.255 1.00 0.0088638008 -0.0216238182 0.1274932378 0.9915640765 True True True False
PassengerCar 0.00 2 -1 1210.28 558.47 1362.23 669.34 1.50 1.88 3.86 4.42 2.25 34.51 -1.359 -0.004 -0.010 0.212 1.00 -0.0014512001 -0.0051268545 0.1058330322 0.9943696389 True True True False
PassengerCar 0.00 2 -1 1149.16 553.76 1358.94 679.25 1.38 1.70 4.21 3.26 1.96 28.19 -1.265 0.009 -0.026 0.306 1.00 0.0063799191 -0.0123545549 0.1524560525 0.9882124335 True True True False
PassengerCar 0.00 2 -1 1030.54 551.11 1287.60 705.83 1.41 1.81 4.19 1.84 1.87 23.95 -1.307 0.023 -0.019 0.264 1.00 0.0124942481 -0.0076879542 0.1315698385 0.9911983488 True True True False
PassengerCar 0.00 1 -1 930.55 547.99 1236.98 738.79 1.33 1.58 4.16 0.88 1.69 18.73 -1.323 0.022 -0.028 0.248 1.00 0.0126182363 -0.0125471825 0.1239424229 0.9921298424 True True True False
PassengerCar 0.00 1 -1 645.45 484.05 1124.04 795.53 1.62 1.91 4.21 -0.47 1.50 13.68 -1.290 0.002 -0.023 0.280 1.00 0.0026748330 -0.0111412201 0.1397284369 0.9901235693 True True True False
PassengerCar 0.00 3 -1 323.79 484.56 923.33 895.53 1.45 1.44 3.22 -1.38 1.40 10.06 -1.357 0.023 -0.005 0.214 1.00 0.0118355643 -0.0012723986 0.1068828740 0.9942003579 True True True False
PassengerCar 0.00 2 -1 1278.10 547.71 1414.86 652.27 1.64 1.82 4.07 6.24 2.39 40.71 -1.311 0.044 -0.031 0.260 1.00 0.0238917254 -0.0126043641 0.1298328824 0.9911678658 True True True False
PassengerCar 0.00 2 -1 1355.18 569.05 1460.54 637.34 1.34 1.90 4.21 8.92 2.68 49.83 -1.334 0.019 -0.036 0.237 1.00 0.0117847042 -0.0166464245 0.1182962651 0.9927688608 True True True False
PassengerCar 0.00 3 -1 1390.42 575.10 1478.26 634.05 1.33 1.81 4.10 10.74 2.98 56.52 -1.328 0.015 -0.034 0.243 1.00 0.0097011544 -0.0157342613 0.1212348605 0.9924517264 True True True False
Pedestrian 0.00 0 -1 749.52 384.80 926.54 980.82 1.62 0.47 0.38 -0.43 1.28 6.68 -3.503 0.000 0.000 -1.932 1.00 0.0000000000 0.0000000000 -0.8225731922 0.5686592508 True True True False
Pedestrian 0.00 0 -1 520.87 368.96 798.58 1010.06 1.57 0.56 0.56 -0.86 1.23 6.13 -3.615 0.000 0.000 -2.044 1.00 0.0000000000 0.0000000000 -0.8530928112 0.5217591930 True True True False
Pedestrian 0.00 0 -1 401.43 236.53 647.29 1024.00 1.80 0.61 0.47 -1.10 1.17 5.51 -3.527 0.000 0.000 -1.956 1.00 0.0000000000 0.0000000000 -0.8293964242 0.5586605155 True True True False
Pedestrian 0.00 1 -1 226.02 430.72 368.53 896.02 1.54 0.39 0.31 -2.36 1.28 8.04 -3.912 0.004 0.001 -2.342 1.00 0.0013306499 -0.0015359103 -0.9210516621 0.3894351114 True False True False
Pedestrian 0.00 0 -1 135.61 371.57 292.56 949.60 1.84 0.54 0.48 -2.49 1.39 7.60 -3.354 0.000 0.000 -1.783 1.00 0.0000000000 0.0000000000 -0.7781105245 0.6281273849 True False True False
Pedestrian 0.00 0 -1 1516.17 516.37 1587.39 701.48 1.67 0.62 0.84 5.40 1.77 22.47 -3.328 0.000 0.000 -1.757 1.00 0.0000000000 0.0000000000 -0.7697781704 0.6383114979 True True True False
Pedestrian 0.00 0 -1 513.61 344.86 735.61 963.34 1.75 0.50 0.59 -1.01 1.27 6.69 -3.378 0.000 0.000 -1.807 1.00 0.0000000000 0.0000000000 -0.7855413780 0.6188091333 True True True True
Pedestrian 0.00 0 -1 65.26 432.73 177.71 954.95 1.67 0.45 0.32 -2.86 1.42 7.69 -3.415 0.000 0.000 -1.845 1.00 0.0000000000 0.0000000000 -0.7969912179 0.6039908928 True False True False
Pedestrian 0.54 0 -1 0.00 416.95 87.66 964.83 1.68 0.44 0.40 -3.04 1.38 7.22 -3.154 0.000 0.000 -1.583 1.00 0.0000000000 0.0000000000 -0.7113972905 0.7027900790 True False True False
Pedestrian_is_group 0.39 3 -1 0.00 419.53 268.86 910.30 1.92 2.57 1.19 -3.52 1.50 9.11 -3.406 0.000 0.000 -1.836 1.00 0.0000000000 0.0000000000 -0.7942925854 0.6075354218 True False True False
Pedestrian 0.00 3 -1 236.88 420.14 382.51 879.86 1.81 0.97 0.51 -2.74 1.44 9.55 -3.424 0.000 0.000 -1.853 1.00 0.0000000000 0.0000000000 -0.7996285535 0.6004949428 True False True False
