PassengerCar 0.95 0 -1 0.00 388.27 154.72 1024.00 1.56 1.98 4.20 -3.21 1.26 5.19 -1.726 0.002 0.000 -0.155 1.00 0.0011671462 0.0000907460 -0.0775163601 0.9969903929 True True True False
PassengerCar 0.44 3 -1 0.00 478.83 380.10 830.03 1.40 1.82 4.07 -3.93 1.27 10.55 -1.712 0.000 0.000 -0.141 1.00 0.0000000000 0.0000000000 -0.0705291264 0.9975097204 True True True False
PassengerCar 0.00 2 -1 208.76 494.34 526.99 708.52 1.43 1.82 4.27 -4.49 1.30 17.47 -1.668 0.009 0.001 -0.097 1.00 0.0046752923 0.0002278728 -0.0486814758 0.9988033859 True True True False
PassengerCar 0.00 3 -1 320.29 498.93 559.08 653.51 1.45 1.82 4.25 -5.29 1.33 23.63 -1.672 0.000 0.000 -0.101 1.00 0.0000000000 0.0000000000 -0.0504524441 0.9987264645 True True True False
PassengerCar 0.00 3 -1 406.47 498.62 590.22 634.17 1.60 1.83 4.32 -6.09 1.51 29.71 -1.673 0.000 0.000 -0.102 1.00 0.0000000000 0.0000000000 -0.0509780615 0.9986997733 True True True False
PassengerCar 0.00 3 -1 492.61 518.49 634.39 613.63 1.38 1.81 4.17 -6.38 1.55 35.63 -1.624 0.000 0.000 -0.054 1.00 0.0000000000 0.0000000000 -0.0267755148 0.9996414716 True True True False
PassengerCar 0.00 0 -1 898.47 493.80 1077.95 648.32 1.64 2.07 4.08 -0.01 1.47 26.98 -1.630 -0.010 -0.002 -0.059 1.00 -0.0048637331 -0.0009268836 -0.0294679054 0.9995534641 True True True False
PassengerCar 0.00 2 -1 868.15 511.15 993.09 618.30 1.50 1.82 4.25 -0.72 1.45 33.71 -1.644 0.000 0.000 -0.073 1.00 0.0000000000 0.0000000000 -0.0365947472 0.9993301879 True True True False
Pedestrian 0.00 0 -1 220.52 382.22 453.98 979.55 1.65 0.67 0.77 -1.88 1.26 6.75 -1.748 0.000 0.000 -0.177 1.00 0.0000000000 0.0000000000 -0.0885431080 0.9960723458 True True True False
Pedestrian 0.00 0 -1 1298.22 459.57 1384.44 686.42 1.65 0.61 0.75 2.67 1.30 17.58 1.555 0.003 0.006 3.126 1.00 -0.0028186266 0.0014867288 0.9999631205 0.0079751268 True True True False
Pedestrian 0.00 1 -1 1371.05 471.25 1441.12 665.50 1.57 0.52 0.47 3.40 1.26 18.93 -1.571 0.000 -0.011 -0.000 1.00 0.0000000000 -0.0054466618 -0.0000000000 0.9999851668 True True True False
Pedestrian 0.00 0 -1 1530.86 434.87 1636.27 666.14 1.80 0.70 0.55 4.63 1.21 18.50 -1.490 0.000 0.019 0.081 1.00 -0.0003784752 0.0093450788 0.0404650040 0.9991371826 True True True False
Pedestrian 0.00 0 -1 1599.55 435.62 1693.18 663.24 1.81 0.57 0.64 5.34 1.21 18.92 -1.571 0.000 0.000 0.000 1.00 0.0000000000 0.0000000000 0.0000000000 1.0000000000 True False True False
Pedestrian 0.00 1 -1 1429.86 460.89 1486.38 632.56 1.78 0.52 0.59 4.88 1.26 24.34 -1.662 -0.015 -0.012 -0.092 1.00 -0.0075258951 -0.0055291457 -0.0458286659 0.9989056626 True True True False
Pedestrian 0.00 2 -1 1452.59 454.24 1504.02 620.84 1.86 0.52 0.56 5.29 1.23 25.29 1.530 0.000 0.000 3.101 1.00 0.0000000000 0.0000000000 0.9997949858 0.0202481180 True True True False
Pedestrian 0.00 1 -1 1494.46 456.60 1535.60 619.48 1.75 0.38 0.72 5.72 1.21 25.56 -1.571 0.000 0.000 0.000 1.00 0.0000000000 0.0000000000 0.0000000000 1.0000000000 True True True False
Pedestrian 0.00 3 -1 1299.56 468.03 1348.45 642.33 1.63 0.41 0.47 3.15 1.27 22.34 -4.709 0.000 0.000 -3.138 1.00 0.0000000000 0.0000000000 -0.9999983756 0.0018024264 True True True False
Pedestrian 0.00 2 -1 1347.96 456.14 1422.48 644.56 1.76 0.60 0.58 3.76 1.28 22.31 1.564 0.000 0.000 3.135 1.00 0.0000000000 0.0000000000 0.9999941271 0.0034272153 True True True False
Pedestrian 0.00 0 -1 1112.05 476.83 1164.11 608.83 1.77 0.69 0.77 1.99 1.34 31.09 1.491 0.000 0.000 3.062 1.00 0.0000000000 0.0000000000 0.9992051833 0.0398622834 True True True False
Pedestrian 0.00 0 -1 1171.07 495.80 1202.85 593.53 1.58 0.50 0.62 3.23 1.36 37.34 -1.675 0.017 0.001 -0.104 1.00 0.0084449859 -0.0000280593 -0.0521121201 0.9986055319 True True True False
Pedestrian 0.00 0 -1 1074.76 489.64 1111.92 600.12 1.69 0.56 0.65 1.69 1.40 35.79 1.462 0.000 0.000 3.033 1.00 0.0000000000 0.0000000000 0.9985244623 0.0543037588 True True True False
Pedestrian 0.00 2 -1 1035.67 483.88 1070.57 597.49 1.75 0.53 0.26 1.04 1.35 35.48 1.450 0.000 0.000 3.021 1.00 0.0000000000 0.0000000000 0.9981691953 0.0604835307 True True True False
Pedestrian 0.00 3 -1 1060.51 489.22 1086.68 592.30 1.68 0.41 0.33 1.36 1.38 37.36 1.456 -0.000 0.001 3.026 1.00 -0.0005667882 -0.0000326716 0.9983425975 0.0575476828 True True True False
Pedestrian 0.07 1 -1 782.99 507.66 800.56 564.15 1.89 0.52 0.45 -6.22 1.74 74.96 -1.548 0.000 0.000 0.023 1.00 0.0000000000 0.0000000000 0.0113664035 0.9999354003 True True True False
Pedestrian 0.06 1 -1 799.50 508.20 819.44 567.83 1.84 0.63 0.56 -5.71 1.81 73.83 -1.394 0.000 0.000 0.177 1.00 0.0000000000 0.0000000000 0.0883971090 0.9960853132 True True True False
Pedestrian_is_group 0.00 1 -1 811.43 505.50 838.30 577.37 2.07 0.72 0.65 -4.93 2.07 71.32 -1.459 0.000 0.000 0.112 1.00 0.0000000000 0.0000000000 0.0558333758 0.9984401004 True True True False
Pedestrian_is_group 0.00 1 -1 840.10 505.71 883.04 568.48 1.95 1.26 0.67 -3.93 1.87 72.98 -1.571 0.000 0.000 0.000 1.00 0.0000000000 0.0000000000 0.0000000000 1.0000000000 True True False False
