PassengerCar 0.40 0 -1 0.00 505.20 434.27 849.34 1.34 1.81 3.96 -3.93 1.33 10.89 1.570 -0.013 -0.003 3.141 1.00 0.0015690694 -0.0064217856 0.9999780566 0.0004301972 True True True False
PassengerCar 0.00 1 -1 363.89 515.23 644.15 704.68 1.41 1.74 3.77 -3.83 1.46 18.73 1.541 0.000 0.000 3.112 1.00 0.0000000000 0.0000000000 0.9998868256 0.0150444693 True True True False
PassengerCar 0.00 2 -1 536.68 515.77 736.27 657.25 1.41 1.70 3.77 -3.82 1.52 25.51 -4.704 0.000 0.000 -3.133 1.00 0.0000000000 0.0000000000 -0.9999913965 0.0041481158 True True True False
PassengerCar 0.00 2 -1 628.78 512.57 782.72 628.00 1.51 1.71 3.73 -3.85 1.58 32.70 1.561 0.000 0.000 3.131 1.00 0.0000000000 0.0000000000 0.9999868760 0.0051232569 True True True False
PassengerCar 0.00 2 -1 712.84 520.18 835.17 610.74 1.45 1.64 3.85 -3.56 1.62 39.13 1.557 0.000 0.000 3.128 1.00 0.0000000000 0.0000000000 0.9999776445 0.0066865934 True True True False
PassengerCar 0.00 2 -1 783.75 521.89 874.79 588.01 1.52 1.82 3.81 -3.67 1.78 54.75 -4.710 0.000 0.000 -3.140 1.00 0.0000000000 0.0000000000 -0.9999994954 0.0010045442 True True True False
PassengerCar 0.00 2 -1 811.75 511.02 893.60 576.25 -1.00 -1.00 -1.00 -1000.00 -1000.00 -1000.00 -1.000 -1.000 -1.000 -1.000 1.00 -1000.0000000000 -1000.0000000000 -1000.0000000000 -1000.0000000000 True True False False
PassengerCar 0.00 0 -1 882.53 506.96 973.33 542.43 -1.00 -1.00 -1.00 -1000.00 -1000.00 -1000.00 -1.000 -1.000 -1.000 -1.000 1.00 -1000.0000000000 -1000.0000000000 -1000.0000000000 -1000.0000000000 True True False False
PassengerCar 0.00 3 -1 737.26 521.26 841.41 601.09 1.56 1.88 3.80 -4.04 1.85 48.04 1.547 0.000 0.000 3.118 1.00 0.0000000000 0.0000000000 0.9999319015 0.0116701505 True True True False
LargeVehicle 0.00 0 -1 965.38 495.30 1049.00 540.64 -1.00 -1.00 -1.00 -1000.00 -1000.00 -1000.00 -1.000 -1.000 -1.000 -1.000 1.00 -1000.0000000000 -1000.0000000000 -1000.0000000000 -1000.0000000000 True True False False
Obstacle 0.00 3 -1 450.28 488.59 479.71 584.19 -1.00 -1.00 -1.00 -1000.00 -1000.00 -1000.00 -1.000 -1.000 -1.000 -1.000 1.00 -1000.0000000000 -1000.0000000000 -1000.0000000000 -1000.0000000000 True False False False
Obstacle 0.00 3 -1 478.83 494.76 501.62 584.78 -1.00 -1.00 -1.00 -1000.00 -1000.00 -1000.00 -1.000 -1.000 -1.000 -1.000 1.00 -1000.0000000000 -1000.0000000000 -1000.0000000000 -1000.0000000000 True False False False
Obstacle 0.00 3 -1 497.83 483.96 525.97 579.18 -1.00 -1.00 -1.00 -1000.00 -1000.00 -1000.00 -1.000 -1.000 -1.000 -1.000 1.00 -1000.0000000000 -1000.0000000000 -1000.0000000000 -1000.0000000000 True False False False
Pedestrian 0.00 0 -1 1709.75 387.53 1821.82 676.51 1.73 0.53 0.57 4.74 0.99 14.33 -1.550 0.003 0.044 0.020 1.00 0.0014428526 0.0221356448 0.0101512992 0.9997023970 True False True False
Pedestrian 0.00 0 -1 1592.86 403.96 1709.06 666.96 1.66 0.55 0.59 4.25 0.99 15.09 -1.571 0.000 0.039 0.000 1.00 0.0000000000 0.0195155040 0.0000000000 0.9998095544 True False True False
