PassengerCar 0.00 2 -1 1208.45 521.59 1355.85 577.82 1.51 1.82 4.13 7.76 1.77 63.94 -0.274 0.000 0.000 1.297 1.00 0.0000000000 0.0000000000 0.6040986475 0.7969095457 True True True False
PassengerCar 0.00 3 -1 711.28 510.06 1178.97 719.51 1.75 1.86 3.81 -0.40 1.78 21.33 -0.402 0.000 0.000 1.169 1.00 0.0000000000 0.0000000000 0.5517700832 0.8339962681 True True True False
DontCare 0.00 -1 -1 1737.54 512.27 1879.31 589.19 1.46 1.61 2.23 16.96 1.49 48.12 -0.334 0.000 0.000 1.237 1.00 0.0000000000 0.0000000000 0.5796144971 0.8148908115 False False False False
DontCare 0.00 -1 -1 1103.00 497.58 1215.61 589.96 -1.00 -1.00 -1.00 -1000.00 -1000.00 -1000.00 -1.000 -1.000 -1.000 -1.000 1.00 -1000.0000000000 -1000.0000000000 -1000.0000000000 -1000.0000000000 False False False False
LargeVehicle 0.00 3 -1 759.84 456.81 991.70 578.33 3.17 3.05 13.01 -2.96 1.88 68.18 -1.324 0.000 0.000 0.247 1.00 0.0000000000 0.0000000000 0.1230202163 0.9924041648 True False True False
LargeVehicle 0.00 3 -1 920.51 473.31 1093.66 571.96 3.19 3.46 11.64 0.86 2.11 82.26 -1.331 0.000 0.000 0.240 1.00 0.0000000000 0.0000000000 0.1195435092 0.9928289628 True False True True
Obstacle 0.00 3 -1 897.33 407.37 992.71 769.45 1.87 0.43 0.45 -0.27 1.31 13.28 -0.092 0.000 0.000 1.479 1.00 0.0000000000 0.0000000000 0.6737925567 0.7389205576 True False True False
Obstacle 0.00 3 -1 1299.00 400.00 1429.00 792.00 1.76 0.47 0.49 1.72 1.28 10.80 -0.074 0.000 0.000 1.496 1.00 0.0000000000 0.0000000000 0.6803185940 0.7329165100 False False True False
Pedestrian 0.00 0 -1 509.21 386.50 736.37 977.72 1.57 0.66 0.67 -0.92 1.23 6.25 -0.043 0.000 0.000 1.528 1.00 0.0000000000 0.0000000000 0.6916441494 0.7222384444 True True True False
Pedestrian 0.00 2 -1 573.38 331.30 864.26 936.06 1.81 0.85 0.79 -0.77 1.25 7.08 -0.039 0.000 0.000 1.532 1.00 0.0000000000 0.0000000000 0.6932786630 0.7206696160 True True True False
Pedestrian 0.00 1 -1 422.30 399.64 631.73 878.34 1.61 0.65 0.66 -1.59 1.24 8.20 -0.157 -0.016 -0.003 1.414 1.00 -0.0053448212 -0.0062582308 0.6494110570 0.7603930211 True True True False
Pedestrian 0.00 1 -1 738.52 412.88 851.82 807.55 1.72 0.52 0.49 -0.85 1.29 10.41 -0.063 0.000 0.000 1.508 1.00 0.0000000000 0.0000000000 0.6845415827 0.7289738140 True True True False
Pedestrian 0.00 3 -1 740.79 410.38 853.68 769.57 1.72 0.50 0.60 -0.84 1.29 10.91 -0.062 0.000 0.000 1.509 1.00 0.0000000000 0.0000000000 0.6849007212 0.7286363991 True False True True
Pedestrian 0.00 1 -1 795.77 421.02 974.78 775.16 1.60 0.60 0.79 -0.52 1.34 11.88 -0.226 0.000 0.000 1.345 1.00 0.0000000000 0.0000000000 0.6230502373 0.7821818214 True True True False
Pedestrian 0.00 3 -1 770.42 439.16 906.32 776.66 1.73 0.50 0.64 -0.79 1.38 12.38 -0.228 0.000 0.000 1.343 1.00 0.0000000000 0.0000000000 0.6222696071 0.7828029996 True True True False
Pedestrian 0.00 1 -1 869.59 403.84 1032.39 814.16 1.80 0.53 0.81 -0.11 1.33 10.36 -0.123 0.001 -0.006 1.448 1.00 0.0023751105 -0.0020997310 0.6623355044 0.7492006604 True True True False
Pedestrian 0.00 0 -1 952.32 416.47 1072.82 825.80 1.70 0.51 0.52 0.14 1.33 9.85 -0.156 0.000 0.000 1.415 1.00 0.0000000000 0.0000000000 0.6497930051 0.7601112093 True True True False
Pedestrian 0.00 3 -1 1009.18 414.36 1206.06 849.36 1.63 0.50 0.72 0.51 1.32 9.12 -0.187 -0.027 -0.005 1.383 1.00 -0.0087791236 -0.0106003885 0.6377826866 0.7700933732 True True True False
Pedestrian 0.00 0 -1 1452.36 352.77 1696.67 918.60 1.76 0.72 0.63 1.85 1.27 7.49 -0.104 0.000 0.000 1.467 1.00 0.0000000000 0.0000000000 0.6693478845 0.7429491298 True True True False
Pedestrian 0.00 1 -1 1322.22 393.62 1618.74 895.90 1.74 0.64 0.86 1.67 1.31 8.17 -0.109 0.000 0.000 1.462 1.00 0.0000000000 0.0000000000 0.6676235733 0.7444990023 True True True False
Pedestrian 0.00 2 -1 1375.61 373.36 1558.23 864.36 1.80 0.77 0.57 1.78 1.29 8.91 -0.118 0.000 0.000 1.453 1.00 0.0000000000 0.0000000000 0.6641901754 0.7475636501 True True True False
Pedestrian 0.00 0 -1 1284.54 447.72 1419.99 749.13 1.70 0.64 0.71 2.00 1.34 13.54 -0.061 0.000 0.000 1.510 1.00 0.0000000000 0.0000000000 0.6851383259 0.7284129834 True True True False
Pedestrian 0.00 2 -1 1536.47 352.05 1693.47 860.81 1.93 0.65 0.55 2.54 1.31 9.26 -0.047 0.000 0.000 1.524 1.00 0.0000000000 0.0000000000 0.6903521303 0.7234735214 True False True False
Pedestrian 0.75 0 -1 1843.42 295.99 1920.00 846.57 1.92 0.74 0.74 3.73 1.18 8.70 -0.404 0.001 -0.000 1.167 1.00 0.0004857235 0.0002935105 0.5508375347 0.8346122982 True False True False
Pedestrian 0.00 0 -1 1684.71 378.10 1787.82 721.78 1.80 0.82 0.27 4.04 1.12 12.73 -0.029 0.000 0.000 1.542 1.00 0.0000000000 0.0000000000 0.6969132685 0.7171554199 True False True False
Pedestrian 0.55 2 -1 1829.04 365.61 1920.00 741.67 1.81 0.64 0.83 4.83 1.19 12.09 -0.240 0.000 0.000 1.331 1.00 0.0000000000 0.0000000000 0.6174397781 0.7866181541 True False True False
