PassengerCar 0.00 0 -1 723.40 519.32 829.62 595.23 1.39 1.95 3.94 -4.23 1.66 47.59 1.531 -0.001 0.012 3.102 1.00 -0.0057785884 -0.0001479277 0.9997862104 0.0198524422 True True True False
PassengerCar 0.00 3 -1 755.51 506.11 842.55 579.46 1.71 1.84 4.21 -4.58 1.66 57.57 1.551 -0.000 0.010 3.122 1.00 -0.0050813240 -0.0000497874 0.9999390912 0.0097975238 True True True False
DontCare 0.00 -1 -1 693.21 510.15 726.64 554.96 -1.00 -1.00 -1.00 -1000.00 -1000.00 -1000.00 -1.000 -1.000 -1.000 -1.000 1.00 -1000.0000000000 -1000.0000000000 -1000.0000000000 -1000.0000000000 False False False False
Vehicle 0.00 0 -1 959.36 509.09 1007.07 539.43 -1.00 -1.00 -1.00 -1000.00 -1000.00 -1000.00 -1.000 -1.000 -1.000 -1.000 1.00 -1000.0000000000 -1000.0000000000 -1000.0000000000 -1000.0000000000 True True False True
Vehicle 0.00 0 -1 1032.33 518.41 1072.88 552.66 -1.00 -1.00 -1.00 -1000.00 -1000.00 -1000.00 -1.000 -1.000 -1.000 -1.000 1.00 -1000.0000000000 -1000.0000000000 -1000.0000000000 -1000.0000000000 True True False True
LargeVehicle 0.00 0 -1 840.63 486.25 933.47 557.82 -1.00 -1.00 -1.00 -1000.00 -1000.00 -1000.00 -1.000 -1.000 -1.000 -1.000 1.00 -1000.0000000000 -1000.0000000000 -1000.0000000000 -1000.0000000000 True True False False
Obstacle 1.00 0 -1 1104.13 509.45 1117.47 536.80 1.50 1.90 1.00 -123.19 2.97 278.00 -1.571 0.000 0.000 0.000 1.00 0.0000000000 0.0000000000 0.0000000000 1.0000000000 True True False True
Pedestrian 0.00 0 -1 75.02 482.56 135.67 601.00 1.77 0.84 0.50 -13.61 1.42 36.21 1.485 0.014 0.001 3.056 1.00 -0.0003084470 0.0071486282 0.9990600431 0.0427531555 True False True False
Pedestrian 0.00 0 -1 321.34 486.83 370.03 633.18 1.71 0.48 0.31 -7.57 1.47 27.76 -4.695 -0.003 0.000 -3.125 1.00 0.0000115589 0.0013634060 -0.9999631342 0.0084776959 True True True False
Pedestrian 0.00 0 -1 399.66 495.90 451.37 640.33 1.61 0.43 0.58 -6.32 1.47 26.49 -4.694 0.000 0.000 -3.123 1.00 0.0000000000 0.0000000000 -0.9999586593 0.0090928388 True True True False
Pedestrian 0.00 0 -1 449.00 482.50 508.39 649.76 1.81 0.60 0.50 -5.65 1.54 26.11 -4.677 -0.000 -0.005 -3.106 1.00 -0.0027249702 0.0000485803 -0.9998374077 0.0178249934 True True True False
Pedestrian 0.05 2 -1 565.97 497.24 592.37 560.31 1.65 0.61 0.58 -10.80 1.42 61.98 -1.571 0.000 0.000 0.000 1.00 0.0000000000 0.0000000000 0.0000000000 1.0000000000 True True True True
Pedestrian 0.00 2 -1 497.98 498.72 528.76 563.29 1.71 0.74 0.69 -12.40 1.49 61.50 -1.571 0.000 0.000 0.000 1.00 0.0000000000 0.0000000000 0.0000000000 1.0000000000 True True True True
Pedestrian 0.00 0 -1 1518.24 468.79 1557.19 565.41 1.76 0.46 0.62 10.20 1.01 43.75 1.464 0.000 0.000 3.035 1.00 0.0000000000 0.0000000000 0.9985814600 0.0532453543 True True True True
Pedestrian_is_group 0.00 2 -1 1664.48 456.94 1719.45 562.23 1.78 0.57 0.98 12.38 0.92 41.07 -3.781 0.006 0.002 -2.210 1.00 0.0022895185 -0.0021306277 -0.8935317104 0.4489891993 True False True False
