PassengerCar 0.00 0 -1 609.45 431.83 1636.40 1024.00 1.13 2.21 4.21 0.60 1.00 6.83 -1.340 -0.017 0.004 0.231 1.00 -0.0088939453 0.0011151034 0.1152264247 0.9932988097 True True True False
PassengerCar 0.00 2 -1 427.44 469.52 995.75 768.75 1.35 1.72 3.79 -1.32 1.16 12.04 -1.274 -0.020 0.006 0.297 1.00 -0.0100907920 0.0013443779 0.1480902655 0.9889214538 True True True False
PassengerCar 0.99 0 -1 1768.34 225.23 1920.00 1019.32 1.89 2.29 5.42 3.17 1.19 4.31 -1.437 0.000 0.000 0.134 1.00 0.0000000000 0.0000000000 0.0667745277 0.9977680905 True True True False
PassengerCar 0.00 3 -1 1168.58 469.09 1406.55 631.34 1.50 1.85 3.95 3.28 1.15 23.95 -1.213 0.000 0.000 0.358 1.00 0.0000000000 0.0000000000 0.1781908147 0.9839959520 True False True False
PassengerCar 0.00 3 -1 1284.57 482.52 1482.84 610.95 1.47 1.82 3.87 5.11 1.19 29.03 -1.167 0.000 0.000 0.404 1.00 0.0000000000 0.0000000000 0.2007057889 0.9796515637 True False True False
Vehicle 0.00 3 -1 978.24 468.17 1353.99 685.44 1.51 1.80 4.47 1.56 1.25 18.75 -1.212 0.000 0.000 0.359 1.00 0.0000000000 0.0000000000 0.1783594609 0.9839653971 False False True True
Vehicle 0.00 3 -1 1385.04 477.24 1573.76 585.60 1.47 1.83 3.58 7.14 1.07 34.02 -1.114 0.000 0.000 0.457 1.00 0.0000000000 0.0000000000 0.2263113430 0.9740550169 False False True True
Vehicle 0.00 3 -1 1466.56 483.77 1620.02 576.49 1.46 1.79 3.71 9.32 1.06 39.35 -1.141 0.007 0.016 0.430 1.00 0.0014750859 0.0086606311 0.2133860325 0.9769284614 False False True True
Vehicle 0.00 3 -1 1522.05 475.63 1642.73 556.87 1.48 1.61 3.29 11.31 0.90 44.70 -1.130 0.000 0.000 0.440 1.00 0.0000000000 0.0000000000 0.2184130344 0.9758564169 False False True True
Vehicle 0.00 3 -1 1548.39 475.41 1660.76 546.91 1.48 1.84 3.28 13.32 0.82 50.79 -1.155 0.000 0.000 0.416 1.00 0.0000000000 0.0000000000 0.2065108375 0.9784443132 False False True True
Vehicle 0.00 3 -1 1582.89 479.22 1690.40 543.21 1.46 1.71 3.98 15.42 0.82 55.88 -1.106 0.000 0.000 0.464 1.00 0.0000000000 0.0000000000 0.2301490350 0.9731553944 False False True True
Pedestrian 0.00 0 -1 1428.34 350.22 1744.32 1001.68 1.63 0.68 0.80 1.50 1.22 5.97 -2.736 0.000 0.000 -1.165 1.00 0.0000000000 0.0000000000 -0.5502470683 0.8350018945 True False True False
