PassengerCar 0.00 2 -1 959.06 487.48 1045.66 547.68 -1.00 -1.00 -1.00 -1000.00 -1000.00 -1000.00 -1.000 -1.000 -1.000 -1.000 1.00 -1000.0000000000 -1000.0000000000 -1000.0000000000 -1000.0000000000 True True False False
PassengerCar 0.00 3 -1 1044.43 506.98 1082.28 544.80 -1.00 -1.00 -1.00 -1000.00 -1000.00 -1000.00 -1.000 -1.000 -1.000 -1.000 1.00 -1000.0000000000 -1000.0000000000 -1000.0000000000 -1000.0000000000 True True False False
PassengerCar 0.00 2 -1 1118.12 511.74 1155.98 542.16 -1.00 -1.00 -1.00 -1000.00 -1000.00 -1000.00 -1.000 -1.000 -1.000 -1.000 1.00 -1000.0000000000 -1000.0000000000 -1000.0000000000 -1000.0000000000 True True False False
PassengerCar 0.00 3 -1 1154.17 514.45 1187.45 540.25 1.45 1.63 3.62 8.29 1.03 51.40 -1.571 0.000 0.000 0.000 1.00 0.0000000000 0.0000000000 0.0000000000 1.0000000000 True True True True
PassengerCar 0.00 2 -1 1193.64 514.47 1227.89 539.86 1.50 1.58 3.48 8.41 1.15 55.99 -1.571 0.000 0.000 0.000 1.00 0.0000000000 0.0000000000 0.0000000000 1.0000000000 True True True False
PassengerCar 0.00 2 -1 1261.88 496.46 1345.54 554.11 1.50 1.64 3.67 8.62 1.14 60.39 -1.583 0.000 0.000 -0.012 1.00 0.0000000000 0.0000000000 -0.0062456083 0.9999804960 True True True False
PassengerCar 0.00 -1 -1 1270.30 495.62 1369.90 557.87 -1.00 -1.00 -1.00 -1000.00 -1000.00 -1000.00 -1.000 -1.000 -1.000 -1.000 1.00 -1000.0000000000 -1000.0000000000 -1000.0000000000 -1000.0000000000 -1 -1 -1 -1
PassengerCar 0.00 -1 -1 1291.95 492.72 1408.19 566.37 -1.00 -1.00 -1.00 -1000.00 -1000.00 -1000.00 -1.000 -1.000 -1.000 -1.000 1.00 -1000.0000000000 -1000.0000000000 -1000.0000000000 -1000.0000000000 -1 -1 -1 -1
PassengerCar 0.00 -1 -1 1334.00 487.45 1462.01 567.24 -1.00 -1.00 -1.00 -1000.00 -1000.00 -1000.00 -1.000 -1.000 -1.000 -1.000 1.00 -1000.0000000000 -1000.0000000000 -1000.0000000000 -1000.0000000000 -1 -1 -1 -1
PassengerCar 0.00 -1 -1 1226.30 499.92 1286.88 550.84 -1.00 -1.00 -1.00 -1000.00 -1000.00 -1000.00 -1.000 -1.000 -1.000 -1.000 1.00 -1000.0000000000 -1000.0000000000 -1000.0000000000 -1000.0000000000 -1 -1 -1 -1
Pedestrian 0.00 2 -1 742.21 458.83 784.28 605.60 1.50 0.40 0.39 -10.42 0.83 28.42 -1.571 0.000 0.000 0.000 1.00 0.0000000000 0.0000000000 0.0000000000 1.0000000000 True False True False
Pedestrian 0.00 0 -1 770.79 453.58 804.68 594.85 1.50 0.45 0.29 -9.50 0.83 29.01 -1.065 0.000 0.000 0.505 1.00 0.0000000000 0.0000000000 0.2500069974 0.9682440298 True False True False
Pedestrian 0.00 0 -1 464.93 443.88 528.36 601.40 1.85 0.52 0.41 -5.46 0.94 29.28 1.423 0.000 0.000 2.993 1.00 0.0000000000 0.0000000000 0.9972534199 0.0740649476 True True True False
Pedestrian 0.00 0 -1 419.62 444.49 479.33 600.99 1.74 0.48 0.36 -4.98 0.97 28.97 1.420 0.000 0.000 2.991 1.00 0.0000000000 0.0000000000 0.9971725426 0.0751459937 True True True False
Pedestrian 0.00 0 -1 522.72 435.13 577.85 583.69 1.68 0.38 0.37 -3.96 1.11 25.00 0.053 0.000 0.000 1.624 1.00 0.0000000000 0.0000000000 0.7256517788 0.6880621308 True True True False
Pedestrian 0.00 0 -1 557.15 442.74 616.75 584.00 1.69 0.37 0.38 -3.56 1.03 24.94 0.044 0.000 0.000 1.615 1.00 0.0000000000 0.0000000000 0.7225188694 0.6913512011 True True True False
Pedestrian 0.00 0 -1 662.42 461.22 724.10 615.41 1.68 0.65 0.44 -3.24 1.16 25.55 -4.614 0.000 0.000 -3.043 1.00 0.0000000000 0.0000000000 -0.9987787943 0.0494056684 True True True False
Pedestrian 0.00 0 -1 632.62 445.17 681.76 610.97 1.71 0.41 0.45 -2.67 1.14 27.71 -0.054 0.000 0.000 1.517 1.00 0.0000000000 0.0000000000 0.6876530192 0.7260394791 True True True False
Pedestrian 0.00 1 -1 587.77 450.37 639.42 610.96 1.71 0.45 0.48 -2.40 1.06 28.62 -0.051 0.000 0.000 1.520 1.00 0.0000000000 0.0000000000 0.6888419071 0.7249115994 True True True False
Pedestrian 0.00 2 -1 460.14 449.34 511.12 594.73 1.69 0.55 0.45 -2.41 1.05 29.25 -0.054 0.000 0.000 1.517 1.00 0.0000000000 0.0000000000 0.6878854354 0.7258192804 True True True False
Pedestrian 0.00 0 -1 187.53 455.18 239.08 579.64 1.56 0.54 0.56 -0.57 0.96 43.36 -1.571 0.000 0.000 0.000 1.00 0.0000000000 0.0000000000 0.0000000000 1.0000000000 True True True False
Pedestrian 0.00 0 -1 835.13 469.69 857.87 535.53 1.77 0.59 0.55 0.54 0.97 44.12 -1.571 0.000 0.000 0.000 1.00 0.0000000000 0.0000000000 0.0000000000 1.0000000000 True True True False
Pedestrian 0.06 0 -1 852.92 470.53 877.83 539.09 1.53 0.42 0.47 -3.16 0.67 53.28 -1.528 0.000 0.000 0.043 1.00 0.0000000000 0.0000000000 0.0213315805 0.9997724559 True True True False
Pedestrian 0.06 0 -1 877.29 455.59 909.75 538.78 1.56 0.43 0.44 -2.79 0.72 53.14 -1.561 0.000 0.000 0.010 1.00 0.0000000000 0.0000000000 0.0051152621 0.9999869170 True True True False
Pedestrian 0.00 0 -1 941.26 469.82 971.64 562.02 2.10 0.66 0.55 -2.26 0.84 54.79 -1.739 0.000 0.000 -0.168 1.00 0.0000000000 0.0000000000 -0.0838945076 0.9964746417 True True True False
Pedestrian 0.00 0 -1 998.41 469.36 1033.54 561.93 -1.00 -1.00 -1.00 -1000.00 -1000.00 -1000.00 -1.000 -1.000 -1.000 -1.000 1.00 -1000.0000000000 -1000.0000000000 -1000.0000000000 -1000.0000000000 True True False False
Pedestrian 0.00 0 -1 1117.51 503.60 1138.53 542.58 1.66 0.46 0.36 6.72 1.24 23.42 -3.024 0.002 0.014 -1.453 1.00 0.0054550126 0.0048471390 -0.6642113315 0.7475092342 True False True False
Pedestrian_is_group 0.13 2 -1 1642.07 464.33 1703.10 636.57 1.96 1.66 2.25 8.74 1.27 24.60 -1.571 0.000 0.038 0.000 1.00 0.0000000000 0.0190407556 0.0000000000 0.9998187084 True False True False
Pedestrian 0.00 2 -1 1722.47 459.10 1788.02 630.23 1.82 0.61 0.46 7.92 1.18 27.98 -2.843 0.000 0.000 -1.273 1.00 0.0000000000 0.0000000000 -0.5942368796 0.8042900788 True False True True
Pedestrian 0.00 2 -1 1716.23 440.21 1781.11 629.86 1.73 0.38 0.33 7.31 1.19 24.87 -1.938 0.000 0.000 -0.367 1.00 0.0000000000 0.0000000000 -0.1827173034 0.9831654932 True False True False
Pedestrian 0.00 1 -1 1774.06 449.37 1831.57 630.12 1.77 0.53 0.49 10.88 0.98 43.90 -1.723 0.000 0.000 -0.153 1.00 0.0000000000 0.0000000000 -0.0761937787 0.9970930288 True False True True
Pedestrian 0.00 3 -1 1816.87 462.69 1875.92 630.98 1.82 0.47 0.57 -3.57 1.12 27.58 1.367 0.000 0.000 2.938 1.00 0.0000000000 0.0000000000 0.9948259058 0.1015943759 True True True False
Pedestrian 0.00 3 -1 1633.06 453.51 1679.33 608.94 1.69 0.34 0.31 -3.98 1.08 26.95 0.024 0.000 0.000 1.595 1.00 0.0000000000 0.0000000000 0.7157019034 0.6984058888 True True True True
Pedestrian 0.00 2 -1 1876.31 452.99 1920.00 630.44 -1.00 -1.00 -1.00 -1000.00 -1000.00 -1000.00 -1.000 -1.000 -1.000 -1.000 1.00 -1000.0000000000 -1000.0000000000 -1000.0000000000 -1000.0000000000 True True False False
Pedestrian 0.00 -1 -1 1554.21 464.93 1588.13 562.38 -1.00 -1.00 -1.00 -1000.00 -1000.00 -1000.00 -1.000 -1.000 -1.000 -1.000 1.00 -1000.0000000000 -1000.0000000000 -1000.0000000000 -1000.0000000000 -1 -1 -1 -1
