PassengerCar 0.16 0 -1 0.00 551.87 446.63 769.92 1.27 2.04 4.51 -5.00 1.56 15.56 -4.689 0.000 -0.007 -3.119 1.00 -0.0034660802 -0.0001262759 -0.9999274061 0.0115391843 True True True False
PassengerCar 0.00 1 -1 328.02 531.68 553.25 701.61 1.34 1.19 3.62 -4.71 1.56 20.66 1.555 -0.000 0.001 3.126 1.00 -0.0003095376 -0.0000060793 0.9999681363 0.0079768788 True True True False
PassengerCar 0.00 1 -1 443.66 534.85 632.22 669.42 1.31 1.45 3.73 -4.75 1.61 25.23 1.530 0.000 0.000 3.101 1.00 0.0000000000 0.0000000000 0.9997918794 0.0204009286 True True True False
PassengerCar 0.00 1 -1 524.88 517.60 692.17 653.05 1.57 1.50 4.08 -4.77 1.72 30.05 1.553 0.026 0.000 3.124 1.00 -0.0001154814 0.0129318240 0.9998765058 0.0089290368 True True True False
PassengerCar 0.00 2 -1 568.54 533.19 725.33 631.38 1.34 1.77 4.10 -4.95 1.72 34.64 1.555 0.000 0.000 3.126 1.00 0.0000000000 0.0000000000 0.9999688015 0.0078991200 True True True False
PassengerCar 0.00 3 -1 600.86 531.29 738.11 626.27 1.46 1.80 4.26 -5.19 1.86 38.87 1.542 0.000 0.000 3.113 1.00 0.0000000000 0.0000000000 0.9998975475 0.0143141380 True True True False
PassengerCar 0.00 0 -1 902.34 513.32 1064.23 640.45 1.44 1.84 4.13 -0.04 1.53 27.16 -1.571 0.012 0.004 0.000 1.00 0.0060272964 0.0020637812 -0.0000124393 0.9999797060 True True True False
PassengerCar 0.00 0 -1 1420.68 483.47 1856.26 817.57 1.50 1.49 2.70 3.06 1.39 11.52 -1.517 -0.003 0.000 0.054 1.00 -0.0012682281 -0.0000193092 0.0271325455 0.9996310400 True True True False
PassengerCar 0.00 2 -1 1274.55 469.80 1690.05 743.78 1.51 1.90 4.05 3.07 1.34 15.13 -1.607 0.034 0.002 -0.036 1.00 0.0169670480 0.0004750295 -0.0179508666 0.9996947834 True True True False
PassengerCar 0.00 3 -1 1204.06 514.64 1556.75 692.67 1.37 1.54 2.63 3.19 1.44 19.37 -0.039 0.012 -0.000 1.531 1.00 0.0044946586 0.0041767049 0.6930576916 0.7208560115 True True True False
PassengerCar 0.00 3 -1 1175.36 507.50 1392.38 669.56 1.47 1.78 3.95 2.90 1.48 22.83 -1.594 -0.014 -0.001 -0.023 1.00 -0.0068773436 -0.0004022587 -0.0116161910 0.9999087981 True True True True
PassengerCar 0.00 3 -1 1163.62 525.80 1341.04 654.15 1.47 1.76 3.85 3.18 1.69 29.03 -1.568 0.000 0.000 0.002 1.00 0.0000000000 0.0000000000 0.0011538645 0.9999993343 True True True True
PassengerCar 0.00 3 -1 1125.10 522.68 1277.60 622.27 1.33 1.72 4.18 3.03 1.64 34.05 -1.586 0.000 -0.008 -0.016 1.00 0.0001871806 -0.0037788956 -0.0078126348 0.9999623231 True True True False
PassengerCar 0.00 3 -1 1103.86 525.58 1227.55 601.59 1.34 1.82 4.15 2.97 1.63 40.02 -1.573 0.000 0.000 -0.002 1.00 0.0000000000 0.0000000000 -0.0009907359 0.9999995092 True True True True
PassengerCar 0.00 1 -1 847.52 530.88 942.71 602.97 1.43 1.77 4.04 -1.90 1.92 49.24 -4.698 0.000 0.000 -3.127 1.00 0.0000000000 0.0000000000 -0.9999729542 0.0073546525 True True True False
PassengerCar 0.00 3 -1 692.21 532.66 787.48 611.60 1.41 1.72 3.88 -4.70 1.86 43.49 -4.688 0.000 0.000 -3.117 1.00 0.0000000000 0.0000000000 -0.9999230061 0.0124089469 True True True False
PassengerCar 0.00 3 -1 718.39 527.22 806.40 601.48 1.42 1.72 4.08 -4.85 1.93 49.75 -4.707 0.000 0.000 -3.136 1.00 0.0000000000 0.0000000000 -0.9999959179 0.0028573016 True True True False
PassengerCar 0.00 1 -1 793.21 546.65 858.37 591.11 1.26 1.58 4.16 -4.80 2.42 70.10 -4.694 -0.000 -0.004 -3.124 1.00 -0.0018337485 0.0001770987 -0.9999578399 0.0089958000 True True True False
PassengerCar 0.00 2 -1 1068.70 529.79 1161.70 594.48 1.37 1.72 4.08 2.79 1.86 52.43 -1.602 0.000 0.000 -0.032 1.00 0.0000000000 0.0000000000 -0.0158071980 0.9998750584 True True True False
Obstacle 0.00 3 -1 1674.45 440.51 1760.37 710.76 1.75 0.53 0.53 4.83 1.32 15.59 -4.421 0.000 0.000 -2.850 1.00 0.0000000000 0.0000000000 -0.9893848603 0.1453189530 True False True False
Obstacle 0.00 2 -1 1584.05 425.46 1633.17 614.39 1.72 0.49 0.47 7.11 0.80 27.07 -2.944 0.001 -0.008 -1.373 1.00 -0.0020379796 -0.0036356339 -0.6337486166 0.7735278403 True True True True
Obstacle 0.00 3 -1 1280.89 483.55 1323.03 621.30 1.87 0.50 0.50 3.98 1.65 31.58 -1.567 0.000 0.000 0.004 1.00 0.0000000000 0.0000000000 0.0020729667 0.9999978514 True False True True
Obstacle 0.00 3 -1 1316.54 484.30 1358.17 621.10 1.88 0.50 0.50 5.52 1.46 37.27 -1.571 0.000 0.000 0.000 1.00 0.0000000000 0.0000000000 0.0000000000 1.0000000000 True False True True
Obstacle 0.00 3 -1 1332.67 479.31 1369.61 618.71 1.74 0.45 0.60 5.00 1.29 32.22 -1.556 0.000 0.000 0.014 1.00 0.0000000000 0.0000000000 0.0071955667 0.9999741116 True False True True
Obstacle 0.00 3 -1 1366.00 476.00 1462.00 612.00 1.82 1.10 1.13 5.80 1.40 32.11 -1.577 0.000 0.000 -0.007 1.00 0.0000000000 0.0000000000 -0.0033285031 0.9999944605 True False True True
Obstacle 0.00 3 -1 1290.00 478.00 1336.00 610.00 1.83 0.56 0.67 4.55 1.42 32.91 -1.536 0.000 0.000 0.035 1.00 0.0000000000 0.0000000000 0.0174524054 0.9998476952 True False True True
Pedestrian 0.00 1 -1 86.11 469.86 158.99 637.44 1.58 0.54 0.45 -8.28 1.23 22.53 1.474 -0.006 -0.001 3.045 1.00 0.0001410919 -0.0029168373 0.9988278937 0.0483147080 True False True False
Pedestrian 0.26 0 -1 1792.05 444.49 1920.00 775.54 1.62 0.73 0.62 4.40 1.27 11.69 -4.449 0.017 0.034 -2.878 1.00 0.0180853660 -0.0063017593 -0.9911604809 0.1312787438 True False True False
Pedestrian 0.60 2 -1 1869.98 431.15 1920.00 718.50 1.77 0.55 0.48 5.66 1.31 14.14 -1.371 0.027 0.029 0.200 1.00 0.0119127007 0.0157832492 0.0995743992 0.9948336120 True False True True
Pedestrian_is_group 0.00 3 -1 1183.98 495.84 1274.61 591.54 1.65 1.44 1.03 4.11 1.46 40.44 -1.516 0.000 0.000 0.055 1.00 0.0000000000 0.0000000000 0.0274728981 0.9996225487 True False True False
