PassengerCar 0.00 3 -1 969.84 497.12 1072.81 564.15 1.51 1.83 4.31 0.63 1.26 58.16 -4.629 0.000 0.000 -3.058 1.00 0.0000000000 0.0000000000 -0.9991311207 0.0416773753 True True True False
PassengerCar 0.00 1 -1 1045.85 499.32 1141.98 580.23 1.50 1.81 4.23 1.90 1.36 45.44 -4.629 -0.001 -0.012 -3.059 1.00 -0.0058228426 0.0002420160 -0.9991204050 0.0415265250 True True True False
PassengerCar 0.00 3 -1 1639.55 518.99 1726.51 584.24 -1.00 -1.00 -1.00 -1000.00 -1000.00 -1000.00 -1.000 -1.000 -1.000 -1.000 1.00 -1000.0000000000 -1000.0000000000 -1000.0000000000 -1000.0000000000 True False False False
PassengerCar 0.00 1 -1 1720.24 505.57 1821.07 589.85 1.50 1.87 4.19 16.87 1.52 50.77 -1.363 0.000 0.000 0.208 1.00 0.0000000000 0.0000000000 0.1039581063 0.9945816770 True False True False
PassengerCar 0.00 1 -1 1431.17 500.25 1500.07 535.54 -1.00 -1.00 -1.00 -1000.00 -1000.00 -1000.00 -1.000 -1.000 -1.000 -1.000 1.00 -1000.0000000000 -1000.0000000000 -1000.0000000000 -1000.0000000000 True True False False
PassengerCar 0.00 3 -1 1112.71 502.20 1182.52 542.84 -1.00 -1.00 -1.00 -1000.00 -1000.00 -1000.00 -1.000 -1.000 -1.000 -1.000 1.00 -1000.0000000000 -1000.0000000000 -1000.0000000000 -1000.0000000000 True True False False
Obstacle 0.18 3 -1 0.00 447.66 46.58 592.81 1.66 0.48 0.48 -11.18 0.98 27.18 1.563 0.000 0.000 3.134 1.00 0.0000000000 0.0000000000 0.9999922649 0.0039332009 True False True True
Pedestrian 0.00 0 -1 1644.32 493.02 1733.28 656.51 1.74 0.52 0.82 7.27 1.57 24.30 0.003 0.000 0.000 1.573 1.00 0.0000000000 0.0000000000 0.7080396839 0.7061726460 True False True False
Pedestrian 0.00 0 -1 1718.74 494.33 1786.39 654.23 1.60 0.45 0.49 7.73 1.49 23.70 0.007 -0.001 0.000 1.578 1.00 -0.0004586236 -0.0004619874 0.7096855707 0.7045182517 True False True False
Pedestrian 0.00 1 -1 1535.90 469.17 1580.59 607.99 1.54 0.57 0.38 6.48 1.11 26.66 0.055 0.000 0.000 1.626 1.00 0.0000000000 0.0000000000 0.7262373819 0.6874440087 True False True False
Pedestrian_is_group 0.00 1 -1 1479.27 482.65 1539.10 616.55 1.43 0.43 0.73 5.84 1.16 25.89 -0.082 0.004 0.000 1.489 1.00 0.0015704417 0.0014579360 0.6774797170 0.7355383343 True True True False
Pedestrian 0.00 0 -1 1248.61 471.28 1318.19 630.08 1.77 0.65 0.57 3.39 1.36 26.59 -0.061 0.000 0.000 1.509 1.00 0.0000000000 0.0000000000 0.6850368453 0.7285084218 True True True True
Pedestrian 0.00 0 -1 1174.63 471.72 1258.67 633.21 1.71 0.50 0.84 2.49 1.33 25.55 -3.170 0.000 0.000 -1.599 1.00 0.0000000000 0.0000000000 -0.7170103306 0.6970625408 True True True False
Pedestrian 0.00 0 -1 1072.46 467.10 1161.27 632.70 1.74 0.65 0.83 1.39 1.32 25.11 -3.136 0.000 0.000 -1.565 1.00 0.0000000000 0.0000000000 -0.7052216558 0.7089868942 True True True False
Pedestrian 0.00 1 -1 1155.34 475.09 1231.42 622.12 1.89 0.61 0.78 2.46 1.46 27.83 -3.184 -0.013 -0.000 -1.613 1.00 -0.0046790433 0.0046826217 -0.7219986281 0.6918628192 True True True False
Pedestrian 0.00 0 -1 1026.86 455.44 1081.03 623.78 1.79 0.41 0.54 0.69 1.25 25.63 -3.151 0.000 0.000 -1.580 1.00 0.0000000000 0.0000000000 -0.7104779869 0.7037194258 True True True False
Pedestrian 0.00 0 -1 920.49 474.17 1000.39 628.89 1.64 0.69 0.83 -0.30 1.28 24.89 -3.143 0.000 0.000 -1.573 1.00 0.0000000000 0.0000000000 -0.7077710757 0.7064418620 True True True False
Pedestrian 0.00 0 -1 854.58 452.81 905.41 628.08 1.86 0.52 0.45 -1.14 1.27 25.36 -3.144 0.000 0.000 -1.573 1.00 0.0000000000 0.0000000000 -0.7079667579 0.7062457573 True True True False
Pedestrian 0.00 0 -1 788.49 462.28 848.13 622.86 1.79 0.53 0.59 -1.88 1.26 26.36 -3.147 0.000 0.000 -1.576 1.00 0.0000000000 0.0000000000 -0.7090829534 0.7051250706 True True True False
Pedestrian 0.00 0 -1 710.74 463.68 767.82 618.82 1.79 0.45 0.59 -2.84 1.26 27.20 -3.063 0.000 0.000 -1.492 1.00 0.0000000000 0.0000000000 -0.6787360119 0.7343823433 True True True False
Pedestrian 0.00 0 -1 683.38 466.75 724.72 613.96 1.72 0.39 0.48 -3.40 1.23 28.18 -3.148 0.000 0.000 -1.577 1.00 0.0000000000 0.0000000000 -0.7092281440 0.7049790350 True True True False
Pedestrian 0.00 1 -1 213.92 453.99 280.35 599.86 1.63 0.46 0.69 -8.17 1.06 25.92 -3.512 0.000 0.000 -1.941 1.00 0.0000000000 0.0000000000 -0.8252315368 0.5647945739 True False True False
Pedestrian 0.00 1 -1 163.54 439.03 258.37 594.61 1.72 0.75 0.92 -8.78 0.96 26.60 -3.536 0.000 0.000 -1.965 1.00 0.0000000000 0.0000000000 -0.8320020611 0.5547725393 True False True False
Pedestrian 0.00 0 -1 899.98 471.29 937.15 586.85 1.65 0.62 0.63 -0.96 1.13 33.97 1.517 0.000 0.000 3.088 1.00 0.0000000000 0.0000000000 0.9996417597 0.0267647595 True True True False
Pedestrian 0.00 3 -1 1178.96 478.68 1225.83 613.55 1.67 0.52 0.58 2.62 1.32 28.52 -3.113 0.000 0.000 -1.542 1.00 0.0000000000 0.0000000000 -0.6968379766 0.7172285789 True True True False
