PassengerCar 0.92 0 -1 1891.38 511.24 1920.00 713.70 1.36 1.60 3.36 8.23 1.40 18.06 -1.484 0.000 0.000 0.087 1.00 0.0000000000 0.0000000000 0.0434892200 0.9990538963 True False True False
PassengerCar 0.47 1 -1 1747.70 512.24 1920.00 672.66 1.37 1.80 4.31 8.87 1.46 23.09 -1.492 0.000 0.000 0.079 1.00 0.0000000000 0.0000000000 0.0392558033 0.9992291939 True False True False
PassengerCar 0.00 0 -1 1433.15 525.05 1602.73 645.64 1.43 1.73 4.20 6.68 1.71 30.07 -1.440 -0.006 -0.034 0.131 1.00 -0.0016319539 -0.0171619780 0.0654170251 0.9977090839 True True True False
PassengerCar 0.15 2 -1 1692.13 528.81 1920.00 622.75 1.32 1.66 3.35 12.23 1.65 34.50 -0.358 -0.004 -0.017 1.213 1.00 0.0031081434 -0.0081644311 0.5700114595 0.8215902979 True False True False
PassengerCar 0.00 2 -1 1610.41 521.35 1830.47 615.61 1.45 1.80 4.00 12.86 1.65 41.24 -0.547 0.000 0.000 1.023 1.00 0.0000000000 0.0000000000 0.4896980595 0.8718920865 True False True False
PassengerCar 0.00 0 -1 1198.67 517.05 1294.96 599.80 1.65 1.85 4.20 5.54 1.91 50.52 -1.491 0.000 -0.015 0.080 1.00 0.0003035856 -0.0076069143 0.0398762703 0.9991756231 True True True False
PassengerCar 0.00 2 -1 1279.30 526.89 1339.40 564.26 -1.00 -1.00 -1.00 -1000.00 -1000.00 -1000.00 -1.000 -1.000 -1.000 -1.000 1.00 -1000.0000000000 -1000.0000000000 -1000.0000000000 -1000.0000000000 True True False False
PassengerCar 0.00 0 -1 1323.06 519.39 1407.35 593.32 1.69 1.81 4.10 8.69 2.00 54.54 -1.439 0.000 -0.020 0.132 1.00 0.0006573589 -0.0099618553 0.0658411170 0.9977801745 True True True False
PassengerCar 0.00 2 -1 1004.87 525.33 1044.29 551.19 -1.00 -1.00 -1.00 -1000.00 -1000.00 -1000.00 -1.000 -1.000 -1.000 -1.000 1.00 -1000.0000000000 -1000.0000000000 -1000.0000000000 -1000.0000000000 True True False False
PassengerCar 0.00 1 -1 1027.66 525.33 1087.66 551.93 -1.00 -1.00 -1.00 -1000.00 -1000.00 -1000.00 -1.000 -1.000 -1.000 -1.000 1.00 -1000.0000000000 -1000.0000000000 -1000.0000000000 -1000.0000000000 True True False False
PassengerCar 0.00 1 -1 1083.92 522.38 1136.00 557.73 -1.00 -1.00 -1.00 -1000.00 -1000.00 -1000.00 -1.000 -1.000 -1.000 -1.000 1.00 -1000.0000000000 -1000.0000000000 -1000.0000000000 -1000.0000000000 True True False False
PassengerCar 0.00 0 -1 1119.91 514.37 1154.59 558.56 -1.00 -1.00 -1.00 -1000.00 -1000.00 -1000.00 -1.000 -1.000 -1.000 -1.000 1.00 -1000.0000000000 -1000.0000000000 -1000.0000000000 -1000.0000000000 True True False False
PassengerCar 0.00 2 -1 306.80 550.09 349.47 581.60 -1.00 -1.00 -1.00 -1000.00 -1000.00 -1000.00 -1.000 -1.000 -1.000 -1.000 1.00 -1000.0000000000 -1000.0000000000 -1000.0000000000 -1000.0000000000 True False False False
PassengerCar 0.00 1 -1 453.22 544.73 532.71 574.07 -1.00 -1.00 -1.00 -1000.00 -1000.00 -1000.00 -1.000 -1.000 -1.000 -1.000 1.00 -1000.0000000000 -1000.0000000000 -1000.0000000000 -1000.0000000000 True False False False
PassengerCar 0.00 0 -1 493.34 545.27 626.16 589.68 -1.00 -1.00 -1.00 -1000.00 -1000.00 -1000.00 -1.000 -1.000 -1.000 -1.000 1.00 -1000.0000000000 -1000.0000000000 -1000.0000000000 -1000.0000000000 True True False False
PassengerCar 0.00 0 -1 35.52 558.50 223.62 648.44 1.46 1.80 4.10 -14.66 2.17 40.53 -4.677 -0.001 -0.049 -3.106 1.00 -0.0242750773 -0.0000828456 -0.9995478440 0.0177432057 True False True False
PassengerCar 0.00 2 -1 126.66 558.34 264.85 626.62 1.28 1.39 3.14 -15.85 2.31 47.26 -4.582 0.000 0.000 -3.012 1.00 0.0000000000 0.0000000000 -0.9978873026 0.0649686952 True False True False
PassengerCar 0.00 1 -1 12.97 566.04 65.83 620.31 -1.00 -1.00 -1.00 -1000.00 -1000.00 -1000.00 -1.000 -1.000 -1.000 -1.000 1.00 -1000.0000000000 -1000.0000000000 -1000.0000000000 -1000.0000000000 True False False False
PassengerCar 0.00 0 -1 713.49 536.28 763.30 573.89 -1.00 -1.00 -1.00 -1000.00 -1000.00 -1000.00 -1.000 -1.000 -1.000 -1.000 1.00 -1000.0000000000 -1000.0000000000 -1000.0000000000 -1000.0000000000 False False False False
DontCare 0.00 -1 -1 350.61 540.86 479.90 577.57 -1.00 -1.00 -1.00 -1000.00 -1000.00 -1000.00 -1.000 -1.000 -1.000 -1.000 1.00 -1000.0000000000 -1000.0000000000 -1000.0000000000 -1000.0000000000 False False False False
