PassengerCar 0.00 0 -1 443.00 290.00 545.00 364.00 1.39 1.95 3.94 -3.50 2.03 47.63 1.531 -0.001 0.012 3.102 1.00 -0.0057785884 -0.0001479277 0.9997862104 0.0198524422 True True True False
PassengerCar 0.00 3 -1 477.00 276.00 558.00 350.00 1.71 1.84 4.21 -3.68 2.12 57.61 1.551 -0.000 0.010 3.122 1.00 -0.0050813240 -0.0000497874 0.9999390912 0.0097975238 True True True False
DontCare 0.00 -1 -1 416.60 274.21 454.25 318.70 -1.00 -1.00 -1.00 -1000.00 -1000.00 -1000.00 -1.000 -1.000 -1.000 -1.000 1.00 -1000.0000000000 -1000.0000000000 -1000.0000000000 -1000.0000000000 False False False False
Vehicle 0.00 0 -1 680.63 287.56 720.71 309.36 -1.00 -1.00 -1.00 -1000.00 -1000.00 -1000.00 -1.000 -1.000 -1.000 -1.000 1.00 -1000.0000000000 -1000.0000000000 -1000.0000000000 -1000.0000000000 True True False True
Vehicle 0.00 0 -1 753.71 293.10 782.76 315.68 -1.00 -1.00 -1.00 -1000.00 -1000.00 -1000.00 -1.000 -1.000 -1.000 -1.000 1.00 -1000.0000000000 -1000.0000000000 -1000.0000000000 -1000.0000000000 True True False True
LargeVehicle 0.00 0 -1 559.95 239.85 649.35 324.91 -1.00 -1.00 -1.00 -1000.00 -1000.00 -1000.00 -1.000 -1.000 -1.000 -1.000 1.00 -1000.0000000000 -1000.0000000000 -1000.0000000000 -1000.0000000000 True True False False
Obstacle 1.00 0 -1 0.00 286.00 0.00 298.00 1.50 1.90 1.00 -118.36 4.51 280.10 -1.571 0.000 0.000 0.000 1.00 0.0000000000 0.0000000000 0.0000000000 1.0000000000 True True False True
Pedestrian 1.00 3 -1 0.00 250.00 0.00 365.00 1.77 0.84 0.50 -13.08 1.62 36.42 1.485 0.014 0.001 3.056 1.00 -0.0003084470 0.0071486282 0.9990600431 0.0427531555 True False True False
Pedestrian 0.00 0 -1 44.00 254.00 91.00 398.00 1.71 0.48 0.31 -7.20 1.63 27.86 -4.695 -0.003 0.000 -3.125 1.00 0.0000115589 0.0013634060 -0.9999631342 0.0084776959 True True True False
Pedestrian 0.00 0 -1 120.00 263.00 170.00 405.00 1.61 0.43 0.58 -5.97 1.64 26.57 -4.694 0.000 0.000 -3.123 1.00 0.0000000000 0.0000000000 -0.9999586593 0.0090928388 True True True False
Pedestrian 0.00 0 -1 165.00 251.00 228.00 413.00 1.81 0.60 0.50 -5.30 1.70 26.18 -4.677 -0.000 -0.005 -3.106 1.00 -0.0027249702 0.0000485803 -0.9998374077 0.0178249934 True True True False
Pedestrian 0.05 2 -1 287.00 269.00 313.00 331.00 1.65 0.61 0.58 -9.82 1.87 62.13 -1.571 0.000 0.000 0.000 1.00 0.0000000000 0.0000000000 0.0000000000 1.0000000000 True True True True
Pedestrian 0.00 2 -1 221.00 269.00 253.00 333.00 1.71 0.74 0.69 -11.42 1.92 61.68 -1.571 0.000 0.000 0.000 1.00 0.0000000000 0.0000000000 0.0000000000 1.0000000000 True True True True
Pedestrian 0.00 0 -1 1229.00 244.00 1264.00 339.00 1.76 0.46 0.62 10.86 1.46 43.54 1.464 0.000 0.000 3.035 1.00 0.0000000000 0.0000000000 0.9985814600 0.0532453543 True True True True
Pedestrian_is_group 1.00 3 -1 1280.00 237.00 1280.00 339.00 1.78 0.57 0.98 12.99 1.37 40.82 -3.781 0.006 0.002 -2.210 1.00 0.0022895185 -0.0021306277 -0.8935317104 0.4489891993 True False True False
