PassengerCar 0.72 0 -1 0.00 183.00 142.00 512.00 1.54 2.11 4.85 -4.24 1.24 13.43 -1.746 0.003 -0.019 -0.175 1.00 0.0008258277 -0.0094213479 -0.0873162447 0.9961357486 True True True False
PassengerCar 0.54 3 -1 0.00 253.00 215.00 396.00 1.41 1.89 4.40 -7.18 1.34 24.50 -2.786 0.000 0.000 -1.215 1.00 0.0000000000 0.0000000000 -0.5707496939 0.8211240996 True True True False
PassengerCar 0.14 3 -1 0.00 259.00 241.00 355.00 1.51 1.81 4.21 -9.32 1.50 38.32 -2.728 0.000 0.000 -1.158 1.00 0.0000000000 0.0000000000 -0.5470176107 0.8371210985 True True True False
PassengerCar 0.00 3 -1 509.00 267.00 672.00 376.00 1.55 1.82 3.80 -1.22 1.65 35.37 -1.785 -0.002 0.008 -0.214 1.00 -0.0004271809 0.0039796388 -0.1067276499 0.9942802365 True True True False
PassengerCar 0.00 1 -1 278.00 273.00 649.00 388.00 1.38 1.89 4.33 -2.61 1.61 29.85 -3.617 -0.017 -0.023 -2.046 1.00 -0.0141479989 0.0013160996 -0.8535834024 0.5207624000 True True True False
PassengerCar 0.00 2 -1 576.00 270.00 815.00 420.00 1.42 1.85 3.98 0.20 1.60 24.60 -1.732 0.022 -0.027 -0.162 1.00 0.0100201608 -0.0141393930 -0.0806036225 0.9965955699 True True True False
PassengerCar 0.00 0 -1 643.00 253.00 952.00 449.00 1.35 1.81 3.99 0.98 1.44 19.78 -1.703 0.082 -0.018 -0.133 1.00 0.0403694718 -0.0116709720 -0.0658021747 0.9969474249 True True True False
PassengerCar 0.99 3 -1 1239.00 93.00 1280.00 720.00 1.49 1.81 4.22 2.79 1.34 4.78 -1.671 0.001 -0.008 -0.101 1.00 0.0002078086 -0.0041292715 -0.0502616806 0.9987275251 True False True False
PassengerCar 0.00 3 -1 82.00 268.00 264.00 339.00 1.59 1.74 3.75 -11.38 1.76 53.53 -2.801 0.000 0.000 -1.230 1.00 0.0000000000 0.0000000000 -0.5769359507 0.8167893907 True True True False
Obstacle 0.00 0 -1 252.76 272.54 275.33 319.86 -1.00 -1.00 -1.00 -1000.00 -1000.00 -1000.00 -1.000 -1.000 -1.000 -1.000 1.00 -1000.0000000000 -1000.0000000000 -1000.0000000000 -1000.0000000000 False True False True
