PassengerCar 0.81 0 -1 0.00 276.00 235.00 720.00 1.52 1.83 4.35 -3.54 1.60 9.38 -4.453 -0.002 -0.008 -2.882 1.00 -0.0043319613 0.0005648826 -0.9915955127 0.1293029554 True True True False
PassengerCar 0.00 1 -1 65.00 325.00 582.00 587.00 1.32 1.64 3.72 -1.92 1.75 14.12 -4.409 0.012 -0.013 -2.838 1.00 -0.0057636578 -0.0067999948 -0.9884932798 0.1510019076 True True True False
PassengerCar 0.00 0 -1 687.00 341.00 937.00 482.00 1.37 1.81 4.19 1.75 2.36 26.63 -4.388 0.020 -0.009 -2.817 1.00 -0.0028171185 -0.0103437472 -0.9867732289 0.1617518639 True True True False
PassengerCar 0.00 1 -1 842.00 353.00 986.00 468.00 1.37 1.48 2.97 3.40 2.69 31.68 -4.439 0.001 0.001 -2.868 1.00 0.0004861029 -0.0004949894 -0.9906792085 0.1362138926 True True True False
PassengerCar 0.00 2 -1 923.00 367.00 1032.00 453.00 1.21 1.35 2.94 4.95 2.94 36.85 -4.450 -0.002 -0.006 -2.880 1.00 -0.0032406656 0.0004405075 -0.9914303060 0.1305957598 True True True False
PassengerCar 0.00 2 -1 988.00 356.00 1086.00 445.00 1.45 1.42 3.38 6.85 3.27 42.85 -4.446 -0.000 -0.001 -2.875 1.00 -0.0005116714 -0.0000233203 -0.9911514664 0.1327347288 True True True False
PassengerCar 0.00 3 -1 922.00 357.00 1114.00 441.00 1.54 1.72 3.64 7.03 3.51 46.48 0.251 0.000 0.000 1.822 1.00 0.0000000000 0.0000000000 0.7900622169 0.6130266661 True True True False
PassengerCar_is_group 0.00 3 -1 1038.00 354.00 1142.00 421.00 1.38 1.90 4.64 9.35 3.47 51.12 -4.456 -0.010 -0.042 -2.886 1.00 -0.0215126451 0.0024309573 -0.9916043182 0.1274840099 True True True False
PassengerCar 0.94 3 -1 1274.00 352.00 1280.00 430.00 1.42 1.89 4.12 13.33 3.33 47.24 -1.321 -0.004 -0.011 0.250 1.00 -0.0015156312 -0.0056658226 0.1244427025 0.9922094613 True False True False
PassengerCar 1.00 3 -1 1280.00 299.00 1280.00 563.00 1.51 1.77 4.09 6.49 1.78 15.49 -1.310 0.004 -0.015 0.260 1.00 0.0031169666 -0.0073874662 0.1298262758 0.9915043358 True False True False
PassengerCar 1.00 3 -1 1280.00 340.00 1280.00 512.00 1.35 1.85 3.93 7.86 2.05 20.52 -1.301 -0.005 -0.024 0.269 1.00 -0.0009131463 -0.0122686335 0.1342888064 0.9908658654 True False True False
PassengerCar_is_group 1.00 3 -1 1280.00 314.00 1280.00 485.00 1.71 1.92 12.03 10.69 2.47 29.18 -1.290 -0.007 -0.031 0.281 1.00 -0.0012179722 -0.0158456339 0.1397964232 0.9900527221 True False True False
PassengerCar 0.00 1 -1 1171.69 370.25 1217.47 411.99 -1.00 -1.00 -1.00 -1000.00 -1000.00 -1000.00 -1.000 -1.000 -1.000 -1.000 1.00 -1000.0000000000 -1000.0000000000 -1000.0000000000 -1000.0000000000 True True False False
Obstacle 0.00 3 -1 19.00 260.00 97.00 492.00 1.52 0.57 0.46 -4.07 1.52 15.53 -0.334 0.000 0.000 1.237 1.00 0.0000000000 0.0000000000 0.5797839834 0.8147702330 True False True False
Obstacle 0.00 3 -1 115.00 286.00 156.00 451.00 1.40 0.33 0.53 -4.57 1.61 19.95 -1.821 0.000 0.000 -0.250 1.00 0.0000000000 0.0000000000 -0.1245756126 0.9922101172 True True True False
Obstacle 0.00 3 -1 320.00 307.00 373.00 452.00 1.60 0.59 0.63 -3.63 2.13 26.23 1.428 0.000 0.000 2.999 1.00 0.0000000000 0.0000000000 0.9974673917 0.0711252588 True True True False
Obstacle 0.00 3 -1 463.00 312.00 513.00 447.00 1.57 0.58 0.56 -2.12 2.18 27.46 1.494 0.000 0.000 3.064 1.00 0.0000000000 0.0000000000 0.9992565798 0.0385524029 True True True False
Obstacle 0.00 3 -1 877.00 323.00 905.00 422.00 1.77 0.48 0.65 4.06 2.91 42.16 -4.569 0.000 0.000 -2.999 1.00 0.0000000000 0.0000000000 -0.9974485381 0.0713891713 True True True False
Obstacle 0.06 3 -1 849.00 341.00 868.00 424.00 1.49 0.30 0.59 3.48 2.96 42.25 -4.572 0.000 0.000 -3.002 1.00 0.0000000000 0.0000000000 -0.9975493521 0.0699663494 True True True False
Obstacle 0.00 3 -1 1170.18 369.37 1184.11 405.28 -1.00 -1.00 -1.00 -1000.00 -1000.00 -1000.00 -1.000 -1.000 -1.000 -1.000 1.00 -1000.0000000000 -1000.0000000000 -1000.0000000000 -1000.0000000000 True True False True
Pedestrian 0.00 0 -1 1137.00 355.00 1164.00 430.00 1.74 0.60 0.59 11.47 4.00 55.14 -2.966 0.000 0.000 -1.395 1.00 0.0000000000 0.0000000000 -0.6423786005 0.7663874566 True True True True
Pedestrian 0.00 0 -1 1219.00 344.00 1250.00 422.00 1.80 0.52 0.66 13.25 3.76 54.24 -2.943 0.002 0.000 -1.372 1.00 0.0009772086 -0.0007310295 -0.6335968604 0.7736624129 True True True False
Pedestrian 0.00 0 -1 1209.00 341.00 1241.00 420.00 1.84 0.57 0.54 13.21 3.76 55.03 -3.340 0.000 0.000 -1.769 1.00 0.0000000000 0.0000000000 -0.7735822430 0.6336959155 True True True False
Pedestrian 0.00 2 -1 545.00 320.00 582.00 445.00 1.64 0.64 0.47 -1.38 2.44 30.94 -0.076 0.000 0.000 1.495 1.00 0.0000000000 0.0000000000 0.6797491367 0.7334446885 True True True False
Pedestrian 0.00 1 -1 735.00 302.00 769.00 423.00 2.07 0.58 0.57 1.46 2.79 40.13 0.020 0.000 0.000 1.591 1.00 0.0000000000 0.0000000000 0.7141898557 0.6999520341 True True True False
