PassengerCar 1.00 3 -1 1280.00 290.00 1280.00 490.00 1.36 1.60 3.36 8.43 1.60 17.88 -1.484 0.000 0.000 0.087 1.00 0.0000000000 0.0000000000 0.0434892200 0.9990538963 True False True False
PassengerCar 1.00 3 -1 1280.00 294.00 1280.00 452.00 1.37 1.80 4.31 9.16 1.72 22.90 -1.492 0.000 0.000 0.079 1.00 0.0000000000 0.0000000000 0.0392558033 0.9992291939 True False True False
PassengerCar 0.19 0 -1 1138.00 302.00 1280.00 422.00 1.43 1.73 4.20 7.09 2.01 29.92 -1.440 -0.006 -0.034 0.131 1.00 -0.0016319539 -0.0171619780 0.0654170251 0.9977090839 True True True False
PassengerCar 1.00 3 -1 1280.00 308.00 1280.00 402.00 1.32 1.66 3.35 12.72 2.03 34.25 -0.358 -0.004 -0.017 1.213 1.00 0.0031081434 -0.0081644311 0.5700114595 0.8215902979 True False True False
PassengerCar 1.00 3 -1 1280.00 297.00 1280.00 384.00 1.45 1.80 4.00 13.46 2.10 40.98 -0.547 0.000 0.000 1.023 1.00 0.0000000000 0.0000000000 0.4896980595 0.8718920865 True False True False
PassengerCar 0.00 0 -1 912.00 294.00 1008.00 373.00 1.65 1.85 4.20 6.31 2.38 50.38 -1.491 0.000 -0.015 0.080 1.00 0.0003035856 -0.0076069143 0.0398762703 0.9991756231 True True True False
PassengerCar 0.00 2 -1 993.05 297.33 1051.83 339.40 -1.00 -1.00 -1.00 -1000.00 -1000.00 -1000.00 -1.000 -1.000 -1.000 -1.000 1.00 -1000.0000000000 -1000.0000000000 -1000.0000000000 -1000.0000000000 True True False False
PassengerCar 0.00 0 -1 1033.00 296.00 1120.00 371.00 1.69 1.81 4.10 9.53 2.54 54.34 -1.439 0.000 -0.020 0.132 1.00 0.0006573589 -0.0099618553 0.0658411170 0.9977801745 True True True False
PassengerCar 0.00 2 -1 715.50 301.49 768.06 322.11 -1.00 -1.00 -1.00 -1000.00 -1000.00 -1000.00 -1.000 -1.000 -1.000 -1.000 1.00 -1000.0000000000 -1000.0000000000 -1000.0000000000 -1000.0000000000 True True False False
PassengerCar 0.00 1 -1 765.55 297.14 809.53 323.63 -1.00 -1.00 -1.00 -1000.00 -1000.00 -1000.00 -1.000 -1.000 -1.000 -1.000 1.00 -1000.0000000000 -1000.0000000000 -1000.0000000000 -1000.0000000000 True True False False
PassengerCar 0.00 1 -1 803.30 292.88 846.66 326.27 -1.00 -1.00 -1.00 -1000.00 -1000.00 -1000.00 -1.000 -1.000 -1.000 -1.000 1.00 -1000.0000000000 -1000.0000000000 -1000.0000000000 -1000.0000000000 True True False False
PassengerCar 0.00 0 -1 834.52 284.50 870.11 327.82 -1.00 -1.00 -1.00 -1000.00 -1000.00 -1000.00 -1.000 -1.000 -1.000 -1.000 1.00 -1000.0000000000 -1000.0000000000 -1000.0000000000 -1000.0000000000 True True False False
PassengerCar 0.00 0 -1 194.90 312.77 334.61 355.29 -1.00 -1.00 -1.00 -1000.00 -1000.00 -1000.00 -1.000 -1.000 -1.000 -1.000 1.00 -1000.0000000000 -1000.0000000000 -1000.0000000000 -1000.0000000000 True True False False
PassengerCar 1.00 3 -1 0.00 310.00 0.00 398.00 1.46 1.80 4.10 -14.07 2.40 40.75 -4.677 -0.001 -0.049 -3.106 1.00 -0.0242750773 -0.0000828456 -0.9995478440 0.0177432057 True False True False
PassengerCar 1.00 3 -1 0.00 323.00 0.00 391.00 1.28 1.39 3.14 -15.14 2.59 47.49 -4.582 0.000 0.000 -3.012 1.00 0.0000000000 0.0000000000 -0.9978873026 0.0649686952 True False True False
PassengerCar 0.00 0 -1 436.46 307.21 477.84 336.28 -1.00 -1.00 -1.00 -1000.00 -1000.00 -1000.00 -1.000 -1.000 -1.000 -1.000 1.00 -1000.0000000000 -1000.0000000000 -1000.0000000000 -1000.0000000000 False False False False
