PassengerCar 0.11 0 -1 204.00 246.00 994.00 720.00 1.10 1.64 3.96 -0.14 1.08 6.79 -1.571 0.000 0.000 0.000 1.00 0.0000000000 0.0000000000 0.0000000000 1.0000000000 True True True True
PassengerCar 0.94 0 -1 0.00 238.00 55.00 720.00 1.34 1.63 3.66 -3.50 1.34 8.47 -1.601 0.032 -0.012 -0.030 1.00 0.0157509614 -0.0063919146 -0.0150312836 0.9997425224 True True True False
PassengerCar 0.15 1 -1 0.00 264.00 298.00 500.00 1.35 1.56 3.18 -3.48 1.41 15.39 -1.586 0.035 -0.001 -0.016 1.00 0.0176701156 -0.0006241532 -0.0077907111 0.9998133237 True True True False
PassengerCar 0.00 2 -1 169.00 279.00 431.00 448.00 1.43 1.82 4.13 -3.32 1.60 21.73 -1.577 0.000 0.000 -0.006 1.00 0.0000000000 0.0000000000 -0.0029697924 0.9999955902 True True True False
PassengerCar 0.00 3 -1 311.00 280.00 473.00 403.00 1.43 1.65 3.65 -3.38 1.68 29.01 -1.590 0.000 0.000 -0.020 1.00 0.0000000000 0.0000000000 -0.0098075597 0.9999519047 True False True True
DontCare 1.00 3 -1 0.00 247.00 0.00 359.00 1.50 1.52 3.29 -11.93 1.33 32.91 -1.542 0.000 0.000 0.028 1.00 0.0000000000 0.0000000000 0.0142047829 0.9998991070 False False False False
DontCare 1.00 3 -1 0.00 230.00 0.00 377.00 1.50 1.28 2.20 -9.43 1.20 24.92 -1.571 0.000 0.000 0.000 1.00 0.0000000000 0.0000000000 0.0000000000 1.0000000000 False False False False
DontCare 0.00 3 -1 108.00 267.00 284.00 324.00 1.69 4.82 5.35 -14.52 1.91 72.03 -1.667 0.000 0.000 -0.096 1.00 0.0000000000 0.0000000000 -0.0481910098 0.9988381383 False False False False
DontCare 0.00 3 -1 1.00 273.00 104.00 322.00 1.52 2.07 4.01 -19.51 1.92 73.87 -1.529 0.000 0.000 0.042 1.00 0.0000000000 0.0000000000 0.0208152263 0.9997833397 False False False False
DontCare 1.00 3 -1 1280.00 260.00 1280.00 490.00 1.50 2.09 4.18 8.43 1.51 17.03 -2.681 0.000 0.000 -1.111 1.00 0.0000000000 0.0000000000 -0.5272135896 0.8497327997 False False False False
Vehicle 0.00 3 -1 448.00 256.00 800.00 511.00 1.41 1.94 4.21 -0.24 1.40 14.92 -1.571 0.000 0.000 0.000 1.00 0.0000000000 0.0000000000 0.0000000000 1.0000000000 False False True False
Vehicle 0.00 3 -1 578.00 281.00 767.00 429.00 1.24 1.60 3.77 0.12 1.44 21.61 -1.529 0.000 0.000 0.042 1.00 0.0000000000 0.0000000000 0.0208382348 0.9997828604 False False True False
Pedestrian 0.00 2 -1 1194.00 242.00 1236.00 367.00 1.70 0.46 0.38 7.51 1.45 31.87 1.473 0.000 0.000 3.044 1.00 0.0000000000 0.0000000000 0.9988154962 0.0486580374 True True True False
Pedestrian 1.00 3 -1 1280.00 246.00 1280.00 365.00 1.47 0.44 0.42 8.56 1.29 29.08 1.458 0.000 0.000 3.029 1.00 0.0000000000 0.0000000000 0.9984019360 0.0565117171 True False True False
