PassengerCar 0.00 2 -1 697.60 257.66 773.47 317.03 -1.00 -1.00 -1.00 -1000.00 -1000.00 -1000.00 -1.000 -1.000 -1.000 -1.000 1.00 -1000.0000000000 -1000.0000000000 -1000.0000000000 -1000.0000000000 True True False False
PassengerCar 0.00 3 -1 749.63 258.02 812.79 313.75 -1.00 -1.00 -1.00 -1000.00 -1000.00 -1000.00 -1.000 -1.000 -1.000 -1.000 1.00 -1000.0000000000 -1000.0000000000 -1000.0000000000 -1000.0000000000 True True False False
PassengerCar 0.00 2 -1 853.51 279.43 891.49 303.98 -1.00 -1.00 -1.00 -1000.00 -1000.00 -1000.00 -1.000 -1.000 -1.000 -1.000 1.00 -1000.0000000000 -1000.0000000000 -1000.0000000000 -1000.0000000000 True True False False
PassengerCar 0.00 3 -1 1029.00 264.00 1133.00 332.00 1.45 1.63 3.62 9.09 1.54 51.22 -1.571 0.000 0.000 0.000 1.00 0.0000000000 0.0000000000 0.0000000000 1.0000000000 True True True True
PassengerCar 0.00 2 -1 1010.00 269.00 1100.00 333.00 1.50 1.58 3.48 9.28 1.70 55.80 -1.571 0.000 0.000 0.000 1.00 0.0000000000 0.0000000000 0.0000000000 1.0000000000 True True True False
PassengerCar 0.00 2 -1 994.00 269.00 1082.00 329.00 1.50 1.64 3.67 9.57 1.73 60.20 -1.583 0.000 0.000 -0.012 1.00 0.0000000000 0.0000000000 -0.0062456083 0.9999804960 True True True False
PassengerCar 0.00 -1 -1 983.63 271.50 1082.23 333.41 -1.00 -1.00 -1.00 -1000.00 -1000.00 -1000.00 -1.000 -1.000 -1.000 -1.000 1.00 -1000.0000000000 -1000.0000000000 -1000.0000000000 -1000.0000000000 -1 -1 -1 -1
PassengerCar 0.00 -1 -1 1004.35 268.67 1119.43 341.88 -1.00 -1.00 -1.00 -1000.00 -1000.00 -1000.00 -1.000 -1.000 -1.000 -1.000 1.00 -1000.0000000000 -1000.0000000000 -1000.0000000000 -1000.0000000000 -1 -1 -1 -1
PassengerCar 0.00 -1 -1 1045.45 263.66 1172.18 343.02 -1.00 -1.00 -1.00 -1000.00 -1000.00 -1000.00 -1.000 -1.000 -1.000 -1.000 1.00 -1000.0000000000 -1000.0000000000 -1000.0000000000 -1000.0000000000 -1 -1 -1 -1
PassengerCar 0.00 -1 -1 962.69 274.29 1006.95 313.91 -1.00 -1.00 -1.00 -1000.00 -1000.00 -1000.00 -1.000 -1.000 -1.000 -1.000 1.00 -1000.0000000000 -1000.0000000000 -1000.0000000000 -1000.0000000000 -1 -1 -1 -1
Pedestrian 1.00 2 -1 0.00 218.00 0.00 340.00 1.50 0.40 0.39 -10.03 0.98 28.58 -1.571 0.000 0.000 0.000 1.00 0.0000000000 0.0000000000 0.0000000000 1.0000000000 True False True False
Pedestrian 1.00 0 -1 0.00 220.00 0.00 341.00 1.50 0.45 0.29 -9.10 1.00 29.15 -1.065 0.000 0.000 0.505 1.00 0.0000000000 0.0000000000 0.2500069974 0.9682440298 True False True False
Pedestrian 0.00 0 -1 246.00 204.00 288.00 351.00 1.85 0.52 0.41 -5.06 1.14 29.35 1.423 0.000 0.000 2.993 1.00 0.0000000000 0.0000000000 0.9972534199 0.0740649476 True True True False
Pedestrian 0.00 0 -1 281.00 214.00 320.00 354.00 1.74 0.48 0.36 -4.58 1.16 29.03 1.420 0.000 0.000 2.991 1.00 0.0000000000 0.0000000000 0.9971725426 0.0751459937 True True True False
Pedestrian 0.00 0 -1 309.00 223.00 350.00 380.00 1.68 0.38 0.37 -3.64 1.28 25.04 0.053 0.000 0.000 1.624 1.00 0.0000000000 0.0000000000 0.7256517788 0.6880621308 True True True False
Pedestrian 0.00 0 -1 346.00 215.00 387.00 373.00 1.69 0.37 0.38 -3.23 1.20 24.97 0.044 0.000 0.000 1.615 1.00 0.0000000000 0.0000000000 0.7225188694 0.6913512011 True True True False
Pedestrian 0.00 0 -1 370.00 230.00 437.00 384.00 1.68 0.65 0.44 -2.90 1.34 25.58 -4.614 0.000 0.000 -3.043 1.00 0.0000000000 0.0000000000 -0.9987787943 0.0494056684 True True True False
Pedestrian 0.00 0 -1 455.00 229.00 494.00 374.00 1.71 0.41 0.45 -2.30 1.34 27.73 -0.054 0.000 0.000 1.517 1.00 0.0000000000 0.0000000000 0.6876530192 0.7260394791 True True True False
Pedestrian 0.00 1 -1 484.00 225.00 524.00 365.00 1.71 0.45 0.48 -2.01 1.28 28.63 -0.051 0.000 0.000 1.520 1.00 0.0000000000 0.0000000000 0.6888419071 0.7249115994 True True True False
Pedestrian 0.00 2 -1 489.00 227.00 526.00 362.00 1.69 0.55 0.45 -2.01 1.27 29.26 -0.054 0.000 0.000 1.517 1.00 0.0000000000 0.0000000000 0.6878854354 0.7258192804 True True True False
Pedestrian 0.00 3 -1 657.00 248.00 686.00 332.00 1.56 0.54 0.56 0.08 1.32 43.33 -1.571 0.000 0.000 0.000 1.00 0.0000000000 0.0000000000 0.0000000000 1.0000000000 True True True False
Pedestrian 0.00 0 -1 715.00 238.00 747.00 332.00 1.77 0.59 0.55 1.20 1.35 44.08 -1.571 0.000 0.000 0.000 1.00 0.0000000000 0.0000000000 0.0000000000 1.0000000000 True True True False
Pedestrian 0.06 0 -1 556.00 242.00 576.00 309.00 1.53 0.42 0.47 -2.33 1.10 53.31 -1.528 0.000 0.000 0.043 1.00 0.0000000000 0.0000000000 0.0213315805 0.9997724559 True True True False
Pedestrian 0.06 0 -1 572.00 243.00 592.00 311.00 1.56 0.43 0.44 -1.96 1.15 53.15 -1.561 0.000 0.000 0.010 1.00 0.0000000000 0.0000000000 0.0051152621 0.9999869170 True True True False
Pedestrian 0.00 0 -1 592.00 226.00 623.00 316.00 2.10 0.66 0.55 -1.40 1.30 54.79 -1.739 0.000 0.000 -0.168 1.00 0.0000000000 0.0000000000 -0.0838945076 0.9964746417 True True True False
Pedestrian 0.00 0 -1 713.14 242.87 748.17 334.38 -1.00 -1.00 -1.00 -1000.00 -1000.00 -1000.00 -1.000 -1.000 -1.000 -1.000 1.00 -1000.0000000000 -1000.0000000000 -1000.0000000000 -1000.0000000000 True True False False
Pedestrian 1.00 0 -1 1280.00 243.00 1280.00 410.00 1.66 0.46 0.36 7.02 1.48 23.27 -3.024 0.002 0.014 -1.453 1.00 0.0054550126 0.0048471390 -0.6642113315 0.7475092342 True False True False
Pedestrian_is_group 1.00 3 -1 1280.00 219.00 1280.00 417.00 1.96 1.66 2.25 9.05 1.54 24.41 -1.571 0.000 0.038 0.000 1.00 0.0000000000 0.0190407556 0.0000000000 0.9998187084 True False True False
Pedestrian 1.00 3 -1 1280.00 231.00 1280.00 385.00 1.82 0.61 0.46 8.30 1.47 27.81 -2.843 0.000 0.000 -1.273 1.00 0.0000000000 0.0000000000 -0.5942368796 0.8042900788 True False True True
Pedestrian 1.00 3 -1 1280.00 234.00 1280.00 398.00 1.73 0.38 0.33 7.63 1.45 24.71 -1.938 0.000 0.000 -0.367 1.00 0.0000000000 0.0000000000 -0.1827173034 0.9831654932 True False True False
Pedestrian 0.54 3 -1 1262.00 243.00 1280.00 338.00 1.77 0.53 0.49 11.54 1.44 43.67 -1.723 0.000 0.000 -0.153 1.00 0.0000000000 0.0000000000 -0.0761937787 0.9970930288 True False True True
Pedestrian 0.00 3 -1 377.00 217.00 421.00 373.00 1.82 0.47 0.57 -3.19 1.32 27.62 1.367 0.000 0.000 2.938 1.00 0.0000000000 0.0000000000 0.9948259058 0.1015943759 True True True False
Pedestrian 0.00 3 -1 340.00 224.00 371.00 371.00 1.69 0.34 0.31 -3.62 1.27 26.99 0.024 0.000 0.000 1.595 1.00 0.0000000000 0.0000000000 0.7157019034 0.6984058888 True True True True
