PassengerCar 0.00 0 -1 275.00 213.00 1023.00 720.00 1.41 2.03 3.70 -0.05 1.30 8.14 -1.571 0.000 0.000 0.000 1.00 0.0000000000 0.0000000000 0.0000000000 1.0000000000 True True True False
PassengerCar 0.00 3 -1 459.00 235.00 881.00 538.00 1.51 2.10 3.86 0.01 1.40 13.51 -1.575 0.000 0.000 -0.004 1.00 0.0000000000 0.0000000000 -0.0022163134 0.9999975440 False False True False
PassengerCar 0.83 0 -1 0.00 85.00 236.00 720.00 1.67 1.93 3.94 -2.66 1.28 7.24 -1.580 0.000 0.000 -0.009 1.00 0.0000000000 0.0000000000 -0.0047012644 0.9999889490 True True True False
PassengerCar 0.00 3 -1 132.00 292.00 378.00 369.00 1.45 1.86 4.46 -8.20 2.09 46.33 -0.567 0.005 -0.012 1.004 1.00 0.0050525022 -0.0038413262 0.4811240841 0.8766295296 True False True False
PassengerCar 0.00 3 -1 318.00 295.00 405.00 359.00 1.88 1.72 4.46 -9.45 2.97 72.07 -4.617 -0.007 0.001 -3.046 1.00 0.0001644709 0.0034341878 -0.9988492423 0.0478369163 True False True False
PassengerCar 0.00 2 -1 356.00 294.00 435.00 363.00 1.56 1.27 3.82 -6.46 2.37 55.48 -4.669 0.000 0.000 -3.098 1.00 0.0000000000 0.0000000000 -0.9997608230 0.0218699993 True False True False
PassengerCar 0.00 3 -1 885.00 256.00 1198.00 444.00 1.35 1.86 4.27 2.91 1.34 18.97 -1.572 0.001 0.001 -0.001 1.00 0.0006591143 0.0003497055 -0.0006049941 0.9999995386 True True True False
PassengerCar 0.42 1 -1 997.00 255.00 1280.00 539.00 1.27 1.73 4.41 2.87 1.24 12.63 -1.524 -0.002 0.009 0.047 1.00 -0.0011208998 0.0044706246 0.0232558214 0.9997189224 True True True False
PassengerCar 1.00 0 -1 1280.00 171.00 1280.00 605.00 1.41 1.85 3.86 3.93 1.20 9.67 -1.170 0.013 -0.034 0.401 1.00 0.0098266971 -0.0154458856 0.1990773073 0.9798127813 True False True False
Pedestrian 0.00 -1 -1 1118.64 162.64 1280.00 594.56 -1.00 -1.00 -1.00 -1000.00 -1000.00 -1000.00 -1.000 -1.000 -1.000 -1.000 1.00 -1000.0000000000 -1000.0000000000 -1000.0000000000 -1000.0000000000 -1 -1 -1 -1
