PassengerCar 0.00 0 -1 655.00 218.00 770.00 295.00 1.39 1.88 3.84 0.92 0.59 44.93 -4.607 -0.015 0.024 -3.036 1.00 0.0115129205 0.0081553874 -0.9985042954 0.0528215332 True True True False
PassengerCar 0.00 0 -1 480.00 211.00 624.00 284.00 1.51 2.01 3.95 -2.41 0.47 49.63 -4.470 0.005 0.015 -2.899 1.00 0.0079632743 -0.0014038503 -0.9926175340 0.1210167207 True True True False
PassengerCar 0.00 2 -1 887.00 223.00 1009.00 294.00 1.41 1.72 4.07 5.90 0.63 49.25 -1.672 0.013 0.025 -0.101 1.00 0.0071639497 0.0119469730 -0.0504092820 0.9986314896 True True True False
PassengerCar 0.00 1 -1 850.00 226.00 955.00 292.00 1.51 1.88 4.15 5.58 0.69 55.49 -1.625 -0.001 0.019 -0.055 1.00 -0.0002623442 0.0095943053 -0.0273322660 0.9995803258 True True True False
PassengerCar 0.00 1 -1 832.00 228.00 913.00 285.00 1.51 1.89 4.22 5.64 0.64 64.05 -1.563 0.000 0.010 0.008 1.00 0.0000461297 0.0048114442 0.0038159231 0.9999811431 True True False False
PassengerCar 0.00 3 -1 796.92 236.08 858.17 288.72 -1.00 -1.00 -1.00 -1000.00 -1000.00 -1000.00 -1.000 -1.000 -1.000 -1.000 1.00 -1000.0000000000 -1000.0000000000 -1000.0000000000 -1000.0000000000 True True False False
Pedestrian 0.00 0 -1 1182.00 203.00 1215.00 307.00 1.73 0.46 0.36 8.94 0.77 39.08 -1.590 0.000 0.000 -0.019 1.00 0.0000000000 0.0000000000 -0.0094115108 0.9999557108 True True True False
Pedestrian 0.00 0 -1 355.00 186.00 390.00 274.00 1.72 0.64 0.41 -5.75 0.26 45.38 1.570 0.000 0.000 3.141 1.00 0.0000000000 0.0000000000 0.9999999684 0.0002512692 True True True False
Pedestrian 0.00 0 -1 320.00 181.00 349.00 266.00 1.66 0.48 0.54 -6.53 0.10 45.54 -4.698 0.000 0.000 -3.127 1.00 0.0000000000 0.0000000000 -0.9999742802 0.0071720976 True True True False
Pedestrian_is_group 0.00 0 -1 233.00 190.00 294.00 335.00 1.71 0.38 0.66 -4.79 0.88 27.56 0.005 0.000 0.000 1.576 1.00 0.0000000000 0.0000000000 0.7088496372 0.7053596188 True True True False
Pedestrian 0.00 1 -1 146.00 180.00 186.00 316.00 1.72 0.50 0.42 -6.40 0.70 29.66 -0.036 0.000 0.000 1.535 1.00 0.0000000000 0.0000000000 0.6942100056 0.7197725114 True True True False
Pedestrian 0.00 0 -1 115.00 178.00 155.00 320.00 1.75 0.53 0.39 -6.65 0.74 29.05 -0.019 0.000 0.000 1.552 1.00 0.0000000000 0.0000000000 0.7003129087 0.7138359965 True True True False
Pedestrian 0.00 0 -1 71.00 172.00 122.00 318.00 1.82 0.56 0.47 -7.20 0.72 29.28 1.193 0.000 0.000 2.764 1.00 0.0000000000 0.0000000000 0.9822349962 0.1876550354 True True True False
Pedestrian 0.05 0 -1 1040.00 209.00 1064.00 292.00 1.82 0.47 0.38 8.45 0.69 51.00 -4.709 0.000 0.000 -3.139 1.00 0.0000000000 0.0000000000 -0.9999989106 0.0014760565 True True True False
Pedestrian 0.00 0 -1 766.99 234.51 788.02 280.32 -1.00 -1.00 -1.00 -1000.00 -1000.00 -1000.00 -1.000 -1.000 -1.000 -1.000 1.00 -1000.0000000000 -1000.0000000000 -1000.0000000000 -1000.0000000000 True True False False
Pedestrian 0.00 3 -1 805.12 232.14 818.61 278.38 -1.00 -1.00 -1.00 -1000.00 -1000.00 -1000.00 -1.000 -1.000 -1.000 -1.000 1.00 -1000.0000000000 -1000.0000000000 -1000.0000000000 -1000.0000000000 True True False False
Pedestrian 0.00 0 -1 785.73 238.39 799.87 279.46 -1.00 -1.00 -1.00 -1000.00 -1000.00 -1000.00 -1.000 -1.000 -1.000 -1.000 1.00 -1000.0000000000 -1000.0000000000 -1000.0000000000 -1000.0000000000 False True False False
Pedestrian 0.00 2 -1 223.00 190.00 265.00 325.00 1.67 0.55 0.43 -5.29 0.80 29.00 -0.012 0.000 0.000 1.558 1.00 0.0000000000 0.0000000000 0.7026859286 0.7115001657 True True True False
Pedestrian 0.00 3 -1 235.00 176.00 275.00 320.00 1.83 0.47 0.44 -5.27 0.75 29.68 -0.033 0.000 0.000 1.538 1.00 0.0000000000 0.0000000000 0.6954903773 0.7185354098 True True True False
Pedestrian 0.00 3 -1 89.00 188.00 128.00 314.00 1.60 0.53 0.44 -7.19 0.68 29.87 -0.315 0.000 0.000 1.256 1.00 0.0000000000 0.0000000000 0.5875507505 0.8091873180 True False True False
