PassengerCar 0.00 0 -1 306.00 275.00 536.00 463.00 1.46 1.76 4.12 -2.27 1.60 20.49 -1.737 -0.010 0.004 -0.166 1.00 -0.0049470379 0.0024443882 -0.0827493024 0.9965551188 True True True False
PassengerCar 0.00 2 -1 291.00 317.00 364.00 375.00 1.53 1.86 4.21 -9.84 3.21 67.10 -1.754 0.047 -0.015 -0.183 1.00 0.0228263136 -0.0094636388 -0.0913379353 0.9955133251 True True True False
PassengerCar 0.00 2 -1 605.00 282.00 951.00 431.00 1.42 1.79 3.83 1.26 1.69 24.86 -0.913 -0.023 0.006 0.657 1.00 -0.0119284091 -0.0008075928 0.3228002139 0.9463916117 True True True False
PassengerCar 0.00 3 -1 578.00 304.00 817.00 414.00 1.35 1.57 3.17 0.44 1.96 31.27 -0.872 0.000 0.000 0.698 1.00 0.0000000000 0.0000000000 0.3421634731 0.9396404406 True True True False
PassengerCar 0.00 3 -1 540.00 311.00 765.00 408.00 1.29 1.86 2.89 -0.19 2.05 33.78 -0.883 0.000 0.000 0.688 1.00 0.0000000000 0.0000000000 0.3370262570 0.9414952481 True True True False
PassengerCar 0.00 3 -1 510.00 309.00 719.00 400.00 1.43 1.85 3.29 -0.87 2.29 39.75 -0.855 0.000 0.000 0.715 1.00 0.0000000000 0.0000000000 0.3500830523 0.9367186646 True True False True
PassengerCar 0.36 2 -1 0.00 265.00 253.00 414.00 1.45 1.74 3.69 -6.39 1.54 24.34 -2.725 -0.006 -0.021 -1.155 1.00 -0.0079062541 -0.0070936366 -0.5457565035 0.8378764887 True True True False
PassengerCar 0.16 3 -1 0.00 285.00 279.00 406.00 1.46 1.93 3.68 -7.07 1.77 29.77 -2.750 0.000 0.000 -1.179 1.00 0.0000000000 0.0000000000 -0.5558555730 0.8312788834 True True True False
DontCare 0.21 3 -1 0.00 291.00 237.00 418.00 1.34 1.68 2.93 -6.71 1.72 26.93 -2.725 -0.011 0.006 -1.155 1.00 -0.0030588933 0.0054982843 -0.5457587040 0.8379187604 False False False False
Vehicle 0.00 3 -1 18.00 288.00 264.00 379.00 1.71 1.85 4.31 -10.27 2.25 45.38 -2.876 0.000 0.000 -1.305 1.00 0.0000000000 0.0000000000 -0.6071773936 0.7945663048 True False True True
Vehicle 0.00 3 -1 311.00 303.00 440.00 391.00 1.24 1.75 4.26 -4.63 1.93 36.41 -1.758 0.000 0.000 -0.188 1.00 0.0000000000 0.0000000000 -0.0936332501 0.9956067569 False False True True
Pedestrian 0.00 0 -1 902.00 179.00 1169.00 628.00 1.73 0.65 0.82 1.48 1.42 9.41 -3.430 -0.024 0.048 -1.859 1.00 0.0121131794 0.0240479660 -0.8009948927 0.5980653376 True True True False
Pedestrian 0.00 2 -1 888.00 242.00 1012.00 546.00 1.53 0.43 0.52 1.45 1.44 11.92 -3.318 0.000 0.000 -1.747 1.00 0.0000000000 0.0000000000 -0.7665117031 0.6422303395 True True True False
Pedestrian 0.00 1 -1 819.00 237.00 961.00 536.00 1.56 0.63 0.58 1.19 1.43 12.50 -3.398 -0.005 0.019 -1.827 1.00 0.0060107482 0.0077868597 -0.7915599379 0.6110123571 True True True False
Pedestrian 0.00 3 -1 907.00 238.00 1082.00 596.00 1.50 0.56 0.57 1.41 1.41 10.07 -3.415 0.002 -0.001 -1.845 1.00 0.0004426349 -0.0010586771 -0.7969823454 0.6040015102 False False True True
Pedestrian 0.00 3 -1 1101.00 253.00 1169.00 402.00 1.58 0.65 0.40 4.98 1.49 24.69 -4.674 0.000 0.000 -3.103 1.00 0.0000000000 0.0000000000 -0.9998151191 0.0192283027 True True True False
Pedestrian 0.00 3 -1 887.00 248.00 951.00 419.00 1.66 0.49 0.71 2.49 1.53 22.94 -1.674 -0.001 0.006 -0.103 1.00 -0.0001664275 0.0032368731 -0.0513480308 0.9986755603 True True True False
Pedestrian 0.00 3 -1 847.00 280.00 886.00 382.00 1.50 0.48 0.49 2.97 1.80 34.66 1.446 0.000 0.000 3.017 1.00 0.0000000000 0.0000000000 0.9980501252 0.0624175268 True False True False
Pedestrian 0.00 1 -1 564.00 278.00 594.00 403.00 1.66 0.42 0.40 -1.19 1.90 31.31 -3.210 0.000 0.000 -1.639 1.00 0.0000000000 0.0000000000 -0.7307797736 0.6826133038 True True True False
Pedestrian 1.00 3 -1 0.00 190.00 0.00 534.00 1.69 0.67 0.90 -4.37 1.33 11.84 0.302 -0.011 0.024 1.873 1.00 -0.0126459419 0.0027866431 0.8054523514 0.5925190498 True False True False
Pedestrian 1.00 3 -1 0.00 169.00 0.00 525.00 1.68 0.53 0.50 -4.72 1.25 11.26 0.046 -0.011 0.021 1.617 1.00 -0.0110563383 0.0032683923 0.7231733181 0.6905703635 True False True False
Pedestrian 1.00 3 -1 0.00 190.00 0.00 529.00 3.61 0.56 0.40 -9.96 2.86 25.13 -0.322 0.000 0.000 1.249 1.00 0.0000000000 0.0000000000 0.5845574073 0.8113523510 True False True False
