PassengerCar 0.51 0 -1 0.00 220.00 365.00 683.00 1.34 1.75 4.44 -2.88 1.19 9.13 -2.103 0.008 0.026 -0.532 1.00 0.0071344004 0.0115097005 -0.2628586133 0.9647393309 True True True False
PassengerCar 0.83 3 -1 0.00 199.00 71.00 500.00 1.57 1.84 3.91 -5.07 1.26 14.27 -2.068 0.000 0.000 -0.498 1.00 0.0000000000 0.0000000000 -0.2461940547 0.9692205566 True False True False
Pedestrian 0.98 3 -1 1277.00 155.00 1280.00 563.00 1.82 0.61 0.49 3.15 1.35 10.62 -4.655 0.000 0.000 -3.085 1.00 0.0000000000 0.0000000000 -0.9995926219 0.0285410280 True False True False
Pedestrian 0.06 0 -1 1143.00 191.00 1280.00 565.00 1.65 0.61 0.70 2.50 1.35 10.64 -4.516 0.000 0.000 -2.945 1.00 0.0000000000 0.0000000000 -0.9951614994 0.0982526848 True True True False
Pedestrian 0.00 2 -1 1125.00 194.00 1222.00 546.00 1.71 0.37 0.48 2.52 1.39 11.55 -4.705 0.000 0.000 -3.134 1.00 0.0000000000 0.0000000000 -0.9999923948 0.0039000564 True True True False
Pedestrian 0.00 0 -1 801.00 179.00 958.00 513.00 1.81 0.71 0.67 1.18 1.37 12.98 1.387 0.000 0.000 2.958 1.00 0.0000000000 0.0000000000 0.9958002518 0.0915524904 True True True False
Pedestrian 0.00 0 -1 684.00 229.00 799.00 482.00 1.62 0.62 0.53 0.48 1.42 15.15 1.318 0.000 0.000 2.888 1.00 0.0000000000 0.0000000000 0.9919944246 0.1262816757 True True True False
Pedestrian 0.00 1 -1 1008.00 186.00 1160.00 557.00 1.71 0.59 0.92 1.99 1.37 11.18 -4.670 0.000 0.000 -3.099 1.00 0.0000000000 0.0000000000 -0.9997703994 0.0214277519 True True True False
Pedestrian 0.00 0 -1 607.00 243.00 688.00 434.00 1.78 0.70 0.64 -0.19 1.63 22.02 -1.695 0.000 -0.017 -0.124 1.00 -0.0005141057 -0.0082526320 -0.0621733120 0.9980311163 True True True False
Pedestrian 0.00 1 -1 923.00 234.00 1022.00 504.00 1.59 0.49 0.62 1.84 1.44 14.05 1.528 -0.001 -0.000 3.098 1.00 0.0000125468 -0.0005819787 0.9997675197 0.0215538344 True True True False
Pedestrian 0.00 2 -1 816.00 276.00 865.00 435.00 1.64 0.38 0.34 1.81 1.80 24.27 -3.809 0.001 0.001 -2.238 1.00 0.0005053391 -0.0001482523 -0.8996138395 0.4366859998 True True True False
Pedestrian 0.00 3 -1 751.00 269.00 807.00 420.00 1.76 0.51 0.42 1.32 1.86 27.46 -4.049 0.000 0.000 -2.478 1.00 0.0000000000 0.0000000000 -0.9454526612 0.3257595210 True True True True
Pedestrian 0.00 3 -1 345.00 254.00 403.00 395.00 1.68 0.59 0.58 -3.53 1.61 28.00 -4.635 0.000 0.000 -3.065 1.00 0.0000000000 0.0000000000 -0.9992583467 0.0385065781 True False True True
Pedestrian 0.00 2 -1 475.00 261.00 506.00 380.00 1.98 0.45 0.35 -2.97 1.98 38.98 -3.670 0.000 0.000 -2.099 1.00 0.0000000000 0.0000000000 -0.8672548179 0.4978645206 True True True False
