PassengerCar 0.00 0 -1 764.00 302.00 1102.00 465.00 1.39 1.60 3.38 2.57 1.79 21.95 -4.033 0.009 -0.007 -2.463 1.00 -0.0016803259 -0.0056095442 -0.9428956453 0.3330368021 True True True True
PassengerCar 0.50 0 -1 1159.00 296.00 1280.00 429.00 1.54 1.71 3.28 7.82 2.02 29.54 -4.022 0.012 -0.004 -2.451 1.00 0.0001871862 -0.0061783182 -0.9409614856 0.3384571995 True True True True
PassengerCar 0.00 3 -1 756.00 304.00 1054.00 452.00 1.61 1.86 3.57 2.91 2.16 27.96 -4.001 0.000 0.000 -2.430 1.00 0.0000000000 0.0000000000 -0.9373930505 0.3482732675 True True True True
DontCare 1.00 3 -1 0.00 318.00 0.00 407.00 1.39 1.89 3.88 -14.71 2.43 40.29 -0.836 0.000 0.000 0.735 1.00 0.0000000000 0.0000000000 0.3593166822 0.9332156888 False False False False
Pedestrian 0.00 0 -1 534.00 231.00 664.00 504.00 1.76 0.61 0.62 -0.45 1.58 15.47 -2.344 0.000 0.000 -0.773 1.00 0.0000000000 0.0000000000 -0.3771458157 0.9261538931 True True True True
Pedestrian 0.00 0 -1 180.00 269.00 270.00 481.00 1.77 0.55 0.60 -3.78 1.85 19.85 -2.226 0.000 0.000 -0.656 1.00 0.0000000000 0.0000000000 -0.3219363786 0.9467613047 True True True False
Pedestrian 0.00 0 -1 465.00 309.00 522.00 463.00 1.52 0.57 0.61 -1.75 2.01 23.41 1.506 0.000 0.000 3.077 1.00 0.0000000000 0.0000000000 0.9994791291 0.0322718228 True True True False
Pedestrian 0.00 0 -1 310.00 279.00 374.00 447.00 1.70 0.62 0.61 -3.34 1.89 23.92 1.479 0.000 0.000 3.050 1.00 0.0000000000 0.0000000000 0.9989449899 0.0459228397 True True True False
Pedestrian 0.00 0 -1 252.00 276.00 328.00 477.00 1.71 0.45 0.55 -3.28 1.85 20.19 -2.214 0.000 0.000 -0.643 1.00 0.0000000000 0.0000000000 -0.3161498084 0.9487092804 True True True True
Pedestrian 0.00 0 -1 378.00 284.00 439.00 450.00 1.67 0.61 0.81 -2.67 1.92 23.95 1.462 0.000 0.000 3.032 1.00 0.0000000000 0.0000000000 0.9985102774 0.0545639627 True True True True
