PassengerCar 0.00 1 -1 314.00 209.00 893.00 429.00 1.53 1.83 4.11 -0.46 1.18 17.98 -3.676 0.000 0.000 -2.105 1.00 0.0000000000 0.0000000000 -0.8687676790 0.4952198703 True True True False
PassengerCar 0.11 0 -1 930.00 246.00 1280.00 412.00 1.63 1.74 3.95 4.89 1.49 24.64 -3.710 0.005 0.004 -2.139 1.00 0.0028960928 -0.0015297660 -0.8770386121 0.4804087274 True True True False
PassengerCar 0.00 2 -1 833.00 273.00 1013.00 354.00 1.63 1.61 3.45 5.29 1.90 48.17 -2.354 -0.016 -0.016 -0.784 1.00 -0.0103261901 -0.0042673127 -0.3819004875 0.9241359085 True True True False
PassengerCar 1.00 3 -1 1280.00 273.00 1280.00 414.00 1.42 1.83 4.11 11.70 1.57 25.46 -3.719 0.000 0.000 -2.148 1.00 0.0000000000 0.0000000000 -0.8790588554 0.4767132564 True False True False
Pedestrian 1.00 3 -1 0.00 200.00 0.00 357.00 1.72 0.52 0.73 -8.08 1.06 25.84 -3.477 0.000 0.000 -1.906 1.00 0.0000000000 0.0000000000 -0.8152354094 0.5791297155 True False True False
Pedestrian 0.00 0 -1 59.00 213.00 134.00 362.00 1.72 0.49 0.80 -6.69 1.17 27.23 -3.515 0.000 0.000 -1.944 1.00 0.0000000000 0.0000000000 -0.8259326199 0.5637688422 True True True False
Pedestrian 0.00 3 -1 31.00 210.00 123.00 360.00 1.77 0.63 1.01 -7.08 1.18 27.86 -3.520 0.000 0.000 -1.949 1.00 0.0000000000 0.0000000000 -0.8273528238 0.5616825660 True False True False
Pedestrian 0.13 0 -1 0.00 208.00 56.00 358.00 1.78 0.63 0.60 -7.81 1.16 28.20 -3.674 0.000 0.000 -2.103 1.00 0.0000000000 0.0000000000 -0.8681943874 0.4962242494 True False True False
Pedestrian 0.00 3 -1 0.00 210.00 54.00 343.00 1.64 0.52 0.53 -8.01 1.02 29.03 -3.734 0.000 0.000 -2.164 1.00 0.0000000000 0.0000000000 -0.8827987654 0.4697513596 True False True True
Pedestrian 0.00 0 -1 110.00 206.00 170.00 356.00 1.86 0.56 0.56 -6.60 1.18 29.07 -3.786 0.000 0.000 -2.215 1.00 0.0000000000 0.0000000000 -0.8945513416 0.4469652082 True True True False
Pedestrian 0.00 1 -1 339.00 214.00 389.00 361.00 1.82 0.38 0.54 -3.79 1.24 29.06 -2.382 0.000 0.000 -0.811 1.00 0.0000000000 0.0000000000 -0.3945754732 0.9188635350 True True True False
Pedestrian 0.00 2 -1 384.00 225.00 420.00 339.00 1.51 0.36 0.41 -3.56 1.05 31.15 -4.471 0.000 0.000 -2.901 1.00 0.0000000000 0.0000000000 -0.9927538790 0.1201654512 True True True False
Pedestrian 0.00 2 -1 314.00 217.00 357.00 349.00 1.77 0.58 0.50 -4.51 1.19 31.52 1.419 0.000 0.000 2.990 1.00 0.0000000000 0.0000000000 0.9971112188 0.0759553645 True True True True
Pedestrian 0.00 2 -1 845.00 245.00 899.00 397.00 1.76 0.54 0.46 2.40 1.58 27.15 1.458 0.000 0.000 3.029 1.00 0.0000000000 0.0000000000 0.9984155048 0.0562714833 True True True False
Pedestrian 1.00 3 -1 1280.00 258.00 1280.00 347.00 1.61 0.43 0.59 15.59 1.58 42.42 -4.466 0.000 0.000 -2.895 1.00 0.0000000000 0.0000000000 -0.9924314385 0.1227999992 True False True True
Pedestrian 1.00 3 -1 1280.00 257.00 1280.00 349.00 1.71 0.54 0.36 15.41 1.64 43.14 -3.377 0.000 0.000 -1.806 1.00 0.0000000000 0.0000000000 -0.7852418247 0.6191892092 True False True True
