PassengerCar 0.91 0 -1 1182.00 63.00 1280.00 720.00 1.70 1.80 4.13 3.11 1.26 8.04 -1.528 0.055 -0.002 0.042 1.00 0.0273268271 -0.0005975034 0.0212718629 0.9994000177 True True True False
PassengerCar 0.52 2 -1 1062.00 225.00 1280.00 530.00 1.47 1.68 3.84 3.48 1.34 13.69 -1.541 0.048 -0.001 0.030 1.00 0.0237696104 -0.0000439985 0.0147984917 0.9996079273 True True True False
PassengerCar 0.35 2 -1 961.00 180.00 1280.00 450.00 1.92 1.79 4.30 4.43 1.36 18.70 -0.768 0.000 0.000 0.802 1.00 0.0000000000 0.0000000000 0.3905370745 0.9205872003 True True True False
PassengerCar 0.00 2 -1 913.00 259.00 1157.00 439.00 1.45 1.79 4.19 3.44 1.50 22.43 -1.526 0.052 0.014 0.044 1.00 0.0259206818 0.0075605767 0.0220314815 0.9993926004 True True True False
PassengerCar 0.00 2 -1 872.00 275.00 1066.00 400.00 1.42 1.81 3.99 3.62 1.60 28.49 -1.584 0.000 0.000 -0.014 1.00 0.0000000000 0.0000000000 -0.0068356399 0.9999766367 True True True False
PassengerCar 0.00 0 -1 523.00 241.00 902.00 539.00 1.47 1.88 3.94 0.23 1.37 13.61 -1.571 -0.010 0.017 0.000 1.00 -0.0051843786 0.0083423719 0.0000680726 0.9999517600 True True True False
PassengerCar 0.00 0 -1 154.00 211.00 512.00 486.00 1.75 1.82 3.99 -2.28 1.45 16.88 -1.515 -0.005 0.000 0.055 1.00 -0.0025331640 0.0000866317 0.0276508035 0.9996144300 True True True False
PassengerCar 1.00 3 -1 0.00 306.00 0.00 383.00 1.58 1.80 4.22 -17.32 2.58 50.35 -0.306 0.000 0.000 1.265 1.00 0.0000000000 0.0000000000 0.5912202320 0.8065101594 True False True False
DontCare 0.00 3 -1 877.00 276.00 917.00 331.00 1.50 1.00 1.02 6.22 1.90 62.89 -1.571 0.000 0.000 0.000 1.00 0.0000000000 0.0000000000 0.0000000000 1.0000000000 False False False False
Obstacle 0.00 3 -1 893.00 253.00 927.00 339.00 1.39 0.52 0.45 3.91 1.26 37.41 -3.254 0.000 0.000 -1.683 1.00 0.0000000000 0.0000000000 -0.7456107665 0.6663817111 True True True False
Pedestrian 0.00 0 -1 489.00 270.00 541.00 374.00 1.77 0.63 0.69 -2.61 1.93 39.81 -2.826 0.000 0.000 -1.255 1.00 0.0000000000 0.0000000000 -0.5872643486 0.8093951969 True True True False
Pedestrian 0.84 3 -1 0.00 285.00 8.00 384.00 1.62 0.59 0.71 -11.23 2.01 38.16 -0.191 0.000 0.000 1.380 1.00 0.0000000000 0.0000000000 0.6364818816 0.7712916533 True False True True
Pedestrian 0.00 1 -1 1067.00 219.00 1144.00 450.00 1.70 0.55 0.50 3.28 1.39 17.38 -1.414 0.000 0.000 0.157 1.00 0.0000000000 0.0000000000 0.0783549714 0.9969255230 True True True False
