PassengerCar 1.00 3 -1 0.00 211.00 0.00 720.00 1.64 1.63 3.85 -4.75 1.52 8.12 1.565 0.000 0.000 3.136 1.00 0.0000000000 0.0000000000 0.9999958370 0.0028854941 True False True False
PassengerCar 0.00 0 -1 338.00 313.00 488.00 417.00 1.53 1.87 3.99 -4.11 2.45 38.09 -4.693 0.050 -0.030 -3.122 1.00 -0.0147417494 -0.0250698559 -0.9995253039 0.0101661216 True True True False
PassengerCar 0.00 2 -1 407.00 326.00 514.00 406.00 1.34 1.66 3.83 -3.81 2.61 43.41 1.571 -0.004 0.001 3.141 1.00 -0.0005816767 -0.0017823650 0.9999982413 0.0000470187 True True True False
PassengerCar 0.00 3 -1 472.71 337.16 530.33 398.71 -1.00 -1.00 -1.00 -1000.00 -1000.00 -1000.00 -1.000 -1.000 -1.000 -1.000 1.00 -1000.0000000000 -1000.0000000000 -1000.0000000000 -1000.0000000000 True True False False
PassengerCar 0.00 1 -1 507.00 299.00 586.00 387.00 2.44 2.04 5.18 -3.70 3.72 71.99 1.567 0.068 0.000 3.138 1.00 -0.0000632726 0.0340208318 0.9994193935 0.0018587409 True True True False
PassengerCar 0.00 0 -1 566.00 271.00 907.00 500.00 1.37 2.07 4.28 0.43 1.46 16.37 -1.570 0.015 -0.000 0.001 1.00 0.0077065319 -0.0000021507 0.0002790686 0.9999702653 True True True False
DontCare 0.00 3 -1 792.00 315.00 852.00 366.00 1.46 1.57 3.91 4.81 3.20 72.56 -1.582 0.000 0.000 -0.011 1.00 0.0000000000 0.0000000000 -0.0056056643 0.9999842881 False False False False
Obstacle 0.00 3 -1 355.00 292.00 389.00 386.00 1.83 0.55 0.60 -5.81 2.45 45.72 -4.658 0.000 0.000 -3.087 1.00 0.0000000000 0.0000000000 -0.9996282482 0.0272647273 True False True True
Pedestrian 1.00 3 -1 0.00 273.00 0.00 464.00 1.66 0.55 0.41 -7.15 1.77 20.53 -2.980 0.000 0.000 -1.409 1.00 0.0000000000 0.0000000000 -0.6478228734 0.7617909980 True False True False
Pedestrian 1.00 3 -1 0.00 242.00 0.00 465.00 1.93 0.44 0.38 -7.64 1.77 20.37 -4.656 0.000 0.000 -3.085 1.00 0.0000000000 0.0000000000 -0.9996010434 0.0282445407 True False True False
Pedestrian 1.00 3 -1 0.00 266.00 0.00 449.00 1.73 0.50 0.68 -8.77 1.78 22.30 -1.660 0.000 0.000 -0.089 1.00 0.0000000000 0.0000000000 -0.0446034818 0.9990047695 True False True True
Pedestrian 1.00 3 -1 0.00 260.00 0.00 447.00 1.75 0.48 0.44 -6.65 1.75 21.96 -4.635 0.000 0.000 -3.065 1.00 0.0000000000 0.0000000000 -0.9992589514 0.0384908832 True False True False
Pedestrian 1.00 3 -1 0.00 241.00 0.00 442.00 1.92 0.56 0.85 -7.42 1.74 22.68 -4.559 0.000 0.000 -2.988 1.00 0.0000000000 0.0000000000 -0.9970472720 0.0767902168 True False True False
Pedestrian 1.00 3 -1 0.00 289.00 0.00 434.00 1.57 0.49 0.57 -8.00 1.88 25.45 -1.422 0.000 0.000 0.149 1.00 0.0000000000 0.0000000000 0.0745166282 0.9972197712 True False True True
Pedestrian 0.00 0 -1 96.00 288.00 157.00 429.00 1.63 0.59 0.50 -6.32 1.96 27.16 -4.705 0.000 0.000 -3.134 1.00 0.0000000000 0.0000000000 -0.9999923182 0.0039196305 True True True False
Pedestrian 0.43 3 -1 0.00 281.00 33.00 441.00 1.91 0.45 0.62 -7.98 2.15 27.98 -0.148 0.000 0.000 1.423 1.00 0.0000000000 0.0000000000 0.6528228487 0.7575106126 True False True False
Pedestrian 0.00 3 -1 87.00 286.00 137.00 428.00 1.71 0.55 0.37 -6.74 2.02 28.19 1.453 0.000 0.000 3.023 1.00 0.0000000000 0.0000000000 0.9982550820 0.0590490580 True False True True
Pedestrian 0.00 0 -1 267.00 298.00 309.00 415.00 1.70 0.61 0.43 -5.60 2.26 34.32 1.421 0.000 0.000 2.992 1.00 0.0000000000 0.0000000000 0.9971883210 0.0749363234 True True True False
Pedestrian 0.00 1 -1 132.00 295.00 172.00 410.00 1.70 0.62 0.55 -7.71 2.22 34.75 -0.144 0.000 0.000 1.427 1.00 0.0000000000 0.0000000000 0.6543872362 0.7561596029 True True True False
Pedestrian 0.00 1 -1 184.00 297.00 227.00 414.00 1.82 0.63 0.62 -7.28 2.40 36.61 1.431 0.000 0.000 3.002 1.00 0.0000000000 0.0000000000 0.9975512151 0.0699397831 True True True False
Pedestrian 0.00 2 -1 247.00 301.00 281.00 408.00 1.67 0.50 0.70 -6.41 2.32 36.95 1.446 0.000 0.000 3.017 1.00 0.0000000000 0.0000000000 0.9980527554 0.0623754555 True True True False
Pedestrian 0.00 0 -1 222.00 309.00 262.00 407.00 1.58 0.59 0.82 -6.98 2.38 38.13 1.453 0.000 0.000 3.024 1.00 0.0000000000 0.0000000000 0.9982723140 0.0587570177 True True True False
Pedestrian 0.00 3 -1 227.00 297.00 265.00 404.00 1.85 0.56 0.73 -7.31 2.47 40.31 1.510 0.000 0.000 3.080 1.00 0.0000000000 0.0000000000 0.9995327763 0.0305651615 True True True False
Pedestrian 0.00 2 -1 280.00 302.00 309.00 402.00 1.65 0.48 0.66 -6.25 2.35 38.96 1.419 0.000 0.000 2.990 1.00 0.0000000000 0.0000000000 0.9971178641 0.0758680765 True True True False
Pedestrian 0.00 1 -1 305.00 310.00 332.00 397.00 1.54 0.46 0.52 -6.21 2.42 41.39 1.464 -0.000 0.000 3.035 1.00 -0.0001620830 -0.0000086358 0.9985836114 0.0532047432 True True True False
Pedestrian 0.00 0 -1 498.00 321.00 536.00 402.00 1.54 0.58 0.71 -2.92 2.72 45.10 -3.163 0.000 0.000 -1.592 1.00 0.0000000000 0.0000000000 -0.7146385226 0.6994939470 True True True True
Pedestrian 0.00 0 -1 910.00 309.00 939.00 373.00 1.71 0.71 0.46 6.87 2.99 61.98 -4.694 0.000 0.000 -3.124 1.00 0.0000000000 0.0000000000 -0.9999596198 0.0089865917 True True True True
Pedestrian 0.06 0 -1 892.00 312.00 916.00 374.00 1.63 0.56 0.40 6.32 3.01 61.92 1.441 0.000 0.000 3.012 1.00 0.0000000000 0.0000000000 0.9978964412 0.0648281771 True True True False
Pedestrian 0.06 0 -1 869.00 310.00 891.00 374.00 1.64 0.47 0.47 5.53 2.93 60.38 1.450 0.000 0.000 3.020 1.00 0.0000000000 0.0000000000 0.9981648437 0.0605553042 False True True False
Pedestrian 0.07 0 -1 852.00 308.00 869.00 372.00 1.65 0.36 0.43 4.99 2.87 60.00 1.448 0.000 0.000 3.019 1.00 0.0000000000 0.0000000000 0.9981114114 0.0614297201 False True True False
Pedestrian 0.00 0 -1 1109.00 252.00 1159.00 400.00 1.87 0.52 0.48 5.96 1.77 29.66 -1.649 0.000 0.000 -0.078 1.00 0.0000000000 0.0000000000 -0.0389392943 0.9992415781 True True True False
Pedestrian 0.00 0 -1 1160.00 267.00 1199.00 399.00 1.73 0.40 0.31 6.77 1.82 30.70 -3.894 0.000 0.000 -2.323 1.00 0.0000000000 0.0000000000 -0.9174382539 0.3978781852 True True True False
Pedestrian 0.28 0 -1 1226.00 243.00 1280.00 398.00 1.98 0.66 0.63 7.69 1.75 29.98 1.041 0.000 0.000 2.612 1.00 0.0000000000 0.0000000000 0.9651238186 0.2617938401 True True True False
Pedestrian 0.67 3 -1 1265.00 258.00 1280.00 386.00 1.66 0.26 0.49 8.10 1.62 30.33 0.875 0.000 0.000 2.446 1.00 0.0000000000 0.0000000000 0.9400489561 0.3410395288 True False True False
