PassengerCar 0.96 0 -1 1225.00 271.00 1280.00 720.00 1.25 1.93 4.21 3.48 1.30 8.12 -1.600 -0.000 0.009 -0.029 1.00 -0.0000454379 0.0044139925 -0.0146088912 0.9998835407 True True True False
PassengerCar 0.00 0 -1 665.00 283.00 813.00 398.00 1.50 1.90 4.20 0.96 1.84 33.23 -1.587 -0.019 -0.000 -0.016 1.00 -0.0094041158 -0.0000765728 -0.0081418463 0.9999226305 True True True False
PassengerCar 0.00 0 -1 764.03 290.11 899.81 338.41 -1.00 -1.00 -1.00 -1000.00 -1000.00 -1000.00 -1.000 -1.000 -1.000 -1.000 1.00 -1000.0000000000 -1000.0000000000 -1000.0000000000 -1000.0000000000 True True False False
PassengerCar 0.00 0 -1 1031.00 263.00 1241.00 395.00 1.58 1.80 4.40 6.38 1.73 32.10 -1.600 0.066 -0.015 -0.029 1.00 0.0330740878 -0.0079012206 -0.0144941526 0.9993165639 True True True False
PassengerCar 0.00 2 -1 999.00 293.00 1157.00 379.00 1.33 1.83 4.27 6.66 1.88 38.08 -1.571 -0.003 -0.015 -0.000 1.00 -0.0017475213 -0.0073562664 -0.0000843441 0.9999714118 True True True False
DontCare 0.00 -1 -1 655.19 296.97 697.34 333.89 -1.00 -1.00 -1.00 -1000.00 -1000.00 -1000.00 -1.000 -1.000 -1.000 -1.000 1.00 -1000.0000000000 -1000.0000000000 -1000.0000000000 -1000.0000000000 False False False False
DontCare 0.00 -1 -1 854.08 286.00 874.89 323.75 -1.00 -1.00 -1.00 -1000.00 -1000.00 -1000.00 -1.000 -1.000 -1.000 -1.000 1.00 -1000.0000000000 -1000.0000000000 -1000.0000000000 -1000.0000000000 False False False False
Pedestrian 0.06 0 -1 382.00 284.00 404.00 354.00 1.68 0.49 0.43 -6.66 2.25 56.40 -1.599 0.000 0.000 -0.028 1.00 0.0000000000 0.0000000000 -0.0140298120 0.9999015773 True True True False
Pedestrian 0.06 1 -1 406.00 291.00 425.00 358.00 1.63 0.43 0.40 -6.10 2.36 56.20 -1.620 0.000 0.000 -0.049 1.00 0.0000000000 0.0000000000 -0.0246974837 0.9996949706 True True True True
Pedestrian 0.00 0 -1 902.79 279.30 914.74 325.03 -1.00 -1.00 -1.00 -1000.00 -1000.00 -1000.00 -1.000 -1.000 -1.000 -1.000 1.00 -1000.0000000000 -1000.0000000000 -1000.0000000000 -1000.0000000000 True True False False
Pedestrian 0.00 0 -1 890.33 283.43 907.20 325.66 -1.00 -1.00 -1.00 -1000.00 -1000.00 -1000.00 -1.000 -1.000 -1.000 -1.000 1.00 -1000.0000000000 -1000.0000000000 -1000.0000000000 -1000.0000000000 True True False False
Pedestrian 0.00 0 -1 912.44 277.45 931.37 326.39 -1.00 -1.00 -1.00 -1000.00 -1000.00 -1000.00 -1.000 -1.000 -1.000 -1.000 1.00 -1000.0000000000 -1000.0000000000 -1000.0000000000 -1000.0000000000 True True False True
Pedestrian 0.00 0 -1 929.36 274.91 949.58 326.09 -1.00 -1.00 -1.00 -1000.00 -1000.00 -1000.00 -1.000 -1.000 -1.000 -1.000 1.00 -1000.0000000000 -1000.0000000000 -1000.0000000000 -1000.0000000000 True True False False
Pedestrian 0.00 0 -1 945.24 280.30 962.73 324.46 -1.00 -1.00 -1.00 -1000.00 -1000.00 -1000.00 -1.000 -1.000 -1.000 -1.000 1.00 -1000.0000000000 -1000.0000000000 -1000.0000000000 -1000.0000000000 True True False False
