PassengerCar 0.79 0 -1 0.00 132.00 323.00 720.00 1.62 1.86 4.39 -2.37 1.36 7.23 -4.690 0.000 0.000 -3.120 1.00 0.0000000000 0.0000000000 -0.9999395659 0.0109938401 True True True False
PassengerCar 0.00 2 -1 44.00 273.00 446.00 574.00 1.39 1.63 3.50 -2.12 1.48 12.51 1.538 0.000 -0.014 3.109 1.00 0.0068517465 0.0000130936 0.9998404393 0.0164969489 True True True False
PassengerCar 0.00 2 -1 225.00 282.00 499.00 508.00 1.49 1.69 3.43 -2.14 1.65 17.06 1.531 -0.000 -0.004 3.102 1.00 0.0021394232 -0.0001004188 0.9997988477 0.0199418377 True True True False
PassengerCar 0.00 3 -1 307.00 293.00 538.00 471.00 1.50 1.81 3.50 -2.21 1.82 21.79 1.565 0.000 0.000 3.136 1.00 0.0000000000 0.0000000000 0.9999957767 0.0029063036 True True True False
PassengerCar 0.00 1 -1 402.00 267.00 608.00 438.00 1.78 1.99 4.21 -1.74 1.86 26.34 -1.558 0.000 0.000 0.013 1.00 0.0000000000 0.0000000000 0.0064118704 0.9999794437 True True True False
PassengerCar 0.00 0 -1 634.00 297.00 803.00 409.00 1.43 1.94 4.21 0.79 1.95 32.54 -4.586 0.000 0.000 -3.016 1.00 0.0000000000 0.0000000000 -0.9980137754 0.0629960640 True True True False
PassengerCar 0.99 3 -1 1240.00 41.00 1280.00 720.00 1.53 1.88 4.29 2.59 1.32 4.49 -1.576 0.000 0.000 -0.005 1.00 0.0000000000 0.0000000000 -0.0024730159 0.9999969421 True False True False
PassengerCar 0.58 1 -1 997.00 267.00 1280.00 635.00 1.40 1.97 4.07 2.82 1.44 10.90 -4.709 0.000 0.000 -3.138 1.00 0.0000000000 0.0000000000 -0.9999984816 0.0017426386 True True True False
PassengerCar 0.00 2 -1 895.00 287.00 1218.00 499.00 1.43 1.81 4.21 2.88 1.65 18.02 -4.709 0.000 0.000 -3.138 1.00 0.0000000000 0.0000000000 -0.9999983809 0.0017994970 True True True False
PassengerCar 0.00 2 -1 852.00 302.00 1064.00 452.00 1.42 1.70 3.90 2.99 1.88 24.58 -1.585 0.000 0.000 -0.014 1.00 0.0000000000 0.0000000000 -0.0070537216 0.9999751222 True True True False
PassengerCar 0.00 2 -1 818.00 273.00 1007.00 417.00 1.68 1.93 4.21 3.00 1.84 29.22 -1.571 0.000 0.000 0.000 1.00 0.0000000000 0.0000000000 0.0000000000 1.0000000000 True True True False
