PassengerCar 1.00 0 -1 0.00 0.00 163.00 720.00 1.61 2.25 5.22 -2.61 1.34 3.75 -4.683 0.045 -0.003 -3.112 1.00 -0.0009890179 -0.0225458687 -0.9996343802 0.0148933430 True True True True
PassengerCar 0.38 1 -1 0.00 315.00 274.00 538.00 1.34 1.86 4.18 -4.30 1.79 16.99 -4.645 0.013 -0.001 -3.074 1.00 -0.0002188154 -0.0065113456 -0.9994146097 0.0335855977 True True True False
PassengerCar 0.00 0 -1 345.00 299.00 607.00 489.00 1.36 1.83 4.20 -1.55 1.75 20.22 -4.702 0.043 0.001 -3.131 1.00 0.0003942369 -0.0215506186 -0.9997540825 0.0052143963 True True True False
PassengerCar 0.00 1 -1 274.00 318.00 458.00 449.00 1.51 1.83 3.85 -3.81 2.28 29.93 -4.710 0.029 -0.011 -3.139 1.00 -0.0057181414 -0.0143625235 -0.9998793927 0.0014902579 True True True False
PassengerCar 0.00 0 -1 726.00 315.00 830.00 392.00 1.37 1.82 3.94 2.10 2.44 44.75 -1.571 0.000 0.000 0.000 1.00 0.0000000000 0.0000000000 0.0000000000 1.0000000000 True True True False
PassengerCar 0.00 0 -1 952.00 269.00 1233.00 467.00 1.52 1.78 4.07 3.64 1.66 20.56 -1.546 0.036 -0.019 0.025 1.00 0.0182137937 -0.0090452614 0.0126267991 0.9997134614 True True True False
PassengerCar 0.00 2 -1 910.00 299.00 1122.00 446.00 1.41 1.81 3.99 3.75 1.87 25.59 -1.544 0.025 0.000 0.026 1.00 0.0123288947 0.0001624763 0.0131763507 0.9998371646 True True True False
PassengerCar 0.00 2 -1 893.00 318.00 1038.00 432.00 1.54 1.75 3.96 4.37 2.42 34.53 -1.539 -0.000 -0.007 0.031 1.00 -0.0000930209 -0.0036557520 0.0157147921 0.9998698276 True True True False
PassengerCar 0.00 2 -1 862.00 316.00 1011.00 411.00 1.50 1.89 4.23 4.50 2.45 39.47 -1.606 -0.000 -0.011 -0.036 1.00 -0.0001003171 -0.0055570043 -0.0178117281 0.9998259108 True True True False
PassengerCar_is_group 0.00 3 -1 837.00 318.00 964.00 400.00 1.50 1.93 8.08 4.77 2.73 48.61 -1.557 0.000 -0.009 0.013 1.00 0.0000314864 -0.0046908975 0.0067120106 0.9999664711 True True True False
PassengerCar 0.00 2 -1 657.45 351.54 691.46 384.27 -1.00 -1.00 -1.00 -1000.00 -1000.00 -1000.00 -1.000 -1.000 -1.000 -1.000 1.00 -1000.0000000000 -1000.0000000000 -1000.0000000000 -1000.0000000000 True True False False
PassengerCar 0.00 1 -1 615.27 354.34 657.19 388.65 -1.00 -1.00 -1.00 -1000.00 -1000.00 -1000.00 -1.000 -1.000 -1.000 -1.000 1.00 -1000.0000000000 -1000.0000000000 -1000.0000000000 -1000.0000000000 True True False False
PassengerCar 0.00 3 -1 558.29 344.11 613.02 398.26 -1.00 -1.00 -1.00 -1000.00 -1000.00 -1000.00 -1.000 -1.000 -1.000 -1.000 1.00 -1000.0000000000 -1000.0000000000 -1000.0000000000 -1000.0000000000 True True False False
DontCare 1.00 3 -1 0.00 270.00 0.00 472.00 1.71 0.60 0.69 -6.44 1.79 19.95 -4.708 0.000 0.000 -3.137 1.00 0.0000000000 0.0000000000 -0.9999971358 0.0023933901 False False False False
DontCare 1.00 3 -1 0.00 270.00 0.00 455.00 1.69 0.66 0.68 -8.57 1.78 21.60 -4.673 0.000 0.000 -3.102 1.00 0.0000000000 0.0000000000 -0.9998015747 0.0199201221 False False False False
Vehicle 0.00 3 -1 929.00 304.00 1099.00 422.00 1.42 1.74 3.49 4.48 2.01 30.44 -1.560 0.000 0.000 0.011 1.00 0.0000000000 0.0000000000 0.0055612183 0.9999845363 False False True False
Vehicle 0.90 3 -1 0.00 290.00 72.00 645.00 1.52 1.87 4.04 -4.65 1.69 12.17 -1.526 0.000 0.000 0.045 1.00 0.0000000000 0.0000000000 0.0225295991 0.9997461764 False False True False
Obstacle 0.00 3 -1 146.00 300.00 214.00 435.00 1.76 0.73 0.79 -6.48 2.30 30.90 -4.703 0.000 0.000 -3.133 1.00 0.0000000000 0.0000000000 -0.9999899324 0.0044872041 True True True False
Pedestrian 0.00 0 -1 637.03 345.43 651.87 388.44 -1.00 -1.00 -1.00 -1000.00 -1000.00 -1000.00 -1.000 -1.000 -1.000 -1.000 1.00 -1000.0000000000 -1000.0000000000 -1000.0000000000 -1000.0000000000 True True False False
Pedestrian 0.00 0 -1 652.86 338.06 669.96 387.10 -1.00 -1.00 -1.00 -1000.00 -1000.00 -1000.00 -1.000 -1.000 -1.000 -1.000 1.00 -1000.0000000000 -1000.0000000000 -1000.0000000000 -1000.0000000000 True True False False
Pedestrian 0.00 1 -1 211.00 301.00 282.00 436.00 1.76 0.77 0.97 -5.60 2.31 30.98 -4.706 0.000 0.000 -3.135 1.00 0.0000000000 0.0000000000 -0.9999943991 0.0033469037 True True True False
Pedestrian 0.00 2 -1 329.00 303.00 401.00 393.00 1.72 1.27 0.77 -5.79 2.53 44.54 -1.571 0.000 0.000 0.000 1.00 0.0000000000 0.0000000000 0.0000000000 1.0000000000 True True True False
