PassengerCar 0.89 0 -1 0.00 155.00 94.00 602.00 1.49 1.84 4.24 -4.45 1.11 9.86 -2.406 -0.015 0.014 -0.835 1.00 -0.0041214875 0.0092921759 -0.4054299511 0.9140695945 True True True False
PassengerCar 0.79 3 -1 0.00 223.00 136.00 491.00 1.41 1.77 3.80 -5.24 1.21 14.15 -2.538 -0.017 0.005 -0.967 1.00 -0.0062448585 0.0062234582 -0.4648651071 0.8853376206 True True True False
PassengerCar 0.52 2 -1 0.00 235.00 253.00 440.00 1.37 1.83 3.94 -5.12 1.21 17.42 -2.456 0.000 0.000 -0.885 1.00 0.0000000000 0.0000000000 -0.4283983130 0.9035899985 True True True False
PassengerCar 0.23 2 -1 0.00 242.00 325.00 415.00 1.41 1.80 3.92 -5.03 1.27 20.89 -2.401 0.000 0.000 -0.831 1.00 0.0000000000 0.0000000000 -0.4035033423 0.9149781706 True True True False
PassengerCar 0.00 3 -1 3.00 251.00 386.00 406.00 1.49 1.89 3.99 -5.01 1.42 24.39 -2.432 0.000 0.000 -0.861 1.00 0.0000000000 0.0000000000 -0.4174216124 0.9087129346 True True False False
PassengerCar 0.00 3 -1 56.00 261.00 383.00 394.00 1.50 1.89 3.79 -5.44 1.53 28.04 -2.454 0.001 -0.006 -0.883 1.00 -0.0007097991 -0.0028446721 -0.4273981872 0.9040587335 True True True False
PassengerCar 0.00 3 -1 122.00 259.00 421.00 379.00 1.54 1.81 3.76 -5.38 1.53 31.51 -2.576 0.000 0.000 -1.005 1.00 0.0000000000 0.0000000000 -0.4816226095 0.8763787207 True True True False
PassengerCar 0.00 2 -1 256.00 268.00 526.00 379.00 1.54 1.82 4.12 -4.10 1.65 34.07 -2.340 0.000 0.000 -0.769 1.00 0.0000000000 0.0000000000 -0.3749938792 0.9270272868 True True True False
PassengerCar 0.00 0 -1 515.00 280.00 622.00 371.00 1.48 1.76 3.81 -1.86 1.90 42.77 -1.648 -0.066 -0.005 -0.077 1.00 -0.0332012657 -0.0012803210 -0.0385125004 0.9987055743 True True True False
PassengerCar 0.73 1 -1 1132.00 252.00 1280.00 549.00 1.43 1.83 3.96 3.98 1.40 13.19 -1.585 0.000 0.000 -0.014 1.00 0.0000000000 0.0000000000 -0.0068961089 0.9999762216 True True True False
PassengerCar 0.27 2 -1 1037.00 263.00 1280.00 469.00 1.46 1.79 3.81 4.11 1.49 18.42 -1.556 0.000 0.000 0.015 1.00 0.0000000000 0.0000000000 0.0074466479 0.9999722733 True True True False
PassengerCar 0.00 2 -1 933.00 250.00 1188.00 428.00 1.65 1.85 4.54 3.91 1.56 23.80 -1.571 0.000 0.000 0.000 1.00 0.0000000000 0.0000000000 0.0000000000 1.0000000000 True True True False
