PassengerCar 1.00 0 -1 1279.00 5.00 1280.00 720.00 1.66 2.06 4.03 2.83 1.37 4.81 -1.571 0.000 0.000 0.000 1.00 0.0000000000 0.0000000000 0.0000000000 1.0000000000 True True True False
PassengerCar 0.71 1 -1 1049.00 283.00 1280.00 714.00 1.41 1.90 3.93 2.89 1.51 9.67 -1.586 0.000 0.000 -0.016 1.00 0.0000000000 0.0000000000 -0.0077573261 0.9999699115 True True True False
PassengerCar 0.00 0 -1 424.00 276.00 825.00 596.00 1.28 1.65 4.26 -0.21 1.38 11.71 -1.589 -0.000 0.008 -0.019 1.00 -0.0000363358 0.0039011206 -0.0093137297 0.9999490159 True True True False
PassengerCar 0.00 2 -1 797.00 321.00 901.00 413.00 1.49 1.54 4.13 3.17 2.59 41.05 -1.560 0.011 -0.013 0.011 1.00 0.0054161483 -0.0064843413 0.0053299761 0.9999501038 True True True False
PassengerCar 0.00 0 -1 356.00 342.00 478.00 417.00 1.32 1.87 4.45 -4.77 2.92 44.77 -4.711 0.013 -0.021 -3.141 1.00 -0.0104110320 -0.0066538705 -0.9999234898 0.0005923834 True True True True
PassengerCar 0.00 3 -1 383.00 337.00 490.00 404.00 1.26 1.89 4.26 -4.90 2.95 49.75 1.569 0.000 0.000 3.140 1.00 0.0000000000 0.0000000000 0.9999996951 0.0007808388 True True True True
PassengerCar 0.00 3 -1 413.00 337.00 506.00 407.00 1.47 1.81 3.86 -4.79 3.29 53.90 1.568 0.000 0.000 3.139 1.00 0.0000000000 0.0000000000 0.9999993344 0.0011538143 True True True True
PassengerCar 0.00 3 -1 434.18 318.39 514.43 377.94 -1.00 -1.00 -1.00 -1000.00 -1000.00 -1000.00 -1.000 -1.000 -1.000 -1.000 1.00 -1000.0000000000 -1000.0000000000 -1000.0000000000 -1000.0000000000 True True False True
PassengerCar 0.00 3 -1 769.00 321.00 877.00 408.00 1.59 1.80 3.92 2.99 2.79 45.29 -1.582 0.000 -0.014 -0.011 1.00 0.0001457527 -0.0072435531 -0.0056997725 0.9999575102 True True True True
PassengerCar 0.00 3 -1 747.00 316.00 849.00 393.00 1.50 1.80 4.02 2.75 2.73 49.61 -1.612 0.000 0.000 -0.041 1.00 0.0000000000 0.0000000000 -0.0205102763 0.9997896422 True False True False
DontCare 0.00 -1 -1 924.73 287.22 1118.11 405.77 -1.00 -1.00 -1.00 -1000.00 -1000.00 -1000.00 -1.000 -1.000 -1.000 -1.000 1.00 -1000.0000000000 -1000.0000000000 -1000.0000000000 -1000.0000000000 False False False False
DontCare 0.00 -1 -1 287.49 306.62 405.40 387.09 -1.00 -1.00 -1.00 -1000.00 -1000.00 -1000.00 -1.000 -1.000 -1.000 -1.000 1.00 -1000.0000000000 -1000.0000000000 -1000.0000000000 -1000.0000000000 False False False False
Obstacle 1.00 3 -1 1280.00 219.00 1280.00 475.00 1.76 0.63 0.65 6.40 1.48 16.34 -4.587 0.011 0.022 -3.016 1.00 0.0114747988 -0.0045427399 -0.9979543313 0.0627283440 True False True False
Obstacle 1.00 3 -1 1280.00 243.00 1280.00 476.00 1.78 0.41 0.60 6.23 1.64 18.07 -4.485 0.011 0.025 -2.914 1.00 0.0132587768 -0.0039339583 -0.9934354145 0.1135552995 True False True True
Obstacle 0.87 3 -1 1270.00 240.00 1280.00 467.00 1.82 0.53 0.48 5.23 1.66 18.96 -1.458 0.000 0.000 0.113 1.00 0.0000000000 0.0000000000 0.0565811019 0.9983980063 True False True False
Obstacle 0.61 3 -1 1258.00 233.00 1280.00 427.00 1.73 0.42 0.39 5.58 1.48 20.97 -4.620 0.000 0.000 -3.049 1.00 0.0000000000 0.0000000000 -0.9989362949 0.0461115908 True False True False
Obstacle 0.00 2 -1 1177.00 247.00 1236.00 438.00 1.71 0.44 0.44 4.89 1.59 21.07 -1.545 0.000 0.000 0.025 1.00 0.0000000000 0.0000000000 0.0127471853 0.9999187513 True True True True
Obstacle 0.00 3 -1 1175.00 250.00 1232.00 437.00 1.80 0.45 0.54 5.22 1.70 22.63 -4.650 0.000 0.000 -3.079 1.00 0.0000000000 0.0000000000 -0.9995062282 0.0314213266 True True True True
Obstacle 1.00 3 -1 1280.00 236.00 1280.00 445.00 1.94 0.46 0.52 6.45 1.72 21.92 -1.341 0.000 0.000 0.229 1.00 0.0000000000 0.0000000000 0.1144060046 0.9934340774 True False True True
Pedestrian 0.00 0 -1 915.00 300.00 963.00 417.00 1.80 0.66 0.55 4.20 2.40 35.89 1.530 -0.001 -0.001 3.101 1.00 0.0004090585 -0.0003703311 0.9997965503 0.0201631717 True True True True
Pedestrian 0.00 1 -1 956.00 306.00 988.00 412.00 1.62 0.42 0.42 4.70 2.32 35.82 1.500 0.000 0.000 3.070 1.00 0.0000000000 0.0000000000 0.9993667966 0.0355809755 True True True True
Pedestrian 0.00 0 -1 982.00 301.00 1016.00 415.00 1.74 0.48 0.53 5.12 2.37 35.81 -4.481 0.000 0.000 -2.911 1.00 0.0000000000 0.0000000000 -0.9933345284 0.1152671453 True True True True
Pedestrian 0.00 3 -1 1008.00 301.00 1038.00 406.00 1.60 0.43 0.39 5.47 2.22 35.74 -4.492 0.000 -0.003 -2.921 1.00 -0.0014701507 -0.0002964631 -0.9939265367 0.1100354054 True True True True
Pedestrian 0.00 1 -1 1019.00 293.00 1056.00 399.00 1.62 0.39 0.40 5.72 2.11 35.84 -0.691 0.000 0.000 0.880 1.00 0.0000000000 0.0000000000 0.4260358292 0.9047062906 True True True True
Pedestrian 0.00 1 -1 1070.00 289.00 1108.00 397.00 1.64 0.51 0.37 6.45 2.08 35.53 -1.580 0.000 0.000 -0.009 1.00 0.0000000000 0.0000000000 -0.0047255163 0.9999888347 True True True True
Pedestrian 0.00 3 -1 1049.00 294.00 1081.00 398.00 1.71 0.47 0.39 6.64 2.28 38.75 -1.530 0.000 0.000 0.041 1.00 0.0000000000 0.0000000000 0.0203664956 0.9997925814 True True True True
Pedestrian 0.00 3 -1 1008.00 296.00 1046.00 403.00 1.76 0.56 0.32 5.98 2.35 38.60 -1.591 0.000 0.000 -0.020 1.00 0.0000000000 0.0000000000 -0.0101260070 0.9999487307 True True True True
Pedestrian 0.00 3 -1 914.00 301.00 1094.00 414.00 1.76 2.28 5.60 5.78 2.50 40.57 -1.579 0.000 0.000 -0.009 1.00 0.0000000000 0.0000000000 -0.0042795279 0.9999908428 True True True True
Pedestrian 0.00 1 -1 1069.00 286.00 1114.00 403.00 1.69 0.50 0.59 6.19 2.07 33.89 -1.659 0.000 0.000 -0.088 1.00 0.0000000000 0.0000000000 -0.0441287212 0.9990258535 True True True True
Pedestrian 0.00 2 -1 1113.00 233.00 1201.00 453.00 1.82 0.60 0.66 4.12 1.59 19.56 -1.563 0.000 0.000 0.008 1.00 0.0000000000 0.0000000000 0.0038110151 0.9999927381 True True True False
Pedestrian 0.00 3 -1 1093.00 255.00 1138.00 438.00 1.76 0.42 0.42 4.38 1.71 22.67 -1.347 0.000 0.000 0.224 1.00 0.0000000000 0.0000000000 0.1118068606 0.9937299562 True True True True
Pedestrian 0.00 0 -1 335.00 313.00 366.00 414.00 1.62 0.43 0.43 -5.14 2.48 37.68 -3.449 0.000 0.000 -1.878 1.00 0.0001963607 0.0000958810 -0.8069831354 0.5905744420 True True True False
Pedestrian 0.00 0 -1 298.00 317.00 333.00 417.00 1.59 0.54 0.53 -5.66 2.50 37.36 -1.773 0.000 0.000 -0.202 1.00 0.0000000000 0.0000000000 -0.1009219602 0.9948943451 True True True False
Pedestrian 0.00 2 -1 271.00 312.00 299.00 400.00 1.78 0.54 0.49 -7.89 2.86 47.94 -0.038 0.000 0.000 1.533 1.00 0.0000000000 0.0000000000 0.6936570714 0.7203053986 True True True True
Pedestrian 0.00 3 -1 1101.00 253.00 1150.00 429.00 1.80 0.48 0.51 4.76 1.73 24.10 -1.407 0.000 0.000 0.164 1.00 0.0000000000 0.0000000000 0.0819710525 0.9966347107 True True True False
Pedestrian 0.00 2 -1 879.00 312.00 905.00 395.00 1.77 0.50 0.50 4.83 2.89 50.02 1.567 0.000 0.000 3.138 1.00 0.0000000000 0.0000000000 0.9999985862 0.0016815191 True True True True
Pedestrian 0.06 3 -1 912.00 312.00 933.00 387.00 1.65 0.41 0.53 5.70 2.81 51.94 -1.592 0.000 0.000 -0.021 1.00 0.0000000000 0.0000000000 -0.0106130740 0.9999436797 True True True True
Pedestrian_is_group 1.00 3 -1 0.00 275.00 0.00 447.00 1.86 1.44 0.85 -10.19 2.02 25.51 -1.559 0.000 0.000 0.012 1.00 0.0000000000 0.0000000000 0.0059619096 0.9999822277 True False True False
Pedestrian 1.00 3 -1 0.00 287.00 0.00 443.00 1.54 0.53 0.72 -8.87 1.80 23.32 -1.571 0.000 0.000 0.000 1.00 0.0000000000 0.0000000000 0.0000000000 1.0000000000 True False True True
Pedestrian 1.00 3 -1 0.00 277.00 0.00 427.00 1.73 0.49 0.55 -10.78 1.92 27.09 -1.571 0.000 0.000 0.000 1.00 0.0000000000 0.0000000000 0.0000000000 1.0000000000 True False True False
