PassengerCar 0.00 2 -1 195.00 274.00 272.00 335.00 1.49 1.84 4.12 -11.21 1.86 60.21 1.413 0.017 0.000 2.984 1.00 0.0005675189 0.0086210231 0.9968526586 0.0788043960 True True True False
PassengerCar 0.00 2 -1 140.00 284.00 236.00 355.00 1.33 1.81 4.03 -9.80 1.84 47.69 1.389 0.035 0.006 2.960 1.00 -0.0015952237 0.0175181788 0.9957254604 0.0906718047 True True True False
PassengerCar 0.00 0 -1 9.00 275.00 197.00 399.00 1.54 1.97 4.11 -7.78 1.78 32.42 1.463 0.042 0.005 3.033 1.00 -0.0015194912 0.0213385376 0.9983068605 0.0540903892 True True True False
PassengerCar 0.00 0 -1 323.76 271.87 400.52 311.55 -1.00 -1.00 -1.00 -1000.00 -1000.00 -1000.00 -1.000 -1.000 -1.000 -1.000 1.00 -1000.0000000000 -1000.0000000000 -1000.0000000000 -1000.0000000000 True True False False
PassengerCar 0.00 0 -1 439.91 274.39 520.81 308.10 -1.00 -1.00 -1.00 -1000.00 -1000.00 -1000.00 -1.000 -1.000 -1.000 -1.000 1.00 -1000.0000000000 -1000.0000000000 -1000.0000000000 -1000.0000000000 True True False False
Pedestrian 0.06 0 -1 663.00 267.00 685.00 325.00 1.79 0.61 0.55 0.22 2.00 72.46 1.448 0.000 0.000 3.019 1.00 0.0000000000 0.0000000000 0.9981298282 0.0611297472 True True True False
Pedestrian 0.06 0 -1 643.00 265.00 663.00 324.00 1.83 0.53 0.50 -0.44 1.97 72.54 1.390 0.000 0.000 2.961 1.00 0.0000000000 0.0000000000 0.9959299080 0.0901311172 True True True False
Pedestrian 0.06 0 -1 747.00 261.00 770.00 326.00 1.71 0.52 0.47 2.40 1.71 61.27 1.405 0.000 -0.010 2.975 1.00 0.0048566536 -0.0004045609 0.9965366440 0.0830118445 True True True False
Pedestrian 0.05 0 -1 775.00 261.00 799.00 325.00 1.68 0.54 0.50 3.17 1.70 61.49 1.400 0.000 0.000 2.971 1.00 0.0000000000 0.0000000000 0.9963564773 0.0852864003 True True True False
Pedestrian 0.00 1 -1 838.00 251.00 865.00 326.00 1.88 0.58 0.57 4.63 1.64 58.46 -1.678 0.000 0.005 -0.107 1.00 0.0001450530 0.0027087596 -0.0534727869 0.9985656226 True True True False
Pedestrian 0.05 0 -1 857.00 249.00 881.00 326.00 1.92 0.50 0.51 5.03 1.63 57.97 -1.702 0.000 0.000 -0.131 1.00 0.0000000000 0.0000000000 -0.0655832042 0.9978471042 True True True False
Pedestrian 0.00 0 -1 909.00 247.00 945.00 327.00 1.84 0.63 0.71 5.98 1.53 53.43 1.383 0.000 0.000 2.953 1.00 0.0000000000 0.0000000000 0.9955740591 0.0939802792 True True True False
Pedestrian 0.00 0 -1 951.00 247.00 980.00 327.00 1.87 0.52 0.50 6.97 1.55 54.29 1.340 0.000 0.000 2.911 1.00 0.0000000000 0.0000000000 0.9933445473 0.1151807722 True True True False
Pedestrian 0.00 0 -1 1002.00 252.00 1033.00 325.00 1.70 0.57 0.50 8.22 1.50 54.50 1.303 0.000 0.000 2.874 1.00 0.0000000000 0.0000000000 0.9910639544 0.1333875495 True True True False
Pedestrian 1.00 3 -1 1280.00 231.00 1280.00 352.00 1.69 0.49 0.36 9.37 1.28 32.75 -0.819 0.000 0.000 0.752 1.00 0.0000000000 0.0000000000 0.3669975193 0.9302219202 True False True False
Pedestrian 1.00 3 -1 1280.00 230.00 1280.00 348.00 1.67 0.49 0.43 10.55 1.24 33.22 -3.532 0.000 0.000 -1.961 1.00 0.0000000000 0.0000000000 -0.8308273670 0.5565302204 True False True False
