PassengerCar 0.00 0 -1 96.00 225.00 681.00 652.00 1.45 1.53 2.49 -1.00 1.41 9.41 -1.336 0.046 -0.043 0.235 1.00 0.0255104821 -0.0184382144 0.1177642533 0.9925426077 True True True False
PassengerCar 0.00 1 -1 422.00 238.00 894.00 559.00 1.56 1.58 3.35 0.08 1.51 13.18 -1.230 0.033 -0.023 0.341 1.00 0.0181997337 -0.0087517255 0.1699446604 0.9852466642 True True True False
PassengerCar 0.00 1 -1 703.00 305.00 995.00 500.00 1.34 1.64 4.02 1.53 1.71 18.14 -1.336 0.016 -0.019 0.235 1.00 0.0092628837 -0.0082234747 0.1171313210 0.9930391871 True True True False
PassengerCar 0.00 2 -1 857.00 309.00 1053.00 462.00 1.36 1.42 3.17 2.87 1.85 22.70 -1.291 -0.002 -0.007 0.280 1.00 -0.0005087689 -0.0034321987 0.1393402633 0.9902384825 True True True False
PassengerCar 0.00 1 -1 926.00 314.00 1127.00 441.00 1.37 1.73 3.92 4.31 2.00 27.41 -1.255 -0.005 -0.014 0.316 1.00 -0.0012840390 -0.0071334265 0.1571805985 0.9875432775 True True True False
PassengerCar 0.00 3 -1 995.00 317.00 1135.00 428.00 1.47 1.43 3.59 5.76 2.29 33.37 -1.242 -0.003 -0.009 0.329 1.00 -0.0007431750 -0.0045092488 0.1635229205 0.9865289498 True True True False
PassengerCar 0.00 1 -1 1063.00 311.00 1182.00 409.00 1.61 1.61 3.75 7.89 2.52 40.02 -1.276 0.006 -0.037 0.295 1.00 0.0055147200 -0.0176312465 0.1469898936 0.9889654687 True True True False
PassengerCar 0.00 2 -1 1108.00 324.00 1211.00 404.00 1.45 1.55 3.30 9.43 2.67 44.36 -1.243 -0.005 -0.014 0.328 1.00 -0.0015421960 -0.0071959727 0.1633214091 0.9865454662 True True True False
PassengerCar 0.00 2 -1 1111.17 319.08 1204.59 388.86 -1.00 -1.00 -1.00 -1000.00 -1000.00 -1000.00 -1.000 -1.000 -1.000 -1.000 1.00 -1000.0000000000 -1000.0000000000 -1000.0000000000 -1000.0000000000 True True False False
PassengerCar 0.00 2 -1 1186.00 328.00 1275.00 396.00 1.46 1.58 3.79 13.56 3.15 55.83 -1.212 0.028 -0.010 0.358 1.00 0.0144710045 -0.0026219926 0.1782672152 0.9838722047 True True True False
Obstacle 1.00 3 -1 1280.00 298.00 1280.00 393.00 1.54 0.47 0.47 13.83 2.17 38.17 -1.362 0.000 0.000 0.208 1.00 0.0000000000 0.0000000000 0.1040188953 0.9945753211 False False True True
Obstacle 1.00 3 -1 1280.00 298.00 1280.00 397.00 1.54 0.41 0.46 12.97 2.13 36.55 -1.271 0.000 0.000 0.300 1.00 0.0000000000 0.0000000000 0.1493066883 0.9887909348 False False True True
Pedestrian 1.00 3 -1 1280.00 280.00 1280.00 402.00 1.72 0.63 0.48 11.26 2.01 33.53 -1.313 0.038 -0.010 0.257 1.00 0.0192660940 -0.0024961185 0.1284620394 0.9915241255 True False True True
Pedestrian 1.00 3 -1 1280.00 287.00 1280.00 396.00 1.62 0.51 0.36 12.21 2.02 34.84 -1.302 0.041 -0.012 0.269 1.00 0.0213880046 -0.0033633678 0.1342390725 0.9907124267 True False True True
Pedestrian 1.00 3 -1 1280.00 282.00 1280.00 399.00 1.74 0.52 0.65 12.81 2.07 35.08 -1.288 0.032 -0.009 0.283 1.00 0.0166732953 -0.0023738057 0.1409303858 0.9898762512 True False True True
Pedestrian 0.52 0 -1 1267.00 320.00 1280.00 395.00 1.81 0.64 0.60 15.01 3.27 56.88 -2.906 0.000 0.000 -1.336 1.00 0.0000000000 0.0000000000 -0.6192340272 0.7852064821 True True True True
Pedestrian 1.00 3 -1 1280.00 324.00 1280.00 393.00 1.67 0.51 0.60 16.38 3.22 56.78 -2.933 0.000 0.000 -1.362 1.00 0.0000000000 0.0000000000 -0.6296168644 0.7769057884 True False True True
Pedestrian 1.00 3 -1 0.00 128.00 0.00 685.00 1.80 0.56 0.51 -3.46 1.37 7.89 -2.489 0.003 0.004 -0.918 1.00 0.0021068641 0.0009526322 -0.4432539247 0.8963931123 True False True True
