PassengerCar 0.14 0 -1 0.00 249.00 341.00 518.00 1.32 1.64 3.58 -2.83 1.28 13.22 -1.632 0.000 0.000 -0.061 1.00 0.0000000000 0.0000000000 -0.0304168986 0.9995372991 True True True True
PassengerCar 0.00 1 -1 278.00 263.00 422.00 375.00 1.35 1.70 3.60 -4.02 1.39 29.84 -1.672 0.000 0.000 -0.101 1.00 0.0000000000 0.0000000000 -0.0504827266 0.9987249343 True True True False
PassengerCar 0.00 2 -1 349.00 261.00 434.00 331.00 1.50 1.82 4.00 -6.16 1.52 52.03 -1.682 0.000 -0.003 -0.112 1.00 0.0000716915 -0.0012831892 -0.0557827672 0.9984421021 True True True False
PassengerCar 0.00 0 -1 494.00 258.00 601.00 338.00 1.40 1.75 3.87 -2.25 1.36 42.82 -1.680 -0.002 0.012 -0.109 1.00 -0.0005279562 0.0060228264 -0.0544447777 0.9984984792 True True True False
PassengerCar 0.00 2 -1 468.00 265.00 545.00 317.00 1.40 1.80 4.15 -4.54 1.54 65.09 -1.727 0.000 0.000 -0.156 1.00 0.0000000000 0.0000000000 -0.0779948192 0.9969537643 True True True False
PassengerCar 0.00 3 -1 460.38 261.51 526.64 310.26 -1.00 -1.00 -1.00 -1000.00 -1000.00 -1000.00 -1.000 -1.000 -1.000 -1.000 1.00 -1000.0000000000 -1000.0000000000 -1000.0000000000 -1000.0000000000 True True False False
PassengerCar 0.23 0 -1 942.00 185.00 1280.00 465.00 1.67 1.92 4.22 3.21 1.24 16.07 -1.623 0.000 0.000 -0.052 1.00 0.0000000000 0.0000000000 -0.0259697239 0.9996627298 True True True True
PassengerCar 0.00 2 -1 832.00 225.00 1135.00 413.00 1.58 1.88 4.53 2.83 1.29 21.83 -1.655 0.000 0.000 -0.084 1.00 0.0000000000 0.0000000000 -0.0421384520 0.9991117810 True True True False
PassengerCar 0.00 0 -1 754.00 211.00 955.00 373.00 1.91 1.78 4.49 2.29 1.34 29.50 -1.666 0.000 0.000 -0.095 1.00 0.0000000000 0.0000000000 -0.0475237213 0.9988701096 True True True False
PassengerCar 0.00 3 -1 689.00 256.00 827.00 345.00 1.40 1.47 3.14 1.45 1.34 38.21 -1.808 0.000 0.000 -0.238 1.00 0.0000000000 0.0000000000 -0.1185512484 0.9929479349 True True True False
PassengerCar 0.00 2 -1 661.00 259.00 772.00 339.00 1.37 1.48 3.08 0.88 1.37 42.98 -1.745 -0.005 0.029 -0.174 1.00 -0.0012745637 0.0146045161 -0.0869320864 0.9961063678 True True True True
PassengerCar 0.00 1 -1 590.00 261.00 657.00 316.00 1.49 1.72 4.01 -1.20 1.51 65.10 -1.555 0.000 0.000 0.016 1.00 0.0000000000 0.0000000000 0.0078501459 0.9999691871 True True True False
PassengerCar 0.00 3 -1 726.00 266.00 888.00 354.00 1.22 1.66 3.71 1.99 1.30 34.01 -1.713 0.000 0.000 -0.142 1.00 0.0000000000 0.0000000000 -0.0708488748 0.9974870610 True True True False
DontCare 1.00 3 -1 0.00 258.00 0.00 338.00 1.51 1.32 3.62 -15.94 1.47 45.88 1.529 0.000 0.000 3.100 1.00 0.0000000000 0.0000000000 0.9997862705 0.0206739781 False False False False
DontCare 1.00 3 -1 0.00 261.00 0.00 336.00 1.58 1.82 4.98 -16.62 1.60 51.04 1.529 0.000 0.000 3.100 1.00 0.0000000000 0.0000000000 0.9997834992 0.0208075641 False False False False
DontCare 0.72 3 -1 0.00 233.00 39.00 327.00 2.23 2.06 6.70 -17.44 1.61 58.52 1.470 0.000 0.000 3.040 1.00 0.0000000000 0.0000000000 0.9987219751 0.0505412345 False False False False
DontCare 0.32 -1 -1 0.00 253.00 95.00 324.00 1.96 2.12 10.12 -18.94 1.77 69.20 1.486 0.000 0.000 3.057 1.00 0.0000000000 0.0000000000 0.9991047535 0.0423047452 False False False False
