PassengerCar 0.00 0 -1 988.00 275.00 1089.00 356.00 1.49 1.84 4.00 7.16 1.77 44.93 -1.423 0.000 0.000 0.148 1.00 0.0000000000 0.0000000000 0.0738175732 0.9972717613 True True True False
PassengerCar 0.00 1 -1 943.89 280.77 1036.26 321.48 -1.00 -1.00 -1.00 -1000.00 -1000.00 -1000.00 -1.000 -1.000 -1.000 -1.000 1.00 -1000.0000000000 -1000.0000000000 -1000.0000000000 -1000.0000000000 True True True True
PassengerCar 0.00 2 -1 1043.32 269.95 1134.96 318.32 -1.00 -1.00 -1.00 -1000.00 -1000.00 -1000.00 -1.000 -1.000 -1.000 -1.000 1.00 -1000.0000000000 -1000.0000000000 -1000.0000000000 -1000.0000000000 True True True False
PassengerCar 0.00 1 -1 1104.84 271.27 1192.97 314.18 -1.00 -1.00 -1.00 -1000.00 -1000.00 -1000.00 -1.000 -1.000 -1.000 -1.000 1.00 -1000.0000000000 -1000.0000000000 -1000.0000000000 -1000.0000000000 True True True False
PassengerCar 1.00 3 -1 1280.00 253.00 1280.00 392.00 1.84 1.80 4.26 10.43 1.76 32.98 -1.413 0.000 0.000 0.158 1.00 0.0000000000 0.0000000000 0.0786841258 0.9968995979 True False True False
PassengerCar 0.98 3 -1 1277.00 256.00 1280.00 370.00 1.88 1.99 4.24 11.91 1.81 40.53 -1.426 0.000 0.000 0.144 1.00 0.0000000000 0.0000000000 0.0721135932 0.9973964255 True False True False
PassengerCar 0.00 0 -1 481.00 281.00 607.00 327.00 1.45 1.90 3.83 -4.04 2.12 76.29 -3.897 0.000 0.000 -2.326 1.00 0.0000000000 0.0000000000 -0.9180060503 0.3965663773 True True True False
PassengerCar 0.00 0 -1 379.00 292.00 489.00 337.00 1.43 1.83 3.41 -7.69 2.48 76.69 -4.105 0.000 0.000 -2.534 1.00 0.0000000000 0.0000000000 -0.9542330197 0.2990641137 True True True False
PassengerCar 0.00 1 -1 243.36 297.85 362.06 339.98 -1.00 -1.00 -1.00 -1000.00 -1000.00 -1000.00 -1.000 -1.000 -1.000 -1.000 1.00 -1000.0000000000 -1000.0000000000 -1000.0000000000 -1000.0000000000 True True False False
DontCare 0.00 -1 -1 1162.07 292.25 1269.22 311.99 -1.00 -1.00 -1.00 -1000.00 -1000.00 -1000.00 -1.000 -1.000 -1.000 -1.000 1.00 -1000.0000000000 -1000.0000000000 -1000.0000000000 -1000.0000000000 False False False False
Pedestrian 0.00 0 -1 145.00 267.00 177.00 341.00 1.56 0.57 0.47 -10.81 1.71 49.58 -1.571 0.000 0.000 0.000 1.00 0.0000000000 0.0000000000 0.0000000000 1.0000000000 True True True False
Pedestrian 0.00 0 -1 207.00 260.00 243.00 341.00 1.69 0.65 0.56 -9.25 1.68 48.62 1.562 0.000 0.000 3.132 1.00 0.0000000000 0.0000000000 0.9999892771 0.0046309543 True True True False
Pedestrian 1.00 3 -1 0.00 242.00 0.00 370.00 1.68 0.59 0.58 -11.37 1.43 30.73 -4.697 -0.000 -0.003 -3.126 1.00 -0.0012576753 0.0000098607 -0.9999684750 0.0078401018 True False True False
