PassengerCar 0.94 0 -1 0.00 171.00 103.00 720.00 1.39 1.84 4.49 -3.25 1.22 7.12 -1.543 0.004 -0.000 0.028 1.00 0.0021395066 -0.0000301136 0.0140736084 0.9998986724 True True True False
PassengerCar 0.31 1 -1 0.00 222.00 351.00 515.00 1.40 1.76 4.15 -3.01 1.19 13.17 -1.544 0.000 0.018 0.027 1.00 0.0001229581 0.0091111033 0.0134936271 0.9998674386 True True True False
PassengerCar 0.00 0 -1 550.00 252.00 645.00 335.00 1.47 1.66 3.91 -1.27 1.34 43.47 -1.571 0.000 0.000 0.000 1.00 0.0000000000 0.0000000000 0.0000000000 1.0000000000 True True True False
PassengerCar 0.00 1 -1 288.00 245.00 498.00 330.00 1.56 1.72 3.63 -5.18 1.29 44.04 -2.980 0.000 0.000 -1.409 1.00 0.0000000000 0.0000000000 -0.6476567185 0.7619322640 True True True True
PassengerCar 0.00 3 -1 329.00 252.00 549.00 326.00 1.44 1.81 4.15 -4.64 1.29 47.10 -2.626 0.000 0.000 -1.055 1.00 0.0000000000 0.0000000000 -0.5034040620 0.8640511272 True True True False
PassengerCar 0.00 3 -1 368.00 249.00 575.00 325.00 1.58 1.81 4.12 -4.23 1.35 50.14 -2.651 0.000 0.000 -1.080 1.00 0.0000000000 0.0000000000 -0.5143088923 0.8576050159 True True True False
PassengerCar 0.00 2 -1 752.21 213.29 808.52 278.38 -1.00 -1.00 -1.00 -1000.00 -1000.00 -1000.00 -1.000 -1.000 -1.000 -1.000 1.00 -1000.0000000000 -1000.0000000000 -1000.0000000000 -1000.0000000000 True True False False
PassengerCar 0.00 2 -1 768.55 229.93 835.21 289.43 -1.00 -1.00 -1.00 -1000.00 -1000.00 -1000.00 -1.000 -1.000 -1.000 -1.000 1.00 -1000.0000000000 -1000.0000000000 -1000.0000000000 -1000.0000000000 True True False False
PassengerCar 0.00 2 -1 785.00 254.00 854.00 311.00 1.52 1.62 3.94 4.37 1.36 67.24 -1.601 -0.001 0.028 -0.030 1.00 -0.0002118036 0.0140809911 -0.0150386157 0.9997877379 True True True False
PassengerCar 0.00 2 -1 812.00 243.00 906.00 320.00 1.86 1.87 4.28 4.71 1.44 57.67 -1.595 0.000 0.000 -0.024 1.00 0.0000000000 0.0000000000 -0.0121550592 0.9999261245 True True True False
PassengerCar 0.00 0 -1 834.00 252.00 929.00 325.00 1.45 1.58 3.63 4.42 1.29 48.42 -1.590 0.000 0.000 -0.019 1.00 0.0000000000 0.0000000000 -0.0097475741 0.9999524913 True True True False
LargeVehicle 0.00 0 -1 645.00 202.00 758.00 323.00 2.70 2.25 6.19 0.75 1.41 55.16 -1.627 0.000 0.000 -0.056 1.00 0.0000000000 0.0000000000 -0.0279819770 0.9996084278 True True True False
LargeVehicle 0.99 0 -1 1040.00 0.00 1280.00 720.00 3.10 3.02 13.32 3.94 1.22 8.48 -1.563 -0.028 0.030 0.007 1.00 -0.0138793601 0.0147049101 0.0039351763 0.9997877992 True True True False
Pedestrian 0.05 0 -1 1024.00 230.00 1048.00 299.00 1.68 0.49 0.64 8.95 0.94 56.40 -1.581 0.000 0.000 -0.010 1.00 0.0000000000 0.0000000000 -0.0049140570 0.9999879259 True True True False
Pedestrian 0.00 0 -1 1046.00 225.00 1076.00 300.00 1.80 0.60 0.60 9.58 0.95 56.56 -1.612 0.000 0.000 -0.042 1.00 0.0000000000 0.0000000000 -0.0207746593 0.9997841835 True True True False
Pedestrian 0.00 2 -1 286.62 229.92 318.60 342.13 -1.00 -1.00 -1.00 -1000.00 -1000.00 -1000.00 -1.000 -1.000 -1.000 -1.000 1.00 -1000.0000000000 -1000.0000000000 -1000.0000000000 -1000.0000000000 True False False False
