PassengerCar 0.00 2 -1 13.00 276.00 566.00 480.00 1.40 1.85 3.84 -2.92 1.55 17.87 -2.650 -0.018 -0.018 -1.079 1.00 -0.0125222066 -0.0032689423 -0.5136419742 0.8579070059 True True True False
PassengerCar 0.00 3 -1 106.00 304.00 578.00 468.00 1.29 1.70 3.70 -2.81 1.68 20.10 -2.727 0.006 -0.003 -1.156 1.00 0.0017179413 -0.0026342767 -0.5462507396 0.8376158061 True True True False
PassengerCar 0.50 2 -1 1044.00 278.00 1280.00 494.00 1.41 1.85 3.36 4.51 1.62 16.99 -0.818 0.026 -0.053 0.753 1.00 0.0219454501 -0.0196078307 0.3677316959 0.9294661533 True True True False
PassengerCar 0.00 3 -1 863.00 316.00 1131.00 423.00 1.48 1.57 3.95 4.95 2.33 34.69 -0.626 0.018 -0.026 0.945 1.00 0.0141383241 -0.0074433378 0.4549849425 0.8903557753 True True True False
PassengerCar 0.00 3 -1 862.00 315.00 1176.00 429.00 1.41 1.80 4.21 4.88 2.19 32.01 -0.626 0.000 0.000 0.945 1.00 0.0000000000 0.0000000000 0.4549088649 0.8905379973 True True True False
PassengerCar 0.00 3 -1 805.00 324.00 1075.00 417.00 1.35 1.85 4.12 4.45 2.42 37.68 -0.588 0.000 0.000 0.983 1.00 0.0000000000 0.0000000000 0.4720584672 0.8815672428 True True True False
PassengerCar 0.00 3 -1 776.00 334.00 980.00 411.00 1.49 1.85 4.00 4.52 3.10 49.66 -0.508 0.000 0.000 1.062 1.00 0.0000000000 0.0000000000 0.5066002935 0.8621810382 True True True True
PassengerCar 0.00 3 -1 750.00 334.00 918.00 401.00 1.52 1.85 3.78 4.16 3.40 57.72 -0.522 0.000 0.000 1.049 1.00 0.0000000000 0.0000000000 0.5005693431 0.8656964438 True True True True
PassengerCar 0.00 3 -1 770.00 338.00 952.00 409.00 1.52 1.86 3.94 4.61 3.40 55.02 -0.529 0.000 0.000 1.042 1.00 0.0000000000 0.0000000000 0.4975720704 0.8674226391 True True True True
PassengerCar 0.00 0 -1 643.50 338.32 700.08 384.76 -1.00 -1.00 -1.00 -1000.00 -1000.00 -1000.00 -1.000 -1.000 -1.000 -1.000 1.00 -1000.0000000000 -1000.0000000000 -1000.0000000000 -1000.0000000000 True True True False
PassengerCar 0.00 3 -1 722.00 327.00 885.00 390.00 1.63 1.86 4.12 3.77 3.49 64.03 -0.486 0.000 0.000 1.085 1.00 0.0000000000 0.0000000000 0.5161571365 0.8564939056 True False True True
PassengerCar 0.00 2 -1 689.13 338.93 723.70 375.54 -1.00 -1.00 -1.00 -1000.00 -1000.00 -1000.00 -1.000 -1.000 -1.000 -1.000 1.00 -1000.0000000000 -1000.0000000000 -1000.0000000000 -1000.0000000000 True True False False
PassengerCar 0.00 3 -1 706.64 340.68 755.51 377.58 -1.00 -1.00 -1.00 -1000.00 -1000.00 -1000.00 -1.000 -1.000 -1.000 -1.000 1.00 -1000.0000000000 -1000.0000000000 -1000.0000000000 -1000.0000000000 True True False False
Vehicle 0.00 3 -1 178.00 254.00 619.00 436.00 1.71 1.93 3.96 -2.69 1.66 23.34 -2.765 0.000 0.000 -1.194 1.00 0.0000000000 0.0000000000 -0.5621642234 0.8270256259 True True True False
Vehicle 0.00 3 -1 206.00 276.00 610.00 420.00 1.52 1.86 4.12 -2.91 1.70 26.11 -2.754 0.000 0.000 -1.183 1.00 0.0000000000 0.0000000000 -0.5575892302 0.8301170101 True False True False
Vehicle 0.00 3 -1 322.00 295.00 600.00 402.00 1.71 1.85 4.31 -3.48 2.30 39.25 -2.758 0.000 0.000 -1.187 1.00 0.0000000000 0.0000000000 -0.5594183054 0.8288854925 True False True False
Pedestrian 0.00 0 -1 717.00 312.00 750.00 402.00 1.56 0.56 0.55 1.17 2.47 40.90 -1.597 0.000 0.000 -0.026 1.00 0.0000000000 0.0000000000 -0.0131549851 0.9999134694 True True True False
Pedestrian 1.00 3 -1 1280.00 269.00 1280.00 415.00 1.64 0.52 0.59 8.50 1.73 26.28 -1.571 0.000 -0.014 0.000 1.00 0.0000000000 -0.0070368660 0.0000000000 0.9999752410 True False True False
Pedestrian 0.25 0 -1 831.00 2.00 1182.00 720.00 1.80 0.61 0.62 0.71 1.30 4.66 0.220 0.036 0.115 1.791 1.00 -0.0336832323 0.0500684866 0.7784849860 0.6247557228 True True True False
Pedestrian 0.00 3 -1 962.22 267.61 1017.97 441.24 -1.00 -1.00 -1.00 -1000.00 -1000.00 -1000.00 -1.000 -1.000 -1.000 -1.000 1.00 -1000.0000000000 -1000.0000000000 -1000.0000000000 -1000.0000000000 False True False False
