PassengerCar 1.00 3 -1 1280.00 0.00 1280.00 720.00 1.38 1.79 3.87 2.61 1.16 3.21 -1.507 0.000 0.000 0.064 1.00 0.0000000000 0.0000000000 0.0318884168 0.9994914351 True False True False
PassengerCar 0.66 0 -1 997.00 224.00 1280.00 682.00 1.37 1.71 4.23 2.56 1.26 9.11 -1.628 0.000 0.005 -0.057 1.00 0.0000727977 0.0025401878 -0.0286465351 0.9995863735 True True True False
PassengerCar 0.00 2 -1 893.00 257.00 1280.00 511.00 1.40 1.61 3.99 2.54 1.39 14.86 -1.619 0.000 0.000 -0.049 1.00 0.0000000000 0.0000000000 -0.0243135387 0.9997043822 True True True False
PassengerCar 0.00 2 -1 822.00 264.00 1067.00 434.00 1.36 1.64 4.16 2.36 1.40 20.70 -1.583 -0.000 0.000 -0.012 1.00 -0.0000000200 0.0000033822 -0.0059021217 0.9999825823 True True True False
PassengerCar 0.00 3 -1 811.00 250.00 996.00 409.00 1.59 1.62 4.06 2.50 1.50 25.34 -1.564 0.000 0.000 0.007 1.00 0.0000000000 0.0000000000 0.0032685175 0.9999946584 True True True False
PassengerCar 0.00 3 -1 798.00 268.00 929.00 373.00 1.52 1.53 4.07 2.97 1.65 35.78 -1.609 0.000 0.000 -0.038 1.00 0.0000000000 0.0000000000 -0.0190194867 0.9998191132 True True True False
PassengerCar 0.00 3 -1 770.00 266.00 884.00 360.00 1.55 1.55 3.60 2.72 1.65 40.23 -1.621 -0.001 0.003 -0.051 1.00 -0.0002900480 0.0015646201 -0.0252831651 0.9996790632 True True True False
PassengerCar 0.00 3 -1 760.00 270.00 860.00 347.00 1.44 1.59 3.88 2.76 1.64 45.54 -1.604 0.000 0.000 -0.033 1.00 0.0000000000 0.0000000000 -0.0164643431 0.9998644535 True True True False
PassengerCar 0.00 3 -1 749.00 267.00 835.00 337.00 1.49 1.57 3.60 2.73 1.66 51.46 -1.617 0.001 -0.013 -0.046 1.00 0.0001498452 -0.0064822136 -0.0231097063 0.9997119085 True True True False
PassengerCar 0.00 0 -1 521.00 263.00 656.00 363.00 1.52 1.88 4.59 -1.25 1.59 38.96 -4.665 0.019 0.013 -3.094 1.00 0.0067710002 -0.0093309150 -0.9996550135 0.0235996094 True True True False
PassengerCar 0.00 0 -1 644.00 269.00 715.00 325.00 1.25 1.64 3.82 0.29 1.47 55.05 -4.703 0.000 0.006 -3.132 1.00 0.0027735996 0.0000105157 -0.9999850399 0.0047145613 True True True False
PassengerCar 1.00 3 -1 0.00 272.00 0.00 613.00 1.35 1.70 3.90 -5.06 1.42 11.28 1.570 -0.000 0.007 3.141 1.00 -0.0032767434 -0.0000015887 0.9999945139 0.0004848259 True False True False
PassengerCar 0.15 0 -1 0.00 277.00 228.00 469.00 1.45 1.52 3.84 -4.96 1.64 20.56 1.538 -0.001 0.022 3.109 1.00 -0.0112075187 -0.0001811340 0.9998066089 0.0161587003 True True True False
PassengerCar 0.00 2 -1 114.00 272.00 278.00 412.00 1.36 1.60 3.29 -4.98 1.49 24.78 1.397 -0.002 0.010 2.968 1.00 -0.0052894434 -0.0004602558 0.9962216003 0.0866852531 True True True False
PassengerCar 0.00 1 -1 179.00 242.00 371.00 404.00 1.85 1.82 5.15 -4.89 1.63 29.59 1.518 -0.001 0.023 3.089 1.00 -0.0113921348 -0.0003001701 0.9995881337 0.0263380340 True True True False
PassengerCar 0.00 2 -1 287.00 263.00 436.00 371.00 1.65 1.94 4.37 -4.92 1.69 37.86 1.547 -0.001 0.008 3.118 1.00 -0.0041163574 -0.0006230638 0.9999222282 0.0117560563 True True True False
PassengerCar 0.00 1 -1 454.00 253.00 550.00 350.00 1.76 1.70 4.32 -3.23 1.64 45.92 1.539 0.015 0.020 3.110 1.00 -0.0099511122 0.0076762150 0.9997954170 0.0158485111 True True True False
PassengerCar 0.00 3 -1 393.00 254.00 484.00 338.00 1.79 1.80 3.97 -5.15 1.66 52.67 1.536 -0.000 0.023 3.106 1.00 -0.0113598296 0.0000565385 0.9997800329 0.0176305695 True True True False
PassengerCar 0.00 3 -1 749.00 267.00 829.00 330.00 1.50 1.77 4.24 2.99 1.68 57.89 -1.571 0.000 0.000 0.000 1.00 0.0000000000 0.0000000000 0.0000000000 1.0000000000 True True True False
PassengerCar 0.00 3 -1 736.00 255.00 797.00 315.00 1.94 1.86 4.21 3.28 1.78 77.26 -1.569 0.000 0.000 0.001 1.00 0.0000000000 0.0000000000 0.0006986747 0.9999997559 False True True True
PassengerCar 0.00 3 -1 364.00 271.00 448.00 355.00 1.46 1.31 3.22 -4.76 1.66 42.60 1.528 -0.000 0.009 3.098 1.00 -0.0043480994 -0.0000940476 0.9997567080 0.0216242913 True True True False
PassengerCar 0.00 3 -1 724.60 267.97 769.92 307.65 -1.00 -1.00 -1.00 -1000.00 -1000.00 -1000.00 -1.000 -1.000 -1.000 -1.000 1.00 -1000.0000000000 -1000.0000000000 -1000.0000000000 -1000.0000000000 True False False False
PassengerCar 0.00 2 -1 705.96 249.13 769.16 308.68 -1.00 -1.00 -1.00 -1000.00 -1000.00 -1000.00 -1.000 -1.000 -1.000 -1.000 1.00 -1000.0000000000 -1000.0000000000 -1000.0000000000 -1000.0000000000 True False False False
PassengerCar 0.00 3 -1 745.00 273.00 811.00 323.00 1.52 1.86 4.12 3.43 1.91 72.29 -1.571 0.000 0.000 0.000 1.00 0.0000000000 0.0000000000 0.0000000000 1.0000000000 True True True True
Obstacle 0.55 3 -1 1246.00 195.00 1280.00 409.00 1.63 0.31 1.00 4.81 1.13 18.13 -1.571 0.000 0.000 0.000 1.00 0.0000000000 0.0000000000 0.0000000000 1.0000000000 True False True False
Obstacle 1.00 3 -1 1280.00 207.00 1280.00 411.00 1.67 0.41 0.42 5.35 1.23 19.15 -1.571 0.000 0.000 0.000 1.00 0.0000000000 0.0000000000 0.0000000000 1.0000000000 True False True False
Obstacle 0.00 3 -1 1103.00 223.00 1160.00 367.00 1.81 0.57 0.78 5.92 1.34 29.67 -1.571 0.000 0.000 0.000 1.00 0.0000000000 0.0000000000 0.0000000000 1.0000000000 True False True False
Pedestrian_is_group 1.00 3 -1 0.00 243.00 0.00 388.00 1.77 1.05 0.58 -9.01 1.56 28.80 -3.262 0.000 0.000 -1.691 1.00 0.0000000000 0.0000000000 -0.7483074220 0.6633520952 True False True False
Pedestrian 1.00 3 -1 0.00 235.00 0.00 405.00 1.61 0.58 0.41 -7.51 1.37 22.27 -1.614 0.000 0.000 -0.044 1.00 0.0000000000 0.0000000000 -0.0218416062 0.9997614437 False False False False
Pedestrian 1.00 3 -1 0.00 242.00 0.00 389.00 1.42 0.34 0.37 -7.86 1.24 22.60 -0.322 -0.006 -0.001 1.249 1.00 -0.0021117225 -0.0021190330 0.5845638720 0.8113421781 True False True True
