PassengerCar 0.00 0 -1 991.00 254.00 1137.00 360.00 1.52 1.82 4.27 5.99 1.47 35.44 -1.492 -0.000 -0.015 0.079 1.00 0.0002002283 -0.0072606646 0.0394283740 0.9991959998 True True True False
PassengerCar 0.00 1 -1 1054.00 250.00 1236.00 341.00 1.53 1.83 3.95 8.58 1.37 41.50 -0.983 0.002 0.002 0.587 1.00 0.0004163582 0.0013767840 0.2894665051 0.9571870630 True True True False
PassengerCar 0.00 0 -1 528.91 239.84 573.63 273.49 -1.00 -1.00 -1.00 -1000.00 -1000.00 -1000.00 -1.000 -1.000 -1.000 -1.000 1.00 -1000.0000000000 -1000.0000000000 -1000.0000000000 -1000.0000000000 True True False False
LargeVehicle 0.00 0 -1 579.00 154.00 785.00 365.00 3.01 2.79 9.04 0.05 1.54 38.15 -1.627 0.016 -0.006 -0.056 1.00 0.0081486944 -0.0030272204 -0.0280082189 0.9995698947 True True True False
Pedestrian 1.00 3 -1 0.00 226.00 0.00 461.00 1.77 0.41 0.33 -6.60 1.51 17.74 1.554 0.000 0.000 3.125 1.00 0.0000000000 0.0000000000 0.9999664707 0.0081888625 True False True False
Pedestrian 1.00 3 -1 1280.00 158.00 1280.00 653.00 1.68 0.47 0.32 2.76 1.34 8.15 -3.186 0.000 0.000 -1.615 1.00 0.0000000000 0.0000000000 -0.7226176622 0.6912479398 True False True False
Pedestrian 1.00 3 -1 1280.00 180.00 1280.00 601.00 1.65 0.53 0.44 3.73 1.34 9.45 -3.628 0.014 0.009 -2.057 1.00 0.0071847616 -0.0036843779 -0.8565327059 0.5160295808 True False True False
Pedestrian 0.07 3 -1 893.00 233.00 911.00 299.00 1.84 0.46 0.43 6.57 1.08 65.03 -3.160 0.000 0.000 -1.589 1.00 0.0000000000 0.0000000000 -0.7136765165 0.7004754312 True True True False
Pedestrian 0.07 2 -1 890.00 233.00 908.00 299.00 1.84 0.37 0.46 6.54 1.07 65.56 -3.156 0.000 0.000 -1.585 1.00 0.0000000000 0.0000000000 -0.7122497209 0.7019261607 True True True False
Pedestrian 0.07 2 -1 961.00 232.00 981.00 285.00 1.60 0.55 0.31 9.10 0.74 69.60 -1.291 0.000 0.000 0.279 1.00 0.0000000000 0.0000000000 0.1392805866 0.9902529567 True True False False
Pedestrian 0.06 0 -1 983.00 223.00 1007.00 283.00 1.76 0.72 0.68 9.66 0.67 68.34 -2.979 -0.000 0.006 -1.408 1.00 0.0017293202 0.0022894969 -0.6472244469 0.7622940922 True True True False
Pedestrian 0.06 0 -1 923.00 232.00 945.00 290.00 1.64 0.48 0.56 7.59 0.83 66.12 -3.195 0.000 0.000 -1.624 1.00 0.0000000000 0.0000000000 -0.7256740303 0.6880386630 True True True False
Pedestrian 0.07 1 -1 865.00 228.00 882.00 296.00 1.95 0.32 0.45 5.94 1.02 66.86 -3.153 0.000 0.000 -1.582 1.00 0.0000000000 0.0000000000 -0.7110634495 0.7031278481 True True True False
Pedestrian 0.08 1 -1 845.00 232.00 859.00 297.00 1.85 0.37 0.35 5.29 1.03 66.49 -3.159 0.000 0.000 -1.588 1.00 0.0000000000 0.0000000000 -0.7130861191 0.7010764486 True True True False
Pedestrian 0.08 0 -1 824.00 230.00 839.00 298.00 1.98 0.45 0.35 4.79 1.09 67.82 -3.285 0.000 0.000 -1.714 1.00 0.0000000000 0.0000000000 -0.7559736657 0.6546020293 False False False False
Pedestrian 0.06 0 -1 368.00 238.00 390.00 298.00 1.69 0.56 0.29 -8.19 1.05 66.05 -1.319 0.000 0.000 0.251 1.00 0.0000000000 0.0000000000 0.1253398604 0.9921138641 True True True False
Pedestrian 0.07 3 -1 394.00 232.00 411.00 299.00 1.90 0.43 0.43 -7.56 1.10 66.29 -0.282 0.000 0.000 1.289 1.00 0.0000000000 0.0000000000 0.6009070935 0.7993188756 True True True False
Pedestrian 0.06 0 -1 389.00 232.00 410.00 293.00 1.71 0.37 0.56 -7.58 0.91 65.84 -0.132 0.012 0.002 1.439 1.00 0.0039459570 0.0048673061 0.6590654665 0.7520594722 True True True False
Pedestrian 0.06 0 -1 406.00 231.00 426.00 294.00 1.78 0.42 0.45 -7.08 0.95 65.51 -0.428 0.000 0.000 1.143 1.00 0.0000000000 0.0000000000 0.5410099721 0.8410161771 True True True False
Pedestrian 0.00 2 -1 250.68 237.41 272.52 301.12 -1.00 -1.00 -1.00 -1000.00 -1000.00 -1000.00 -1.000 -1.000 -1.000 -1.000 1.00 -1000.0000000000 -1000.0000000000 -1000.0000000000 -1000.0000000000 True True False False
Pedestrian 0.09 0 -1 927.00 231.00 940.00 287.00 1.61 0.38 0.31 7.66 0.77 66.78 -3.212 0.000 0.000 -1.641 1.00 0.0000000000 0.0000000000 -0.7315889107 0.6817460420 False False False False
Pedestrian 0.10 1 -1 858.00 230.00 869.00 292.00 1.80 0.39 0.31 5.70 0.91 67.55 -3.086 0.000 0.000 -1.515 1.00 0.0000000000 0.0000000000 -0.6871927378 0.7264751483 True True True False
Pedestrian 0.00 1 -1 803.22 227.03 821.30 277.71 -1.00 -1.00 -1.00 -1000.00 -1000.00 -1000.00 -1.000 -1.000 -1.000 -1.000 1.00 -1000.0000000000 -1000.0000000000 -1000.0000000000 -1000.0000000000 True True False False
Pedestrian_is_group 0.06 0 -1 477.00 236.00 501.00 294.00 1.70 0.59 0.71 -5.29 0.99 68.96 -0.095 0.000 0.000 1.476 1.00 0.0000000000 0.0000000000 0.6727584638 0.7398621827 True True True False
Pedestrian 1.00 3 -1 0.00 232.00 0.00 479.00 1.84 0.36 0.27 -7.05 1.63 17.47 -0.007 0.000 0.000 1.564 1.00 0.0000000000 0.0000000000 0.7047734107 0.7094324771 True False False False
Pedestrian 0.06 0 -1 458.00 236.00 478.00 293.00 1.61 0.45 0.53 -5.63 0.90 65.72 -0.033 0.000 0.000 1.538 1.00 0.0000000000 0.0000000000 0.6954949728 0.7185309616 True True True False
Pedestrian 0.07 0 -1 471.00 232.00 487.00 291.00 1.68 0.42 0.43 -5.38 0.86 66.49 -0.020 0.000 0.000 1.551 1.00 0.0000000000 0.0000000000 0.7000492761 0.7140945393 True True True False
