PassengerCar 0.78 0 -1 1102.00 206.00 1280.00 666.00 1.46 1.83 3.92 3.01 1.28 9.32 -1.559 -0.000 0.009 0.012 1.00 -0.0000834319 0.0045404973 0.0060599225 0.9999713267 True True True False
PassengerCar 0.51 2 -1 1030.00 219.00 1280.00 521.00 1.49 1.85 4.09 3.35 1.30 13.50 -1.571 0.000 0.000 0.000 1.00 0.0000000000 0.0000000000 0.0000000000 1.0000000000 True True True False
PassengerCar 0.00 0 -1 806.00 251.00 1152.00 377.00 1.51 1.87 4.04 3.79 1.40 28.75 0.009 0.000 0.000 1.580 1.00 0.0000000000 0.0000000000 0.7103777612 0.7038205996 True True True False
DontCare 0.00 3 -1 231.00 165.00 394.00 395.00 2.00 1.24 1.53 -3.17 1.18 20.94 -1.571 0.000 0.000 0.000 1.00 0.0000000000 0.0000000000 0.0000000000 1.0000000000 False False False False
Pedestrian 0.00 0 -1 962.00 196.00 1077.00 447.00 1.77 0.79 0.50 2.52 1.32 16.65 -4.621 0.000 0.000 -3.051 1.00 0.0000000000 0.0000000000 -0.9989631279 0.0455265767 True True True False
Pedestrian 0.00 1 -1 830.00 199.00 947.00 428.00 1.75 0.84 0.72 1.72 1.28 18.11 -4.711 0.000 0.000 -3.140 1.00 0.0000000000 0.0000000000 -0.9999995949 0.0009001483 True True True False
Pedestrian 0.00 2 -1 276.00 175.00 376.00 412.00 1.71 0.66 0.51 -2.50 1.09 17.02 -1.851 0.000 0.000 -0.280 1.00 0.0000000000 0.0000000000 -0.1396036178 0.9902074681 True True True False
Pedestrian 0.00 2 -1 370.00 180.00 448.00 407.00 1.70 0.59 0.45 -1.97 1.10 17.70 -1.699 0.000 -0.001 -0.128 1.00 0.0000484089 -0.0007443939 -0.0640325527 0.9979475316 True True True False
Pedestrian 0.00 2 -1 400.00 189.00 470.00 396.00 1.71 0.56 0.48 -1.94 1.12 19.47 -1.625 0.000 0.000 -0.054 1.00 0.0000000000 0.0000000000 -0.0272049969 0.9996298756 True True True False
Pedestrian 0.00 3 -1 330.00 188.00 397.00 397.00 1.72 0.51 0.56 -2.54 1.12 19.45 -1.617 0.000 0.000 -0.046 1.00 0.0000000000 0.0000000000 -0.0229239295 0.9997372122 True True True False
