PassengerCar 0.17 0 -1 1038.00 241.00 1280.00 427.00 1.83 2.03 4.60 5.46 1.64 25.23 -1.595 -0.000 0.005 -0.025 1.00 -0.0000073019 0.0022686395 -0.0123394453 0.9999212926 True True True False
PassengerCar 0.00 0 -1 779.00 285.00 919.00 395.00 1.36 1.78 4.32 2.56 1.73 31.90 -1.466 0.004 0.006 0.104 1.00 0.0017275420 0.0033013227 0.0521188549 0.9986339379 True True True False
PassengerCar 0.60 0 -1 0.00 293.00 93.00 413.00 1.44 1.82 3.81 -9.28 1.93 31.61 -4.679 0.039 -0.004 -3.108 1.00 -0.0016114641 -0.0197300566 -0.9996639640 0.0167358046 True True True False
PassengerCar 1.00 3 -1 0.00 297.00 0.00 407.00 1.40 1.81 4.22 -12.46 2.04 35.51 1.563 0.025 0.022 3.134 1.00 -0.0110587347 0.0127888870 0.9998485223 0.0041329505 True False True False
PassengerCar 0.00 0 -1 431.00 298.00 501.00 353.00 1.48 1.81 3.84 -6.34 2.77 73.53 1.571 0.043 0.022 3.141 1.00 -0.0107795190 0.0214204638 0.9997123792 0.0003529482 True True True False
PassengerCar 0.00 1 -1 68.00 315.00 216.00 364.00 1.43 1.81 4.26 -16.03 3.11 71.04 -3.256 0.000 0.000 -1.685 1.00 0.0000000000 0.0000000000 -0.7462800661 0.6656320778 True True True False
PassengerCar 0.00 1 -1 129.00 298.00 273.00 356.00 1.76 1.93 4.30 -14.83 2.99 73.82 -3.447 -0.014 0.013 -1.877 1.00 0.0010743138 0.0093266646 -0.8065199332 0.5911323511 True True True False
PassengerCar 0.00 0 -1 507.64 305.64 568.80 350.43 -1.00 -1.00 -1.00 -1000.00 -1000.00 -1000.00 -1.000 -1.000 -1.000 -1.000 1.00 -1000.0000000000 -1000.0000000000 -1000.0000000000 -1000.0000000000 False False False False
PassengerCar 0.00 0 -1 595.58 312.47 644.64 341.50 -1.00 -1.00 -1.00 -1000.00 -1000.00 -1000.00 -1.000 -1.000 -1.000 -1.000 1.00 -1000.0000000000 -1000.0000000000 -1000.0000000000 -1000.0000000000 True True False False
PassengerCar 0.00 0 -1 925.12 299.14 958.79 329.00 -1.00 -1.00 -1.00 -1000.00 -1000.00 -1000.00 -1.000 -1.000 -1.000 -1.000 1.00 -1000.0000000000 -1000.0000000000 -1000.0000000000 -1000.0000000000 True True False False
