PassengerCar 0.00 0 -1 553.78 280.49 605.34 321.64 -1.00 -1.00 -1.00 -1000.00 -1000.00 -1000.00 -1.000 -1.000 -1.000 -1.000 1.00 -1000.0000000000 -1000.0000000000 -1000.0000000000 -1000.0000000000 True True False False
PassengerCar 0.00 1 -1 586.72 283.46 623.83 312.48 -1.00 -1.00 -1.00 -1000.00 -1000.00 -1000.00 -1.000 -1.000 -1.000 -1.000 1.00 -1000.0000000000 -1000.0000000000 -1000.0000000000 -1000.0000000000 True True False False
PassengerCar 0.00 0 -1 618.31 278.20 655.11 306.64 -1.00 -1.00 -1.00 -1000.00 -1000.00 -1000.00 -1.000 -1.000 -1.000 -1.000 1.00 -1000.0000000000 -1000.0000000000 -1000.0000000000 -1000.0000000000 True True False False
PassengerCar 0.54 0 -1 1172.00 194.00 1280.00 386.00 2.48 2.17 4.74 8.71 1.64 32.96 -1.531 0.023 -0.001 0.039 1.00 0.0115933571 -0.0002283644 0.0196927252 0.9997388351 True True True False
PassengerCar 1.00 3 -1 0.00 298.00 0.00 395.00 1.56 1.94 4.24 -13.84 2.22 40.17 1.565 0.000 0.000 3.136 1.00 0.0000000000 0.0000000000 0.9999955062 0.0029979436 True False True False
PassengerCar 0.00 1 -1 7.00 301.00 130.00 374.00 1.50 1.76 4.09 -13.22 2.43 51.47 1.550 0.000 0.000 3.121 1.00 0.0000000000 0.0000000000 0.9999472098 0.0102750936 True True True False
LargeVehicle 0.00 0 -1 459.12 253.22 551.91 316.62 -1.00 -1.00 -1.00 -1000.00 -1000.00 -1000.00 -1.000 -1.000 -1.000 -1.000 1.00 -1000.0000000000 -1000.0000000000 -1000.0000000000 -1000.0000000000 True True False False
LargeVehicle 0.00 1 -1 1093.00 189.00 1280.00 369.00 2.91 2.15 6.19 8.95 1.77 40.55 -1.526 0.000 0.000 0.045 1.00 0.0000000000 0.0000000000 0.0224649115 0.9997476320 True True True False
Obstacle 0.00 2 -1 339.20 287.04 352.16 324.19 -1.00 -1.00 -1.00 -1000.00 -1000.00 -1000.00 -1.000 -1.000 -1.000 -1.000 1.00 -1000.0000000000 -1000.0000000000 -1000.0000000000 -1000.0000000000 True True False False
Pedestrian 0.00 1 -1 805.27 264.43 823.53 305.87 -1.00 -1.00 -1.00 -1000.00 -1000.00 -1000.00 -1.000 -1.000 -1.000 -1.000 1.00 -1000.0000000000 -1000.0000000000 -1000.0000000000 -1000.0000000000 True True False False
Pedestrian 0.00 1 -1 824.65 269.47 837.25 302.15 -1.00 -1.00 -1.00 -1000.00 -1000.00 -1000.00 -1.000 -1.000 -1.000 -1.000 1.00 -1000.0000000000 -1000.0000000000 -1000.0000000000 -1000.0000000000 True True False False
Pedestrian 0.00 2 -1 937.09 262.14 951.89 310.85 -1.00 -1.00 -1.00 -1000.00 -1000.00 -1000.00 -1.000 -1.000 -1.000 -1.000 1.00 -1000.0000000000 -1000.0000000000 -1000.0000000000 -1000.0000000000 True True False False
Pedestrian 1.00 3 -1 1280.00 243.00 1280.00 378.00 1.69 0.70 0.59 9.99 1.48 29.41 1.468 0.000 0.000 3.039 1.00 0.0000000000 0.0000000000 0.9986762471 0.0514368874 True False True False
Pedestrian 1.00 3 -1 1280.00 236.00 1280.00 378.00 1.80 0.57 0.40 10.64 1.49 29.60 1.509 0.000 0.000 3.079 1.00 0.0000000000 0.0000000000 0.9995173074 0.0310668998 True False True False
Pedestrian 1.00 3 -1 1280.00 247.00 1280.00 374.00 1.56 0.58 0.53 11.03 1.40 29.01 -1.571 0.000 0.000 0.000 1.00 0.0000000000 0.0000000000 0.0000000000 1.0000000000 True False True False
Pedestrian 1.00 3 -1 1280.00 233.00 1280.00 348.00 1.79 0.69 0.66 14.72 1.36 36.62 -4.033 0.000 0.000 -2.462 1.00 0.0000000000 0.0000000000 -0.9428849984 0.3331184169 True False True True
Pedestrian 1.00 3 -1 1280.00 246.00 1280.00 348.00 1.60 0.51 0.44 11.71 1.36 36.65 -0.175 0.000 0.000 1.396 1.00 0.0000000000 0.0000000000 0.6425667932 0.7662296759 True False True True
Pedestrian 1.00 3 -1 1280.00 240.00 1280.00 354.00 1.76 0.43 0.49 11.74 1.45 36.08 -1.571 0.000 0.000 0.000 1.00 0.0000000000 0.0000000000 0.0000000000 1.0000000000 True False True True
Pedestrian_is_group 1.00 3 -1 1280.00 229.00 1280.00 356.00 1.86 0.73 1.62 12.11 1.40 34.98 -1.793 0.000 0.000 -0.222 1.00 0.0000000000 0.0000000000 -0.1108069208 0.9938419524 True False True True
Pedestrian 0.00 2 -1 976.34 265.09 989.82 308.14 -1.00 -1.00 -1.00 -1000.00 -1000.00 -1000.00 -1.000 -1.000 -1.000 -1.000 1.00 -1000.0000000000 -1000.0000000000 -1000.0000000000 -1000.0000000000 False True False False
Pedestrian_is_group 1.00 3 -1 1280.00 220.00 1280.00 357.00 2.01 1.00 1.76 13.72 1.42 35.03 -1.571 0.000 0.000 0.000 1.00 0.0000000000 0.0000000000 0.0000000000 1.0000000000 True False True False
Pedestrian 0.00 0 -1 840.76 272.01 852.91 302.40 -1.00 -1.00 -1.00 -1000.00 -1000.00 -1000.00 -1.000 -1.000 -1.000 -1.000 1.00 -1000.0000000000 -1000.0000000000 -1000.0000000000 -1000.0000000000 True True False False
