PassengerCar 1.00 3 -1 0.00 327.00 0.00 411.00 1.51 1.84 4.06 -17.74 2.88 46.24 1.563 0.000 0.000 3.134 1.00 0.0000000000 0.0000000000 0.9999924114 0.0038957906 True False True False
PassengerCar 1.00 3 -1 0.00 327.00 0.00 402.00 1.48 1.86 4.05 -17.64 2.99 50.85 -4.702 0.000 0.000 -3.131 1.00 0.0000000000 0.0000000000 -0.9999867825 0.0051414761 True False True False
PassengerCar 1.00 2 -1 0.00 335.00 0.00 397.00 1.34 1.84 4.12 -17.58 3.18 55.79 -4.696 -0.000 -0.001 -3.126 1.00 -0.0006811355 0.0000415292 -0.9999675841 0.0080227860 True False True False
PassengerCar 0.00 0 -1 20.00 323.00 115.00 381.00 1.54 1.81 4.05 -17.18 3.37 66.70 1.537 0.000 0.000 3.107 1.00 0.0000000000 0.0000000000 0.9998547075 0.0170459354 True True True False
PassengerCar 0.00 0 -1 130.00 328.00 207.00 373.00 1.41 1.74 4.08 -16.51 3.67 77.06 1.560 0.000 -0.006 3.130 1.00 0.0029599771 0.0000165942 0.9999799057 0.0056059351 True True True False
DontCare 0.00 -1 -1 262.18 320.64 414.14 364.32 -1.00 -1.00 -1.00 -1000.00 -1000.00 -1000.00 -1.000 -1.000 -1.000 -1.000 1.00 -1000.0000000000 -1000.0000000000 -1000.0000000000 -1000.0000000000 False False False False
Pedestrian 1.00 3 -1 1280.00 241.00 1280.00 387.00 1.86 0.53 0.77 8.50 1.62 29.94 -1.571 0.005 -0.010 -0.000 1.00 0.0023292068 -0.0050029562 -0.0000116531 0.9999847724 True False True False
Pedestrian 0.56 3 -1 1254.00 259.00 1280.00 388.00 1.65 0.65 0.35 7.94 1.63 29.95 -1.571 0.006 0.000 0.000 1.00 0.0031804875 0.0000000000 0.0000000000 0.9999949422 True False True False
Pedestrian 0.00 0 -1 1186.00 257.00 1237.00 371.00 1.81 0.71 0.44 8.68 1.75 37.00 -1.571 -0.001 -0.006 0.000 1.00 -0.0002557147 -0.0030318862 0.0000839071 0.9999953676 True True True False
Pedestrian 0.00 0 -1 1148.00 264.00 1190.00 374.00 1.74 0.59 0.37 8.01 1.80 37.09 -1.571 -0.000 0.000 0.000 1.00 -0.0000411001 0.0000000000 0.0000000000 0.9999999992 True True True False
Pedestrian 0.00 0 -1 1113.00 274.00 1153.00 371.00 1.66 0.58 0.57 8.09 1.90 40.35 -1.571 0.000 0.000 0.000 1.00 0.0000000000 0.0000000000 0.0000000000 1.0000000000 True True True False
Pedestrian 0.00 3 -1 1166.00 266.00 1195.00 370.00 1.77 0.42 0.38 8.83 1.86 39.91 -1.550 0.000 0.000 0.021 1.00 0.0000000000 0.0000000000 0.0105770131 0.9999440618 True True True False
Pedestrian 0.00 1 -1 1069.00 275.00 1106.00 358.00 1.75 0.65 0.64 8.98 2.07 49.69 -1.571 0.015 0.000 0.000 1.00 0.0073516139 0.0000000000 0.0000000000 0.9999729765 True True True False
Pedestrian 0.00 1 -1 1103.00 280.00 1130.00 357.00 1.67 0.45 0.48 9.89 2.10 51.13 -1.674 0.000 0.000 -0.103 1.00 0.0000000000 0.0000000000 -0.0516584462 0.9986648111 True True True False
Pedestrian 0.00 2 -1 1040.00 276.00 1077.00 355.00 1.73 0.71 0.68 8.60 2.07 51.03 -1.508 0.016 0.000 0.063 1.00 0.0081438034 0.0002558709 0.0314025496 0.9994736079 True True True False
Pedestrian 0.05 0 -1 974.00 286.00 1000.00 351.00 1.73 0.54 0.64 8.57 2.41 62.26 -1.619 0.011 0.004 -0.048 1.00 0.0054253511 0.0020958568 -0.0241905947 0.9996904461 True True True False
Pedestrian 0.06 0 -1 951.00 284.00 973.00 351.00 1.80 0.50 0.65 7.90 2.42 62.23 -1.571 0.000 0.000 0.000 1.00 0.0000000000 0.0000000000 0.0000000000 1.0000000000 True True True False
Pedestrian 0.00 0 -1 512.78 314.82 523.93 346.63 -1.00 -1.00 -1.00 -1000.00 -1000.00 -1000.00 -1.000 -1.000 -1.000 -1.000 1.00 -1000.0000000000 -1000.0000000000 -1000.0000000000 -1000.0000000000 True True False False
