PassengerCar 0.00 0 -1 351.00 197.00 1042.00 720.00 1.50 1.98 4.22 0.08 1.33 8.78 -1.571 0.000 0.000 0.000 1.00 0.0002290538 0.0000000000 0.0000000000 0.9999999738 True True True False
PassengerCar 0.50 2 -1 0.00 175.00 435.00 553.00 1.53 1.89 4.24 -3.37 1.17 11.39 -2.519 -0.003 0.011 -0.949 1.00 0.0012033290 0.0053080534 -0.4566936829 0.8896073609 True True True False
PassengerCar 0.92 0 -1 0.00 129.00 81.00 604.00 1.53 1.66 4.06 -4.43 1.13 9.25 -2.608 -0.009 -0.011 -1.037 1.00 -0.0066918776 -0.0027429736 -0.4956277568 0.8685049347 True True True False
PassengerCar 0.37 3 -1 0.00 197.00 430.00 478.00 1.53 1.82 4.17 -3.68 1.20 14.59 -2.544 0.000 0.000 -0.973 1.00 0.0000000000 0.0000000000 -0.4676894581 0.8838928503 True True True False
PassengerCar 0.19 3 -1 0.00 199.00 467.00 430.00 1.51 1.80 4.11 -3.65 1.12 17.14 -2.545 0.000 0.000 -0.974 1.00 0.0000000000 0.0000000000 -0.4680503971 0.8837017742 True False True False
PassengerCar 0.00 3 -1 35.00 234.00 535.00 430.00 1.51 1.81 4.15 -3.32 1.34 19.92 -2.525 -0.008 -0.012 -0.955 1.00 -0.0062707267 -0.0032437046 -0.4594366451 0.8881824843 True False True False
PassengerCar 0.00 3 -1 93.00 225.00 528.00 390.00 1.51 1.82 4.15 -3.61 1.25 23.21 -2.545 0.019 -0.017 -0.974 1.00 0.0043230014 -0.0117293464 -0.4679683106 0.8836568307 True False True False
PassengerCar 0.00 3 -1 206.00 236.00 595.00 382.00 1.52 1.82 4.12 -3.01 1.27 25.92 -2.554 0.000 0.000 -0.984 1.00 0.0000000000 0.0000000000 -0.4722286380 0.8814760992 True False True False
PassengerCar 0.00 3 -1 281.00 242.00 637.00 374.00 1.51 1.82 4.14 -2.59 1.31 28.59 -2.552 0.000 0.000 -0.981 1.00 0.0000000000 0.0000000000 -0.4712538667 0.8819976152 True False True False
PassengerCar 0.84 0 -1 1075.00 39.00 1280.00 694.00 1.50 2.01 5.41 2.89 1.01 8.03 -1.570 0.000 0.000 0.001 1.00 0.0000000000 0.0000000000 0.0005452118 0.9999998514 True True True False
PassengerCar 0.40 1 -1 983.00 221.00 1280.00 534.00 1.52 1.81 4.13 3.03 1.35 13.39 -1.582 0.000 0.000 -0.011 1.00 0.0000000000 0.0000000000 -0.0053714447 0.9999855737 True True True False
PassengerCar 0.00 0 -1 910.00 239.00 1238.00 466.00 1.56 1.86 3.64 2.98 1.43 17.77 -1.575 0.000 -0.004 -0.005 1.00 0.0000039669 -0.0019332627 -0.0022551675 0.9999955883 False False False False
PassengerCar 0.00 3 -1 883.00 261.00 1130.00 430.00 1.51 1.83 4.17 3.23 1.54 22.91 -1.571 0.000 0.000 0.000 1.00 0.0000000000 0.0000000000 0.0000000000 1.0000000000 True True True False
PassengerCar 0.00 3 -1 859.00 267.00 1055.00 405.00 1.52 1.82 4.13 3.36 1.61 27.65 -1.571 0.000 0.000 0.000 1.00 0.0000000000 0.0000000000 0.0000000000 1.0000000000 True True True False
Vehicle 0.00 3 -1 834.00 276.00 1001.00 394.00 1.51 1.85 4.10 3.36 1.73 31.85 -1.571 0.000 0.000 0.000 1.00 0.0000000000 0.0000000000 0.0000000000 1.0000000000 False False True False
Pedestrian 1.00 3 -1 1280.00 200.00 1280.00 481.00 1.78 0.72 0.41 5.11 1.40 14.98 -1.571 0.000 0.000 0.000 1.00 0.0000000000 0.0000000000 0.0000000000 1.0000000000 True False True False
Pedestrian 0.87 3 -1 1264.00 188.00 1280.00 476.00 1.87 0.66 0.37 4.32 1.40 15.31 1.556 0.000 0.000 3.127 1.00 0.0000000000 0.0000000000 0.9999724475 0.0074232270 True False True False
Pedestrian 0.00 3 -1 1187.00 214.00 1266.00 429.00 1.88 0.61 0.33 4.91 1.47 20.40 -1.571 0.000 0.000 0.000 1.00 0.0000000000 0.0000000000 0.0000000000 1.0000000000 True False True False
Pedestrian 1.00 3 -1 1280.00 227.00 1280.00 433.00 1.76 0.40 0.56 6.34 1.47 20.10 -1.571 0.000 0.000 0.000 1.00 0.0000000000 0.0000000000 0.0000000000 1.0000000000 True False True False
