PassengerCar 0.00 0 -1 208.00 293.00 403.00 426.00 1.43 1.78 4.54 -4.19 1.82 27.52 1.529 -0.001 -0.003 3.100 1.00 0.0016121723 -0.0005530446 0.9997778070 0.0210102755 True True True False
PassengerCar 0.00 0 -1 589.00 270.00 812.00 449.00 1.43 1.83 4.21 0.27 1.54 21.19 -1.571 0.000 0.010 0.000 1.00 0.0000000000 0.0050135098 0.0000000000 0.9999874323 True True True False
PassengerCar 0.79 0 -1 1105.00 245.00 1280.00 689.00 1.40 1.92 4.25 3.13 1.39 9.48 -1.561 -0.000 -0.009 0.010 1.00 -0.0000217175 -0.0042855150 0.0050675337 0.9999779768 True True True False
PassengerCar 0.37 2 -1 997.00 245.00 1280.00 518.00 1.48 1.88 4.02 3.29 1.41 14.62 -1.561 0.000 0.000 0.009 1.00 0.0000000000 0.0000000000 0.0046782254 0.9999890570 True True True False
PassengerCar 0.00 2 -1 951.00 292.00 1201.00 471.00 1.42 1.53 3.81 3.56 1.72 20.82 -1.580 -0.010 -0.001 -0.009 1.00 -0.0050565579 -0.0002955167 -0.0047455501 0.9999759115 True True True False
PassengerCar 0.00 2 -1 913.00 289.00 1117.00 439.00 1.46 1.58 3.99 3.66 1.78 25.01 -1.577 0.000 0.000 -0.007 1.00 0.0000000000 0.0000000000 -0.0033188801 0.9999944925 True True True False
PassengerCar 0.00 3 -1 875.00 289.00 1035.00 417.00 1.57 1.66 2.97 3.71 1.95 30.35 -1.592 0.000 0.000 -0.021 1.00 0.0000000000 0.0000000000 -0.0106420873 0.9999433714 True True True False
PassengerCar 0.00 3 -1 856.00 301.00 1012.00 402.00 1.37 1.81 4.30 3.95 2.01 34.98 -1.582 0.000 0.000 -0.012 1.00 0.0000000000 0.0000000000 -0.0058215598 0.9999830546 True True True False
PassengerCar 0.00 1 -1 807.00 311.00 926.00 373.00 1.48 1.82 2.88 5.06 2.79 58.79 -3.006 -0.017 -0.005 -1.435 1.00 -0.0080145107 0.0034098524 -0.6573972366 0.7534938711 True True True False
DontCare 0.00 -1 -1 776.46 298.54 887.88 352.20 -1.00 -1.00 -1.00 -1000.00 -1000.00 -1000.00 -1.000 -1.000 -1.000 -1.000 1.00 -1000.0000000000 -1000.0000000000 -1000.0000000000 -1000.0000000000 False False False False
Vehicle 0.00 3 -1 610.00 311.00 679.00 366.00 1.48 1.92 4.22 -0.69 2.97 67.15 -1.593 0.000 0.000 -0.023 1.00 0.0000000000 0.0000000000 -0.0113106066 0.9999360330 False False True True
LargeVehicle 0.00 0 -1 546.00 273.00 628.00 368.00 3.03 2.51 11.09 -2.67 3.48 80.22 1.568 0.000 0.000 3.138 1.00 0.0000000000 0.0000000000 0.9999986594 0.0016374439 True True True False
Obstacle 1.00 3 -1 1280.00 188.00 1280.00 437.00 1.86 0.75 0.82 7.24 1.30 17.81 -1.260 0.010 0.031 0.311 1.00 0.0025052907 0.0159999483 0.1546759641 0.9878325118 True False True True
Obstacle 1.00 3 -1 1280.00 180.00 1280.00 444.00 1.97 0.65 0.48 5.99 1.36 17.61 -1.313 0.005 0.034 0.258 1.00 0.0003330005 0.0173450374 0.1286767552 0.9915348362 True False True True
Obstacle 0.27 3 -1 1219.00 208.00 1280.00 440.00 1.88 0.56 0.46 4.88 1.46 19.11 -1.554 0.000 0.000 0.017 1.00 0.0000040317 0.0000002682 0.0085558468 0.9999633981 True False True False
Obstacle 0.00 0 -1 539.99 304.76 555.83 352.65 -1.00 -1.00 -1.00 -1000.00 -1000.00 -1000.00 -1.000 -1.000 -1.000 -1.000 1.00 -1000.0000000000 -1000.0000000000 -1000.0000000000 -1000.0000000000 False True False True
Pedestrian 1.00 3 -1 0.00 230.00 0.00 398.00 1.81 0.54 0.60 -8.07 1.49 25.50 -3.727 0.000 0.000 -2.157 1.00 0.0000000000 0.0000000000 -0.8811532018 0.4728308735 True False True False
