PassengerCar 1.00 3 -1 0.00 0.00 0.00 720.00 1.34 1.74 3.79 -2.52 1.23 2.87 -1.583 0.018 0.000 -0.012 1.00 0.0090368097 -0.0000546623 -0.0060484956 0.9999408726 True False True True
PassengerCar 0.69 1 -1 0.00 229.00 284.00 720.00 1.37 1.72 3.54 -2.60 1.32 8.23 -1.526 0.025 -0.001 0.045 1.00 0.0126642848 -0.0002845877 0.0224642072 0.9996673918 True True True False
PassengerCar 0.00 2 -1 457.00 285.00 642.00 372.00 1.52 1.80 2.84 -2.10 1.96 41.74 -2.779 -0.004 -0.011 -1.208 1.00 -0.0046733647 -0.0032672430 -0.5679131952 0.8230687015 True True True False
PassengerCar 1.00 3 -1 1280.00 237.00 1280.00 616.00 1.31 1.76 4.02 4.65 1.26 9.93 -0.662 0.020 -0.025 0.908 1.00 0.0144882530 -0.0068238049 0.4387985559 0.8984427380 True False True False
PassengerCar 0.79 2 -1 1137.00 279.00 1280.00 532.00 1.27 1.85 4.01 4.87 1.40 13.69 -0.620 0.008 -0.012 0.950 1.00 0.0063303002 -0.0032570050 0.4574944231 0.8891839923 True True True True
PassengerCar 0.00 3 -1 822.00 290.00 956.00 351.00 1.35 1.51 2.66 5.07 2.03 53.15 -0.520 0.005 -0.004 1.051 1.00 0.0032940094 -0.0004007922 0.5014968083 0.8651531310 True True True False
PassengerCar 0.00 3 -1 571.00 284.00 645.00 351.00 1.63 1.81 4.01 -1.58 2.26 60.53 -1.629 0.001 0.009 -0.058 1.00 0.0004375311 0.0043192123 -0.0290145614 0.9995695615 True True True False
PassengerCar 0.00 3 -1 604.84 285.94 669.42 333.45 -1.00 -1.00 -1.00 -1000.00 -1000.00 -1000.00 -1.000 -1.000 -1.000 -1.000 1.00 -1000.0000000000 -1000.0000000000 -1000.0000000000 -1000.0000000000 True True False False
PassengerCar 0.00 2 -1 795.16 286.85 920.57 350.15 -1.00 -1.00 -1.00 -1000.00 -1000.00 -1000.00 -1.000 -1.000 -1.000 -1.000 1.00 -1000.0000000000 -1000.0000000000 -1000.0000000000 -1000.0000000000 True True False False
PassengerCar 0.28 3 -1 0.00 263.00 232.00 399.00 1.77 1.88 4.08 -8.08 1.80 31.51 -3.439 0.000 0.000 -1.868 1.00 0.0000000000 0.0000000000 -0.8041201323 0.5944668307 True True True False
PassengerCar 0.00 3 -1 796.12 287.44 915.29 347.52 -1.00 -1.00 -1.00 -1000.00 -1000.00 -1000.00 -1.000 -1.000 -1.000 -1.000 1.00 -1000.0000000000 -1000.0000000000 -1000.0000000000 -1000.0000000000 True True False False
PassengerCar 0.00 3 -1 767.62 283.54 868.59 329.63 -1.00 -1.00 -1.00 -1000.00 -1000.00 -1000.00 -1.000 -1.000 -1.000 -1.000 1.00 -1000.0000000000 -1000.0000000000 -1000.0000000000 -1000.0000000000 True True False False
Vehicle 0.00 2 -1 783.00 245.00 976.00 334.00 2.30 2.16 4.90 5.75 1.93 62.63 -0.610 0.009 -0.012 0.960 1.00 0.0066776364 -0.0032944847 0.4619673517 0.8868656727 True True True True
Vehicle 1.00 3 -1 0.00 244.00 0.00 370.00 1.64 1.87 4.49 -12.85 1.43 31.19 -3.142 0.000 0.000 -1.571 1.00 0.0000000000 0.0000000000 -0.7071033915 0.7071101708 False False True False
