PassengerCar 0.00 0 -1 458.00 270.00 553.00 334.00 1.43 1.81 4.25 -3.73 1.65 54.28 -4.684 0.000 0.000 -3.113 1.00 0.0000000000 0.0000000000 -0.9998958384 0.0144330330 True True True False
PassengerCar 0.00 0 -1 1191.99 288.25 1239.59 322.64 -1.00 -1.00 -1.00 -1000.00 -1000.00 -1000.00 -1.000 -1.000 -1.000 -1.000 1.00 -1000.0000000000 -1000.0000000000 -1000.0000000000 -1000.0000000000 True True False False
PassengerCar 0.56 0 -1 1253.00 291.00 1280.00 330.00 1.33 1.33 3.91 22.28 2.46 84.23 -1.511 0.000 0.000 0.060 1.00 0.0000000000 0.0000000000 0.0300792302 0.9995475176 True True False False
PassengerCar 0.00 1 -1 687.00 262.00 938.00 361.00 1.59 1.65 3.97 2.42 1.63 39.24 0.642 0.000 0.000 2.213 1.00 0.0000000000 0.0000000000 0.8941269648 0.4478135446 True True True False
PassengerCar 0.00 0 -1 640.00 270.00 701.00 314.00 1.87 2.38 5.28 0.11 2.31 103.12 1.513 0.000 0.000 3.084 1.00 0.0000000000 0.0000000000 0.9995792486 0.0290056152 True True False False
PassengerCar 0.00 2 -1 492.00 267.00 578.00 326.00 1.47 1.69 3.98 -3.36 1.65 59.79 -4.636 0.000 0.000 -3.065 1.00 0.0000000000 0.0000000000 -0.9992741567 0.0380940910 True True True False
PassengerCar 0.00 3 -1 772.78 269.00 935.80 343.22 -1.00 -1.00 -1.00 -1000.00 -1000.00 -1000.00 -1.000 -1.000 -1.000 -1.000 1.00 -1000.0000000000 -1000.0000000000 -1000.0000000000 -1000.0000000000 True True False False
PassengerCar 0.00 3 -1 787.26 267.73 948.38 339.36 -1.00 -1.00 -1.00 -1000.00 -1000.00 -1000.00 -1.000 -1.000 -1.000 -1.000 1.00 -1000.0000000000 -1000.0000000000 -1000.0000000000 -1000.0000000000 True True False True
DontCare 0.00 -1 -1 982.00 282.00 1122.00 348.00 1.49 1.45 2.93 9.01 2.00 54.41 -2.669 0.000 0.000 -1.098 1.00 0.0000000000 0.0000000000 -0.5217706185 0.8530858231 False False False False
DontCare 0.00 3 -1 959.00 273.00 1136.00 336.00 1.51 1.87 3.89 9.36 1.82 57.25 -2.623 0.000 0.000 -1.052 1.00 0.0000000000 0.0000000000 -0.5022125320 0.8647442239 False False False False
DontCare 0.00 -1 -1 956.76 266.62 1115.48 334.32 -1.00 -1.00 -1.00 -1000.00 -1000.00 -1000.00 -1.000 -1.000 -1.000 -1.000 1.00 -1000.0000000000 -1000.0000000000 -1000.0000000000 -1000.0000000000 False False False False
Pedestrian 0.00 0 -1 294.00 245.00 325.00 330.00 1.64 0.48 0.36 -6.95 1.34 45.15 -1.076 0.000 0.000 0.495 1.00 0.0000000000 0.0000000000 0.2449698795 0.9695306896 True True True False
Pedestrian 0.00 0 -1 259.00 235.00 288.00 325.00 1.76 0.43 0.34 -7.70 1.26 45.44 -1.124 0.000 0.000 0.446 1.00 0.0000000000 0.0000000000 0.2213693738 0.9751900329 True True True False
Pedestrian 0.07 0 -1 410.00 244.00 427.00 325.00 2.46 0.59 0.45 -7.53 1.95 70.27 0.028 0.000 0.000 1.598 1.00 0.0000000000 0.0000000000 0.7167995236 0.6972793149 True True True False
Pedestrian 0.00 0 -1 1202.71 286.37 1213.88 323.73 -1.00 -1.00 -1.00 -1000.00 -1000.00 -1000.00 -1.000 -1.000 -1.000 -1.000 1.00 -1000.0000000000 -1000.0000000000 -1000.0000000000 -1000.0000000000 False True False True
