PassengerCar 0.00 1 -1 643.00 290.00 802.00 360.00 1.54 1.77 3.90 1.25 2.24 53.90 -2.156 0.000 0.000 -0.585 1.00 0.0000000000 0.0000000000 -0.2882479723 0.9575557981 True True True False
PassengerCar 0.00 2 -1 935.00 287.00 1167.00 387.00 1.42 1.48 3.36 5.76 1.82 35.16 0.910 0.000 0.000 2.481 1.00 0.0000000000 0.0000000000 0.9458830485 0.3245077174 True True True False
Pedestrian 1.00 3 -1 0.00 237.00 0.00 403.00 1.68 0.54 0.55 -9.06 1.44 23.82 -3.648 0.000 0.000 -2.077 1.00 0.0000000000 0.0000000000 -0.8616182794 0.5075568348 True False True False
Pedestrian 1.00 3 -1 0.00 236.00 0.00 400.00 1.70 0.59 0.64 -9.72 1.44 24.40 -3.778 0.000 0.000 -2.207 1.00 0.0000000000 0.0000000000 -0.8928784114 0.4502978374 True False True False
Pedestrian 0.00 3 -1 25.00 244.00 85.00 406.00 1.67 0.52 0.52 -6.39 1.49 24.24 -3.588 0.000 0.000 -2.017 1.00 0.0000000000 0.0000000000 -0.8460313741 0.5331331110 True False True False
Pedestrian 0.00 3 -1 15.00 235.00 71.00 402.00 1.75 0.63 0.47 -6.65 1.49 24.73 -3.576 0.000 0.000 -2.005 1.00 0.0000000000 0.0000000000 -0.8429129715 0.5380499256 True False True False
Pedestrian 0.00 0 -1 235.00 235.00 324.00 407.00 1.60 0.58 0.63 -3.66 1.36 21.90 -0.664 0.000 0.000 0.907 1.00 0.0000000000 0.0000000000 0.4379449111 0.8990018103 True True True True
Pedestrian 0.00 3 -1 196.00 249.00 271.00 416.00 1.58 0.66 0.45 -4.18 1.47 22.40 -0.681 0.000 0.000 0.890 1.00 0.0000000000 0.0000000000 0.4305607332 0.9025616073 True True True False
Pedestrian 0.00 2 -1 277.00 249.00 343.00 403.00 1.64 0.51 0.49 -3.85 1.52 25.03 -1.014 0.000 0.000 0.557 1.00 0.0000000000 0.0000000000 0.2746928249 0.9615320338 True True True False
Pedestrian 0.00 1 -1 247.00 229.00 295.00 398.00 1.84 0.47 0.26 -4.34 1.50 25.42 -1.025 0.000 0.000 0.546 1.00 0.0000000000 0.0000000000 0.2696016479 0.9629719370 True True True False
Pedestrian 0.00 0 -1 594.00 252.00 676.00 448.00 1.78 0.62 0.43 -0.29 1.70 21.33 0.883 0.000 0.000 2.454 1.00 0.0000000000 0.0000000000 0.9414173151 0.3372438862 True True True True
Pedestrian 0.00 0 -1 551.00 244.00 615.00 431.00 1.79 0.51 0.37 -0.82 1.63 22.53 0.739 0.000 0.000 2.310 1.00 0.0000000000 0.0000000000 0.9147293211 0.4040671592 True True True False
Pedestrian 0.00 1 -1 496.00 234.00 555.00 395.00 1.80 0.57 0.37 -1.61 1.50 26.31 -0.823 0.000 0.000 0.748 1.00 0.0000000000 0.0000000000 0.3654774355 0.9308201997 True True True False
Pedestrian 0.00 0 -1 440.00 249.00 486.00 395.00 1.70 0.41 0.35 -2.38 1.56 27.10 -0.881 0.000 0.000 0.689 1.00 0.0000000000 0.0000000000 0.3379079452 0.9411791650 True True True False
Pedestrian 0.00 0 -1 853.00 234.00 944.00 443.00 1.88 0.60 0.73 2.13 1.65 21.32 0.300 0.000 0.000 1.870 1.00 0.0000000000 0.0000000000 0.8046970459 0.5936856612 True True True False
Pedestrian 0.00 0 -1 916.00 257.00 974.00 439.00 1.70 0.33 0.43 2.63 1.67 22.01 0.769 0.000 0.000 2.340 1.00 0.0000000000 0.0000000000 0.9207375717 0.3901824240 True True True False
Pedestrian 1.00 3 -1 1280.00 258.00 1280.00 366.00 1.77 0.40 0.49 14.30 1.73 38.42 -3.694 0.000 0.000 -2.124 1.00 0.0000000000 0.0000000000 -0.8732484089 0.4872752982 True False True True
Pedestrian 1.00 3 -1 1280.00 259.00 1280.00 369.00 1.84 0.70 0.44 14.16 1.81 39.23 -3.675 0.000 0.000 -2.104 1.00 0.0000000000 0.0000000000 -0.8684556976 0.4957667811 True False True True
Pedestrian 1.00 3 -1 1280.00 257.00 1280.00 361.00 1.78 0.47 0.55 13.84 1.71 40.04 -3.716 0.000 0.000 -2.145 1.00 0.0000000000 0.0000000000 -0.8783980302 0.4779298071 True False True True
Pedestrian 1.00 3 -1 1280.00 257.00 1280.00 361.00 1.79 0.52 0.67 13.33 1.74 40.59 -3.809 0.000 0.000 -2.238 1.00 0.0000000000 0.0000000000 -0.8997249801 0.4364572834 True False True True
