PassengerCar 0.00 0 -1 310.73 304.30 476.78 379.13 -1.00 -1.00 -1.00 -1000.00 -1000.00 -1000.00 -1.000 -1.000 -1.000 -1.000 1.00 -1000.0000000000 -1000.0000000000 -1000.0000000000 -1000.0000000000 True True False False
RidableVehicle 0.00 0 -1 687.00 314.00 752.00 373.00 1.71 0.78 1.80 1.54 3.27 68.25 -3.775 0.000 0.000 -2.204 1.00 0.0000000000 0.0000000000 -0.8921517574 0.4517358097 True True True False
Pedestrian 1.00 3 -1 0.00 311.00 0.00 379.00 1.82 0.45 0.55 -23.02 3.19 62.76 0.098 0.000 0.000 1.669 1.00 0.0000000000 0.0000000000 0.7408250252 0.6716980587 True False True True
Pedestrian 0.24 3 -1 0.00 314.00 17.00 377.00 1.82 0.52 0.62 -19.32 3.40 67.85 -1.976 0.000 0.000 -0.406 1.00 0.0000000000 0.0000000000 -0.2013665360 0.9795159612 True False True True
Pedestrian_is_group 1.00 3 -1 0.00 316.00 0.00 378.00 1.79 0.97 0.49 -20.33 3.41 67.83 -2.127 0.000 0.000 -0.556 1.00 0.0000000000 0.0000000000 -0.2746660653 0.9615396781 True False True False
Pedestrian 0.00 0 -1 1008.29 316.31 1022.59 358.73 -1.00 -1.00 -1.00 -1000.00 -1000.00 -1000.00 -1.000 -1.000 -1.000 -1.000 1.00 -1000.0000000000 -1000.0000000000 -1000.0000000000 -1000.0000000000 True True False False
Pedestrian 0.00 0 -1 996.29 317.94 1010.40 358.53 -1.00 -1.00 -1.00 -1000.00 -1000.00 -1000.00 -1.000 -1.000 -1.000 -1.000 1.00 -1000.0000000000 -1000.0000000000 -1000.0000000000 -1000.0000000000 False True False False
Pedestrian 1.00 3 -1 1280.00 275.00 1280.00 390.00 1.75 0.77 0.54 14.26 1.97 35.86 -2.689 0.000 0.000 -1.118 1.00 0.0000000000 0.0000000000 -0.5305196070 0.8476726647 True False True False
Pedestrian 1.00 3 -1 1280.00 304.00 1280.00 375.00 1.63 0.53 0.48 14.75 2.64 53.79 0.266 0.002 -0.000 1.837 1.00 0.0006263924 0.0005801601 0.7945865544 0.6071502933 True False True False
Pedestrian 0.51 3 -1 1269.00 297.00 1280.00 374.00 1.80 0.37 0.39 14.37 2.65 54.45 -4.163 0.000 0.000 -2.592 1.00 0.0000000000 0.0000000000 -0.9625283940 0.2711809187 True False True False
