PassengerCar 0.00 0 -1 451.00 278.00 532.00 343.00 1.71 1.83 4.10 -4.74 2.19 63.12 -4.697 0.000 0.000 -3.127 1.00 0.0000000000 0.0000000000 -0.9999719137 0.0074947811 True True True False
PassengerCar 0.00 0 -1 572.93 301.25 614.23 331.21 -1.00 -1.00 -1.00 -1000.00 -1000.00 -1000.00 -1.000 -1.000 -1.000 -1.000 1.00 -1000.0000000000 -1000.0000000000 -1000.0000000000 -1000.0000000000 True True False False
PassengerCar 0.00 0 -1 639.06 300.22 676.47 330.52 -1.00 -1.00 -1.00 -1000.00 -1000.00 -1000.00 -1.000 -1.000 -1.000 -1.000 1.00 -1000.0000000000 -1000.0000000000 -1000.0000000000 -1000.0000000000 True True False False
PassengerCar 0.00 0 -1 848.71 308.14 890.07 339.18 -1.00 -1.00 -1.00 -1000.00 -1000.00 -1000.00 -1.000 -1.000 -1.000 -1.000 1.00 -1000.0000000000 -1000.0000000000 -1000.0000000000 -1000.0000000000 True True False False
Pedestrian 1.00 3 -1 0.00 259.00 0.00 354.00 1.92 0.66 0.54 -16.98 1.89 47.26 1.211 0.000 0.000 2.782 1.00 0.0000000000 0.0000000000 0.9839039272 0.1786982428 True False True False
Pedestrian 0.05 0 -1 45.00 270.00 68.00 351.00 1.76 0.46 0.37 -13.30 1.95 50.56 1.371 0.000 0.000 2.942 1.00 0.0000000000 0.0000000000 0.9950239815 0.0996357178 True True True False
Pedestrian 0.05 0 -1 71.00 270.00 96.00 351.00 1.74 0.49 0.33 -12.67 1.95 50.40 1.449 0.000 0.000 3.019 1.00 0.0000000000 0.0000000000 0.9981330767 0.0610766835 True True True False
Pedestrian 0.05 3 -1 18.00 266.00 42.00 352.00 1.91 0.49 0.53 -14.24 2.03 51.89 1.369 0.000 0.000 2.940 1.00 0.0000000000 0.0000000000 0.9949389518 0.1004812534 True False True True
Pedestrian 1.00 3 -1 0.00 272.00 0.00 352.00 1.85 0.64 0.40 -15.80 2.11 53.91 -3.138 0.000 0.000 -1.567 1.00 0.0000000000 0.0000000000 -0.7057563198 0.7084546684 True False True False
Pedestrian 1.00 3 -1 0.00 276.00 0.00 342.00 1.52 0.51 0.45 -16.51 1.88 54.08 -3.152 0.000 0.000 -1.581 1.00 0.0000000000 0.0000000000 -0.7107289329 0.7034659792 True False True False
Pedestrian 0.00 0 -1 104.00 273.00 134.00 350.00 1.75 0.61 0.63 -12.59 2.03 53.34 1.249 0.000 0.000 2.819 1.00 0.0000000000 0.0000000000 0.9870600306 0.1603511648 True True True False
Pedestrian 0.05 3 -1 99.00 273.00 123.00 344.00 1.66 0.50 0.55 -13.18 1.96 55.04 1.242 0.000 0.000 2.813 1.00 0.0000000000 0.0000000000 0.9865572992 0.1634157136 True True True False
Pedestrian 0.06 0 -1 203.00 272.00 223.00 339.00 1.76 0.45 0.51 -12.04 2.06 61.55 1.210 0.000 0.000 2.781 1.00 0.0000000000 0.0000000000 0.9837702067 0.1794329413 True True True False
Pedestrian 0.07 0 -1 180.00 274.00 199.00 336.00 1.63 0.43 0.49 -12.58 1.98 61.08 1.236 0.000 0.000 2.807 1.00 0.0000000000 0.0000000000 0.9860261376 0.1665906840 True True True False
Pedestrian 0.06 0 -1 234.00 276.00 256.00 335.00 1.74 0.60 0.59 -12.41 2.19 68.27 -1.709 0.000 0.000 -0.138 1.00 0.0000000000 0.0000000000 -0.0689398637 0.9976208173 True True True False
Pedestrian 0.00 2 -1 282.17 276.19 299.57 333.00 -1.00 -1.00 -1.00 -1000.00 -1000.00 -1000.00 -1.000 -1.000 -1.000 -1.000 1.00 -1000.0000000000 -1000.0000000000 -1000.0000000000 -1000.0000000000 True True False False
Pedestrian 0.00 0 -1 329.15 279.60 361.67 333.36 -1.00 -1.00 -1.00 -1000.00 -1000.00 -1000.00 -1.000 -1.000 -1.000 -1.000 1.00 -1000.0000000000 -1000.0000000000 -1000.0000000000 -1000.0000000000 True True False False
Pedestrian 0.00 0 -1 361.64 282.95 379.82 334.23 -1.00 -1.00 -1.00 -1000.00 -1000.00 -1000.00 -1.000 -1.000 -1.000 -1.000 1.00 -1000.0000000000 -1000.0000000000 -1000.0000000000 -1000.0000000000 True True False False
Pedestrian 0.00 0 -1 422.08 292.06 434.49 328.14 -1.00 -1.00 -1.00 -1000.00 -1000.00 -1000.00 -1.000 -1.000 -1.000 -1.000 1.00 -1000.0000000000 -1000.0000000000 -1000.0000000000 -1000.0000000000 True False False False
Pedestrian 0.00 1 -1 434.78 293.84 448.28 329.39 -1.00 -1.00 -1.00 -1000.00 -1000.00 -1000.00 -1.000 -1.000 -1.000 -1.000 1.00 -1000.0000000000 -1000.0000000000 -1000.0000000000 -1000.0000000000 True False False False
