PassengerCar 0.00 1 -1 204.00 236.00 390.00 303.00 1.56 1.78 4.17 -8.83 1.00 55.64 -3.157 0.000 0.000 -1.586 1.00 0.0000000000 0.0000000000 -0.7124697543 0.7017028212 True True True False
PassengerCar 0.00 2 -1 328.00 240.00 496.00 308.00 1.50 1.70 3.62 -5.72 1.04 52.32 -3.150 0.000 0.000 -1.579 1.00 0.0000000000 0.0000000000 -0.7101148756 0.7040858352 True True True False
PassengerCar 0.00 0 -1 385.00 239.00 627.00 319.00 1.50 1.93 4.50 -3.07 1.11 44.91 0.019 0.001 0.000 1.589 1.00 0.0003781598 0.0003852971 0.7136860663 0.7004654933 True True True False
PassengerCar 0.00 2 -1 825.00 221.00 1024.00 287.00 1.53 1.82 4.49 6.03 0.61 54.71 -3.143 0.000 0.000 -1.573 1.00 0.0000000000 0.0000000000 -0.7077586115 0.7064543494 True True True False
PassengerCar 0.00 1 -1 1017.00 225.00 1214.00 300.00 1.65 1.81 4.09 10.03 0.86 52.19 -3.138 0.000 0.000 -1.567 1.00 0.0000000000 0.0000000000 -0.7058754567 0.7083359652 True True True False
PassengerCar 1.00 3 -1 1280.00 220.00 1280.00 293.00 1.59 1.80 3.88 21.56 0.71 52.12 -3.120 0.000 0.000 -1.549 1.00 0.0000000000 0.0000000000 -0.6993821732 0.7147479107 True False True False
PassengerCar 1.00 3 -1 1280.00 231.00 1280.00 295.00 1.50 1.75 3.78 17.20 0.81 55.10 -3.117 0.000 0.000 -1.547 1.00 0.0000000000 0.0000000000 -0.6985085689 0.7156016903 True False True False
PassengerCar 0.00 0 -1 0.00 258.00 223.00 349.00 1.40 1.76 3.78 -9.09 1.37 37.61 0.708 0.000 0.000 2.279 1.00 0.0000000000 0.0000000000 0.9083309529 0.4182521728 True True True False
PassengerCar 0.00 2 -1 732.47 225.11 782.04 265.87 -1.00 -1.00 -1.00 -1000.00 -1000.00 -1000.00 -1.000 -1.000 -1.000 -1.000 1.00 -1000.0000000000 -1000.0000000000 -1000.0000000000 -1000.0000000000 True True False False
Vehicle 1.00 3 -1 0.00 250.00 0.00 335.00 1.51 1.81 3.82 -15.30 1.34 42.53 0.027 0.000 0.000 1.598 1.00 0.0000000000 0.0000000000 0.7167361424 0.6973444645 True False True False
Vehicle 0.00 1 -1 572.66 238.41 613.87 270.32 -1.00 -1.00 -1.00 -1000.00 -1000.00 -1000.00 -1.000 -1.000 -1.000 -1.000 1.00 -1000.0000000000 -1000.0000000000 -1000.0000000000 -1000.0000000000 True True False False
Pedestrian 0.07 2 -1 555.00 225.00 571.00 292.00 1.78 0.49 0.40 -2.78 0.83 62.02 -0.003 0.000 0.000 1.568 1.00 0.0000000000 0.0000000000 0.7061243724 0.7080878269 True True True True
Pedestrian 0.07 2 -1 563.00 223.00 580.00 286.00 1.69 0.43 0.45 -2.58 0.68 62.56 0.005 0.000 0.000 1.576 1.00 0.0000000000 0.0000000000 0.7089054261 0.7053035495 True True True False
Pedestrian_is_group 0.00 0 -1 631.00 219.00 739.00 293.00 1.91 4.20 2.80 0.45 0.85 62.71 -3.147 0.000 0.000 -1.576 1.00 0.0000000000 0.0000000000 -0.7090370851 0.7051711933 True True True False
Pedestrian 0.08 0 -1 754.00 225.00 769.00 288.00 1.80 0.40 0.41 2.70 0.77 66.61 -0.005 0.000 0.000 1.566 1.00 0.0000000000 0.0000000000 0.7054340406 0.7087755740 True True True False
Pedestrian 0.06 1 -1 786.00 222.00 806.00 285.00 1.74 0.41 0.53 3.57 0.67 64.52 0.014 0.000 0.000 1.585 1.00 0.0000000000 0.0000000000 0.7121631182 0.7020140263 True True True False
Pedestrian_is_group 0.05 1 -1 821.00 221.00 845.00 286.00 1.74 0.67 0.60 4.47 0.68 62.71 -0.002 0.000 0.000 1.568 1.00 0.0000000000 0.0000000000 0.7062428820 0.7079696262 True True True False
Pedestrian 0.05 1 -1 146.00 216.00 172.00 278.00 1.71 0.80 0.58 -14.04 0.49 64.13 -0.047 0.000 0.000 1.524 1.00 0.0000000000 0.0000000000 0.6903382096 0.7234868045 True True True False
Pedestrian 1.00 3 -1 0.00 185.00 0.00 507.00 1.71 0.64 0.64 -5.28 1.31 12.74 -1.212 0.000 0.000 0.359 1.00 0.0000000000 0.0000000000 0.1783029733 0.9839756347 True False True False
Pedestrian 0.00 0 -1 512.00 235.00 559.00 355.00 1.64 0.51 0.52 -1.81 1.29 31.91 -2.929 0.000 0.000 -1.358 1.00 0.0000000000 0.0000000000 -0.6279042669 0.7782905830 True True True False
Pedestrian 0.00 0 -1 782.00 221.00 841.00 344.00 1.71 0.33 0.79 2.01 1.16 32.35 -3.135 0.000 0.000 -1.564 1.00 0.0000000000 0.0000000000 -0.7047128550 0.7094926300 True True True False
Pedestrian 0.00 0 -1 831.00 230.00 886.00 350.00 1.59 0.46 0.70 2.56 1.19 31.08 -3.138 0.000 0.000 -1.567 1.00 0.0000000000 0.0000000000 -0.7057331598 0.7084777394 True True True False
Pedestrian 0.00 0 -1 856.00 184.00 1014.00 494.00 1.67 0.50 0.79 1.47 1.26 12.82 -0.059 0.000 0.000 1.511 1.00 0.0000000000 0.0000000000 0.6858237701 0.7277676527 True True True False
Pedestrian 0.53 0 -1 1241.00 184.00 1280.00 493.00 1.66 0.38 0.42 3.36 1.25 12.70 0.272 0.000 0.000 1.843 1.00 0.0000000000 0.0000000000 0.7965623130 0.6045564337 True True True False
Pedestrian 0.27 0 -1 1210.00 188.00 1280.00 506.00 1.65 0.47 0.46 3.14 1.27 12.32 0.289 0.000 0.000 1.859 1.00 0.0000000000 0.0000000000 0.8014486871 0.5980635434 True True True False
Pedestrian 0.00 0 -1 1098.00 157.00 1280.00 524.00 1.73 0.71 0.78 2.54 1.25 11.36 0.090 0.000 0.000 1.661 1.00 0.0000000000 0.0000000000 0.7382999236 0.6744725516 True True True False
Pedestrian 0.00 1 -1 830.00 228.00 882.00 350.00 1.66 0.46 0.67 2.57 1.22 31.69 -3.135 0.000 0.000 -1.564 1.00 0.0000000000 0.0000000000 -0.7046023111 0.7096024121 True True False False
Pedestrian 0.00 1 -1 969.00 231.00 1020.00 343.00 1.71 0.44 0.73 5.02 1.26 35.65 0.018 0.000 0.000 1.589 1.00 0.0000000000 0.0000000000 0.7133563725 0.7008014596 True True True False
Pedestrian 1.00 3 -1 1280.00 212.00 1280.00 330.00 1.79 0.50 0.44 12.36 1.06 35.79 -4.153 0.000 0.000 -2.582 1.00 0.0000000000 0.0000000000 -0.9611326520 0.2760869887 True False True False
Pedestrian 1.00 3 -1 1280.00 205.00 1280.00 332.00 1.90 0.55 0.50 11.86 1.07 35.27 0.593 0.000 0.000 2.164 1.00 0.0000000000 0.0000000000 0.8829047359 0.4695521562 True False True False
Pedestrian 1.00 3 -1 1280.00 209.00 1280.00 325.00 1.74 0.37 0.48 12.33 0.96 34.99 -2.549 0.000 0.000 -0.978 1.00 0.0000000000 0.0000000000 -0.4697039561 0.8828239879 True False True False
Pedestrian_is_group 0.00 2 -1 1055.00 218.00 1092.00 288.00 1.76 0.79 0.80 10.26 0.69 58.71 -3.127 0.000 0.000 -1.556 1.00 0.0000000000 0.0000000000 -0.7017551881 0.7124181749 True True True True
