PassengerCar 1.00 3 -1 1280.00 247.00 1280.00 555.00 1.41 1.86 3.93 6.59 1.40 13.34 -1.616 0.054 0.000 -0.045 1.00 0.0272063460 -0.0006091400 -0.0223757297 0.9993791925 True False True False
PassengerCar 1.00 3 -1 1280.00 209.00 1280.00 492.00 1.92 1.87 4.29 6.31 1.58 17.88 -1.591 0.000 0.000 -0.020 1.00 0.0000000000 0.0000000000 -0.0098952172 0.9999510411 True False True False
PassengerCar 0.62 2 -1 1166.00 294.00 1280.00 457.00 1.49 1.67 3.78 6.45 1.84 23.54 -1.660 0.000 0.000 -0.089 1.00 0.0000000000 0.0000000000 -0.0445798615 0.9990058238 True True True False
PassengerCar 0.12 2 -1 1108.00 296.00 1280.00 421.00 1.38 1.43 3.98 6.49 1.83 28.38 -1.577 0.000 0.000 -0.006 1.00 0.0000000000 0.0000000000 -0.0031224855 0.9999951250 True True True False
PassengerCar 0.00 0 -1 962.00 300.00 1116.00 402.00 1.65 1.76 4.09 6.56 2.38 41.32 -1.650 0.017 0.000 -0.079 1.00 0.0087056657 -0.0003429643 -0.0393634939 0.9991869740 True True True False
PassengerCar 0.00 2 -1 937.00 315.00 1050.00 393.00 1.61 1.79 4.21 7.23 2.86 51.83 -1.608 0.000 0.000 -0.037 1.00 0.0000000000 0.0000000000 -0.0187209908 0.9998247469 True True True False
PassengerCar 0.00 0 -1 786.25 323.77 820.64 352.10 -1.00 -1.00 -1.00 -1000.00 -1000.00 -1000.00 -1.000 -1.000 -1.000 -1.000 1.00 -1000.0000000000 -1000.0000000000 -1000.0000000000 -1000.0000000000 True True False False
PassengerCar 0.00 3 -1 782.52 317.00 814.67 343.96 -1.00 -1.00 -1.00 -1000.00 -1000.00 -1000.00 -1.000 -1.000 -1.000 -1.000 1.00 -1000.0000000000 -1000.0000000000 -1000.0000000000 -1000.0000000000 True True False False
PassengerCar 0.00 2 -1 313.63 314.17 394.14 359.49 -1.00 -1.00 -1.00 -1000.00 -1000.00 -1000.00 -1.000 -1.000 -1.000 -1.000 1.00 -1000.0000000000 -1000.0000000000 -1000.0000000000 -1000.0000000000 True True False False
PassengerCar 0.00 0 -1 354.00 323.00 432.00 382.00 1.47 1.71 4.21 -7.44 3.22 63.35 1.555 0.000 0.000 3.126 1.00 0.0000000000 0.0000000000 0.9999682318 0.0079709090 True True True False
PassengerCar 0.00 0 -1 473.23 319.49 517.39 352.79 -1.00 -1.00 -1.00 -1000.00 -1000.00 -1000.00 -1.000 -1.000 -1.000 -1.000 1.00 -1000.0000000000 -1000.0000000000 -1000.0000000000 -1000.0000000000 True True False False
Pedestrian 0.00 1 -1 1092.00 298.00 1123.00 374.00 1.70 0.54 0.53 9.92 2.54 52.33 1.466 0.000 0.000 3.037 1.00 0.0000000000 0.0000000000 0.9986328867 0.0522719571 True True True False
Pedestrian 0.00 1 -1 931.72 315.42 948.96 356.72 -1.00 -1.00 -1.00 -1000.00 -1000.00 -1000.00 -1.000 -1.000 -1.000 -1.000 1.00 -1000.0000000000 -1000.0000000000 -1000.0000000000 -1000.0000000000 True True False False
Pedestrian 0.00 0 -1 909.75 311.66 932.16 358.03 -1.00 -1.00 -1.00 -1000.00 -1000.00 -1000.00 -1.000 -1.000 -1.000 -1.000 1.00 -1000.0000000000 -1000.0000000000 -1000.0000000000 -1000.0000000000 True True False False
