PassengerCar 1.00 3 -1 0.00 212.00 0.00 720.00 1.37 1.64 3.81 -4.11 1.29 5.86 -2.727 0.000 0.000 -1.156 1.00 0.0000000000 0.0000000000 -0.5464766887 0.8374743153 True False True False
PassengerCar 0.98 3 -1 0.00 223.00 29.00 682.00 1.49 1.81 3.67 -4.54 1.38 8.81 -2.929 0.000 0.000 -1.359 1.00 0.0000000000 0.0000000000 -0.6282105197 0.7780434069 True False True False
PassengerCar 0.62 2 -1 0.00 149.00 351.00 567.00 1.89 2.01 4.36 -4.08 1.40 12.27 -2.727 0.000 0.000 -1.157 1.00 0.0000000000 0.0000000000 -0.5465858722 0.8374030597 True True True False
PassengerCar 0.41 3 -1 0.00 245.00 401.00 508.00 1.51 1.74 3.91 -3.86 1.44 14.89 -2.770 0.000 0.000 -1.199 1.00 0.0000000000 0.0000000000 -0.5641811953 0.8256510030 True True True False
PassengerCar 0.11 3 -1 0.00 264.00 422.00 470.00 1.40 1.63 2.98 -3.49 1.43 16.96 -2.846 0.000 0.000 -1.275 1.00 0.0000000000 0.0000000000 -0.5951371072 0.8036241806 True True True False
PassengerCar 0.00 2 -1 9.00 242.00 476.00 439.00 1.59 1.64 3.59 -3.56 1.45 19.79 -3.023 0.000 0.000 -1.452 1.00 0.0000000000 0.0000000000 -0.6639850443 0.7477458532 True True True False
PassengerCar 0.00 2 -1 369.00 262.00 574.00 354.00 1.66 1.73 3.59 -3.69 1.70 43.58 -2.502 0.000 0.000 -0.931 1.00 0.0000000000 0.0000000000 -0.4490041263 0.8935296831 True True True False
PassengerCar 0.00 3 -1 331.00 274.00 520.00 366.00 1.41 1.56 2.63 -3.91 1.64 37.55 -2.564 -0.012 0.000 -0.993 1.00 -0.0052127439 0.0028235999 -0.4762787257 0.8792743770 True True True False
PassengerCar 0.00 0 -1 537.00 254.00 841.00 471.00 1.41 1.98 4.29 0.14 1.39 17.31 -1.571 0.000 0.000 0.000 1.00 0.0000000000 0.0000000000 0.0000000000 1.0000000000 True True True False
PassengerCar 1.00 3 -1 1280.00 249.00 1280.00 720.00 1.30 1.65 3.88 4.85 1.28 8.03 -0.531 0.000 0.000 1.039 1.00 0.0000000000 0.0000000000 0.4965964007 0.8679815751 True False True False
PassengerCar 0.97 3 -1 1253.00 230.00 1280.00 616.00 1.53 1.85 4.20 5.02 1.42 11.01 -0.496 0.000 0.000 1.075 1.00 0.0000000000 0.0000000000 0.5119253544 0.8590299363 True False True False
PassengerCar 0.80 2 -1 1134.00 251.00 1280.00 516.00 1.44 1.81 3.99 5.05 1.39 14.09 -0.353 0.000 0.000 1.218 1.00 0.0000000000 0.0000000000 0.5720178398 0.8202411785 True True True False
PassengerCar 0.51 0 -1 1042.00 247.00 1280.00 480.00 1.56 1.52 3.15 4.48 1.48 16.91 -0.441 0.000 0.000 1.130 1.00 0.0000000000 0.0000000000 0.5353275388 0.8446445561 True True True False
PassengerCar 0.35 3 -1 986.00 275.00 1280.00 453.00 1.42 1.70 3.63 4.75 1.55 20.23 -0.537 0.000 0.000 1.033 1.00 0.0000000000 0.0000000000 0.4939689358 0.8694795515 True True True False
PassengerCar 0.23 3 -1 951.00 265.00 1280.00 414.00 1.41 1.74 4.21 5.14 1.47 23.96 -0.543 0.000 0.000 1.027 1.00 0.0000000000 0.0000000000 0.4914200182 0.8709227094 True True True False
PassengerCar 0.00 3 -1 922.00 273.00 1239.00 412.00 1.48 1.68 3.18 4.67 1.62 26.20 -0.509 0.000 0.000 1.062 1.00 0.0000000000 0.0000000000 0.5065105821 0.8622337445 True True True False
PassengerCar 0.00 3 -1 897.00 279.00 1218.00 409.00 1.55 1.81 3.87 5.01 1.79 29.67 -0.604 0.000 0.000 0.967 1.00 0.0000000000 0.0000000000 0.4649654325 0.8853288353 True True True False
PassengerCar 0.00 2 -1 807.00 239.00 1128.00 378.00 1.84 1.81 4.33 4.24 1.56 32.55 -0.579 0.000 0.000 0.992 1.00 0.0000000000 0.0000000000 0.4757279498 0.8795924725 True True True False
