PassengerCar 1.00 3 -1 1280.00 130.00 1280.00 720.00 1.44 1.82 4.05 4.61 1.17 6.64 -0.421 0.000 0.000 1.150 1.00 0.0000000000 0.0000000000 0.5437192257 0.8392671825 True False True True
PassengerCar 0.97 2 -1 1252.00 246.00 1280.00 634.00 1.31 1.84 3.91 4.56 1.27 9.55 -0.467 0.000 0.000 1.104 1.00 0.0000000000 0.0000000000 0.5242720547 0.8515508280 True False True False
PassengerCar 0.76 2 -1 1080.00 228.00 1280.00 562.00 1.50 1.92 4.26 4.46 1.34 12.37 -0.573 0.008 0.006 0.998 1.00 0.0023608855 0.0044616689 0.4785216919 0.8780612223 True True True False
PassengerCar 0.53 2 -1 944.00 188.00 1280.00 500.00 1.74 1.84 4.51 4.12 1.34 14.92 -0.572 0.000 0.000 0.999 1.00 0.0000000000 0.0000000000 0.4789530207 0.8778405345 True True True False
PassengerCar 1.00 3 -1 0.00 114.00 0.00 720.00 1.35 1.86 3.94 -2.79 1.24 3.88 -1.567 0.000 0.000 0.004 1.00 0.0000000000 0.0000000000 0.0020413528 0.9999979164 True False True True
PassengerCar 0.85 2 -1 0.00 214.00 165.00 702.00 1.45 1.71 2.83 -3.32 1.30 7.81 -3.101 0.001 0.031 -1.531 1.00 0.0111210870 0.0106821429 -0.6926484958 0.7211104454 True True True True
PassengerCar 0.23 2 -1 0.00 260.00 382.00 594.00 1.37 1.74 3.97 -2.52 1.39 11.94 -1.609 0.017 0.016 -0.038 1.00 0.0085263571 0.0077000478 -0.0191940072 0.9997497690 True True True False
PassengerCar 0.00 3 -1 104.00 295.00 409.00 529.00 1.42 1.62 3.97 -2.79 1.69 16.48 -1.613 0.000 0.000 -0.042 1.00 0.0000000000 0.0000000000 -0.0212253208 0.9997747175 True True True False
PassengerCar 0.00 3 -1 183.00 272.00 433.00 470.00 1.66 1.74 3.85 -3.21 1.77 21.43 -1.579 0.000 0.000 -0.008 1.00 0.0000000000 0.0000000000 -0.0042032686 0.9999911662 True True True True
PassengerCar 0.00 3 -1 287.00 277.00 496.00 425.00 1.49 1.79 3.93 -2.92 1.67 25.32 -1.565 0.000 0.000 0.006 1.00 0.0000000000 0.0000000000 0.0027580189 0.9999961967 True True True False
PassengerCar 0.00 3 -1 367.00 288.00 526.00 408.00 1.43 1.76 4.10 -2.81 1.80 30.30 -1.592 0.000 0.000 -0.021 1.00 0.0000000000 0.0000000000 -0.0104471974 0.9999454265 True True True False
PassengerCar 0.00 3 -1 411.00 290.00 547.00 390.00 1.44 1.85 4.05 -2.86 1.91 36.07 -1.588 0.000 0.000 -0.017 1.00 0.0000000000 0.0000000000 -0.0086155977 0.9999628850 True True True True
PassengerCar 0.00 3 -1 460.00 291.00 567.00 375.00 1.39 1.82 4.34 -2.77 1.95 41.61 -1.645 0.000 0.000 -0.074 1.00 0.0000000000 0.0000000000 -0.0368854700 0.9993194995 True True True False
PassengerCar 0.00 3 -1 867.00 265.00 1280.00 422.00 1.48 1.82 4.05 4.24 1.56 23.69 -0.501 0.000 -0.015 1.070 1.00 0.0040643810 -0.0063976976 0.5098811029 0.8602114921 True True True True
PassengerCar 0.00 3 -1 865.00 245.00 1184.00 369.00 1.56 1.80 3.99 4.77 1.42 30.87 -0.563 -0.008 -0.023 1.008 1.00 0.0020759761 -0.0121146716 0.4827458581 0.8756742325 True True True True
PassengerCar 0.00 3 -1 806.00 280.00 1098.00 408.00 1.87 2.05 4.06 4.40 2.17 35.82 -0.521 0.000 0.000 1.050 1.00 0.0000000000 0.0000000000 0.5012108999 0.8653251607 True True True True
PassengerCar 0.00 3 -1 765.00 291.00 940.00 365.00 1.66 1.84 3.78 4.36 2.38 54.53 -0.595 0.000 0.000 0.976 1.00 0.0000000000 0.0000000000 0.4688826600 0.8832604662 True True True True
PassengerCar_is_group 0.00 3 -1 487.00 287.00 585.00 361.00 1.44 1.80 5.86 -2.72 2.03 49.42 -1.578 0.000 0.000 -0.007 1.00 0.0000000000 0.0000000000 -0.0035627714 0.9999936533 True True True False
PassengerCar 0.00 2 -1 742.18 271.07 849.12 335.14 -1.00 -1.00 -1.00 -1000.00 -1000.00 -1000.00 -1.000 -1.000 -1.000 -1.000 1.00 -1000.0000000000 -1000.0000000000 -1000.0000000000 -1000.0000000000 True True False False
PassengerCar 0.00 3 -1 725.50 267.06 838.93 323.29 -1.00 -1.00 -1.00 -1000.00 -1000.00 -1000.00 -1.000 -1.000 -1.000 -1.000 1.00 -1000.0000000000 -1000.0000000000 -1000.0000000000 -1000.0000000000 True True False False
PassengerCar 0.00 0 -1 655.54 277.62 691.12 315.84 -1.00 -1.00 -1.00 -1000.00 -1000.00 -1000.00 -1.000 -1.000 -1.000 -1.000 1.00 -1000.0000000000 -1000.0000000000 -1000.0000000000 -1000.0000000000 True True False False
PassengerCar 0.00 3 -1 842.00 264.00 1134.00 372.00 1.46 1.80 3.93 4.62 1.52 33.27 -0.584 0.000 0.000 0.987 1.00 0.0000000000 0.0000000000 0.4735204099 0.8807828458 True True True True
PassengerCar_is_group 0.00 2 -1 528.00 288.00 616.00 341.00 1.49 2.40 6.53 -2.84 2.35 70.54 -1.569 0.000 0.000 0.002 1.00 0.0000000000 0.0000000000 0.0009483621 0.9999995503 True True True True
PassengerCar 0.00 2 -1 604.73 277.50 639.51 321.45 -1.00 -1.00 -1.00 -1000.00 -1000.00 -1000.00 -1.000 -1.000 -1.000 -1.000 1.00 -1000.0000000000 -1000.0000000000 -1000.0000000000 -1000.0000000000 True True False False
PassengerCar 0.00 3 -1 708.85 273.24 761.73 313.38 -1.00 -1.00 -1.00 -1000.00 -1000.00 -1000.00 -1.000 -1.000 -1.000 -1.000 1.00 -1000.0000000000 -1000.0000000000 -1000.0000000000 -1000.0000000000 True True False False
