PassengerCar 0.00 0 -1 857.00 293.00 946.00 365.00 1.47 1.79 4.11 5.04 2.20 50.45 -1.502 0.000 0.000 0.068 1.00 0.0000000000 0.0000000000 0.0341563334 0.9994165022 True True True False
PassengerCar 0.00 2 -1 648.89 285.22 696.73 323.56 -1.00 -1.00 -1.00 -1000.00 -1000.00 -1000.00 -1.000 -1.000 -1.000 -1.000 1.00 -1000.0000000000 -1000.0000000000 -1000.0000000000 -1000.0000000000 True True False False
PassengerCar 0.00 0 -1 614.00 289.00 678.00 342.00 1.40 1.75 3.65 -0.61 2.21 65.08 -1.597 0.001 0.005 -0.026 1.00 0.0002923532 0.0025474090 -0.0129025685 0.9999134707 True True True False
PassengerCar 0.00 1 -1 719.88 293.24 790.99 349.29 -1.00 -1.00 -1.00 -1000.00 -1000.00 -1000.00 -1.000 -1.000 -1.000 -1.000 1.00 -1000.0000000000 -1000.0000000000 -1000.0000000000 -1000.0000000000 False True False False
PassengerCar 0.00 2 -1 391.53 289.11 449.58 322.45 -1.00 -1.00 -1.00 -1000.00 -1000.00 -1000.00 -1.000 -1.000 -1.000 -1.000 1.00 -1000.0000000000 -1000.0000000000 -1000.0000000000 -1000.0000000000 True True False False
PassengerCar 0.00 0 -1 241.00 273.00 358.00 360.00 1.43 1.87 4.10 -6.33 1.65 40.28 1.445 0.000 0.000 3.016 1.00 0.0000000000 0.0000000000 0.9980193846 0.0629071369 True True True False
PassengerCar 0.00 1 -1 363.85 288.75 414.88 326.19 -1.00 -1.00 -1.00 -1000.00 -1000.00 -1000.00 -1.000 -1.000 -1.000 -1.000 1.00 -1000.0000000000 -1000.0000000000 -1000.0000000000 -1000.0000000000 True True False False
PassengerCar 0.00 0 -1 30.00 279.00 145.00 348.00 1.44 1.79 3.96 -12.50 1.83 50.24 1.493 0.000 0.000 3.064 1.00 0.0000000000 0.0000000000 0.9992378607 0.0390345699 True True True False
PassengerCar 0.87 3 -1 0.00 275.00 21.00 362.00 1.43 1.84 3.97 -12.61 1.69 40.51 1.491 0.000 0.000 3.062 1.00 0.0000000000 0.0000000000 0.9992126734 0.0396740900 True False True False
PassengerCar 0.00 2 -1 328.39 288.36 384.94 330.12 -1.00 -1.00 -1.00 -1000.00 -1000.00 -1000.00 -1.000 -1.000 -1.000 -1.000 1.00 -1000.0000000000 -1000.0000000000 -1000.0000000000 -1000.0000000000 True True False False
PassengerCar 0.00 2 -1 573.77 291.07 620.79 326.75 -1.00 -1.00 -1.00 -1000.00 -1000.00 -1000.00 -1.000 -1.000 -1.000 -1.000 1.00 -1000.0000000000 -1000.0000000000 -1000.0000000000 -1000.0000000000 True True False False
Obstacle 0.00 3 -1 155.84 272.08 180.34 326.16 -1.00 -1.00 -1.00 -1000.00 -1000.00 -1000.00 -1.000 -1.000 -1.000 -1.000 1.00 -1000.0000000000 -1000.0000000000 -1000.0000000000 -1000.0000000000 True True False False
Pedestrian 1.00 3 -1 1280.00 278.00 1280.00 418.00 1.80 0.60 0.67 12.21 2.03 30.25 1.396 0.001 -0.004 2.967 1.00 0.0018410738 0.0001609320 0.9961996251 0.0870797991 True True True False
Pedestrian 0.00 0 -1 1112.00 276.00 1171.00 395.00 1.71 0.61 0.72 6.88 1.93 33.68 0.008 0.000 0.000 1.579 1.00 0.0000000000 0.0000000000 0.7099106949 0.7042917046 True True True False
Pedestrian 0.00 0 -1 1090.00 271.00 1128.00 364.00 1.91 0.59 0.82 9.14 2.13 48.12 -1.624 0.000 0.000 -0.054 1.00 0.0000000000 0.0000000000 -0.0268325463 0.9996399424 True True True True
Pedestrian 0.00 0 -1 1066.26 279.72 1094.38 358.55 -1.00 -1.00 -1.00 -1000.00 -1000.00 -1000.00 -1.000 -1.000 -1.000 -1.000 1.00 -1000.0000000000 -1000.0000000000 -1000.0000000000 -1000.0000000000 True True False False
Pedestrian 0.00 0 -1 989.00 272.00 1037.00 397.00 1.82 0.49 0.61 5.10 1.99 34.28 -0.091 0.000 0.000 1.480 1.00 0.0000000000 0.0000000000 0.6742257052 0.7385253539 True True True False
Pedestrian 0.00 3 -1 984.00 290.00 1027.00 393.00 1.53 0.55 0.51 5.12 1.98 35.18 -0.125 0.000 0.000 1.446 1.00 0.0000000000 0.0000000000 0.6616730866 0.7497924556 True True True False
Pedestrian 0.00 0 -1 797.00 268.00 871.00 385.00 1.71 0.56 0.94 2.46 1.81 34.21 -0.584 0.000 0.000 0.986 1.00 0.0000000000 0.0000000000 0.4734218596 0.8808358206 True True True False
Pedestrian 0.00 0 -1 763.00 275.00 819.00 383.00 1.59 0.58 0.61 1.85 1.80 34.57 -0.589 0.000 0.000 0.982 1.00 0.0000000000 0.0000000000 0.4715556773 0.8818362905 True True True False
Pedestrian 0.00 1 -1 730.00 269.00 783.00 382.00 1.68 0.57 0.55 1.35 1.81 35.04 -0.659 0.000 0.000 0.912 1.00 0.0000000000 0.0000000000 0.4403421148 0.8978300630 True True True False
