PassengerCar 0.33 2 -1 0.00 234.00 381.00 467.00 1.36 1.70 3.98 -3.90 1.23 15.54 -2.431 0.003 -0.003 -0.860 1.00 0.0008397432 -0.0018303745 -0.4169909727 0.9089083965 True True True False
PassengerCar 0.67 2 -1 0.00 189.00 216.00 519.00 1.50 1.84 2.77 -4.02 1.19 12.09 -2.592 0.000 0.000 -1.021 1.00 0.0000000000 0.0000000000 -0.4887919004 0.8724004116 True True True False
PassengerCar 1.00 3 -1 0.00 190.00 0.00 586.00 1.32 1.87 4.13 -5.09 1.10 9.44 -2.702 0.000 0.000 -1.131 1.00 0.0000000000 0.0000000000 -0.5358356240 0.8443223223 True False True False
PassengerCar 1.00 3 -1 0.00 67.00 0.00 720.00 1.38 1.67 4.08 -4.17 1.03 6.08 -2.598 0.000 0.000 -1.027 1.00 0.0000000000 0.0000000000 -0.4911349657 0.8710834894 True False True False
PassengerCar 1.00 3 -1 1280.00 201.00 1280.00 630.00 1.51 1.88 3.71 4.32 1.34 10.41 -1.563 0.038 -0.000 0.008 1.00 0.0189613499 -0.0000728789 0.0038428312 0.9998128298 True False True False
DontCare 0.00 -1 -1 924.69 251.89 1021.66 340.25 -1.00 -1.00 -1.00 -1000.00 -1000.00 -1000.00 -1.000 -1.000 -1.000 -1.000 1.00 -1000.0000000000 -1000.0000000000 -1000.0000000000 -1000.0000000000 False False False False
Obstacle 1.00 3 -1 1280.00 231.00 1280.00 418.00 1.74 0.40 0.43 7.41 1.47 21.79 1.486 0.000 0.000 3.057 1.00 0.0000000000 0.0000000000 0.9990960691 0.0425093474 True False True False
Pedestrian 0.00 0 -1 667.00 248.00 709.00 373.00 1.64 0.50 0.62 0.27 1.48 30.98 -1.642 0.000 0.000 -0.071 1.00 0.0000000000 0.0000000000 -0.0354594914 0.9993711145 True True True False
Pedestrian 0.00 2 -1 708.00 252.00 749.00 374.00 1.60 0.46 0.52 0.81 1.50 30.66 -1.391 -0.005 -0.029 0.180 1.00 -0.0013006894 -0.0144516209 0.0896312263 0.9958693198 True True True False
Pedestrian 0.00 0 -1 751.00 244.00 812.00 377.00 1.67 0.72 0.45 1.46 1.47 29.67 -3.684 0.000 0.000 -2.113 1.00 0.0000000000 0.0000000000 -0.8706319371 0.4919349857 True True True False
Pedestrian 0.00 2 -1 813.00 243.00 862.00 384.00 1.71 0.63 0.45 2.08 1.50 28.40 -3.312 -0.012 -0.002 -1.741 1.00 -0.0046767703 0.0039403863 -0.7647314327 0.6443201356 True True True False
Pedestrian 0.00 0 -1 906.00 230.00 957.00 381.00 1.88 0.56 0.30 3.34 1.50 29.33 -3.963 -0.008 -0.005 -2.392 1.00 -0.0039201621 0.0028208513 -0.9305380196 0.3661634461 True True True False
Pedestrian 0.00 0 -1 988.00 248.00 1035.00 391.00 1.65 0.51 0.49 3.99 1.50 26.91 -1.469 0.000 0.000 0.102 1.00 0.0000000000 0.0000000000 0.0510084029 0.9986982241 True True True False
Pedestrian 0.00 1 -1 1022.00 250.00 1070.00 386.00 1.59 0.40 0.82 4.50 1.47 27.61 1.530 0.000 0.000 3.101 1.00 0.0000000000 0.0000000000 0.9997926692 0.0203621876 True True True False
Pedestrian 0.00 0 -1 1211.00 250.00 1269.00 397.00 1.65 0.62 0.82 6.53 1.53 26.44 -1.313 0.000 0.000 0.257 1.00 0.0000000000 0.0000000000 0.1283849396 0.9917244110 True True True False
Pedestrian 1.00 3 -1 1280.00 213.00 1280.00 432.00 2.00 0.44 0.39 6.52 1.56 21.37 1.495 0.000 0.000 3.066 1.00 0.0000000000 0.0000000000 0.9992834551 0.0378493899 True False True False
Pedestrian 1.00 3 -1 1280.00 263.00 1280.00 386.00 1.65 0.34 0.56 9.30 1.68 31.48 -1.624 0.000 0.000 -0.053 1.00 0.0000000000 0.0000000000 -0.0267177241 0.9996430179 True False True True
Pedestrian 0.80 3 -1 1272.00 262.00 1280.00 365.00 1.75 0.56 0.65 10.71 1.78 39.88 -1.418 0.000 0.000 0.153 1.00 0.0000000000 0.0000000000 0.0765430016 0.9970662811 True False True True
Pedestrian 0.00 0 -1 1130.00 259.00 1176.00 361.00 2.05 0.58 0.79 9.83 2.03 47.01 -0.072 0.000 0.000 1.499 1.00 0.0000000000 0.0000000000 0.6812672767 0.7320347653 True True True True
Pedestrian 0.00 1 -1 1178.00 261.00 1207.00 356.00 1.91 0.54 0.49 10.58 1.92 46.78 -1.327 0.000 0.000 0.244 1.00 0.0000000000 0.0000000000 0.1217079429 0.9925659558 True True True False
Pedestrian 0.00 2 -1 1061.00 269.00 1092.00 344.00 1.80 0.72 0.83 9.88 2.00 56.00 -4.505 0.000 0.000 -2.934 1.00 0.0000000000 0.0000000000 -0.9946336184 0.1034599692 True True True False
Pedestrian 0.00 3 -1 1078.28 262.99 1107.14 344.96 -1.00 -1.00 -1.00 -1000.00 -1000.00 -1000.00 -1.000 -1.000 -1.000 -1.000 1.00 -1000.0000000000 -1000.0000000000 -1000.0000000000 -1000.0000000000 True True False False
Pedestrian 0.00 3 -1 1166.20 255.03 1190.81 350.10 -1.00 -1.00 -1.00 -1000.00 -1000.00 -1000.00 -1.000 -1.000 -1.000 -1.000 1.00 -1000.0000000000 -1000.0000000000 -1000.0000000000 -1000.0000000000 False True False False
Pedestrian 0.00 3 -1 1072.20 253.21 1094.74 338.54 -1.00 -1.00 -1.00 -1000.00 -1000.00 -1000.00 -1.000 -1.000 -1.000 -1.000 1.00 -1000.0000000000 -1000.0000000000 -1000.0000000000 -1000.0000000000 True True False False
