PassengerCar 0.00 0 -1 80.00 211.00 422.00 457.00 1.47 1.86 4.26 -2.76 1.14 16.29 -1.633 -0.021 0.025 -0.062 1.00 -0.0101531491 0.0129294997 -0.0310326631 0.9993831675 True True True False
PassengerCar 0.94 3 -1 0.00 162.00 29.00 416.00 1.53 1.75 2.81 -6.28 0.93 16.55 -2.714 -0.059 0.035 -1.144 1.00 -0.0152023884 0.0308784336 -0.5403459463 0.8407387633 True False True False
PassengerCar 0.64 3 -1 0.00 194.00 183.00 401.00 1.56 1.82 3.86 -6.23 1.05 19.53 -2.713 -0.023 0.011 -1.142 1.00 -0.0069800327 0.0108646369 -0.5404726212 0.8412624944 True False True False
PassengerCar 0.00 1 -1 835.00 224.00 1124.00 409.00 1.50 1.78 4.16 2.73 1.18 21.24 -1.646 0.012 0.023 -0.075 1.00 0.0065092263 0.0111215263 -0.0374991677 0.9992135678 True True True False
PassengerCar 0.00 2 -1 807.00 211.00 1018.00 370.00 1.73 1.84 4.11 2.80 1.23 27.36 -1.624 0.000 -0.013 -0.053 1.00 -0.0001747144 -0.0065331201 -0.0267327416 0.9996212524 True True True False
PassengerCar 0.00 2 -1 776.00 234.00 933.00 351.00 1.55 1.86 3.88 2.58 1.21 32.80 -1.584 0.002 0.003 -0.013 1.00 0.0010576076 0.0012885191 -0.0064992023 0.9999774905 True True True False
PassengerCar 0.00 2 -1 732.00 236.00 858.00 333.00 1.57 1.80 4.25 2.15 1.16 40.01 -1.600 0.009 0.016 -0.030 1.00 0.0045164041 0.0077644393 -0.0148094848 0.9998499861 True True True False
PassengerCar 0.00 2 -1 728.00 214.00 831.00 305.00 1.93 1.80 4.26 2.44 0.91 51.53 -1.640 -0.001 0.025 -0.069 1.00 -0.0001595079 0.0124392724 -0.0343839258 0.9993312688 True True True False
PassengerCar 0.00 2 -1 584.00 176.00 775.00 288.00 2.71 1.88 5.78 0.24 0.68 59.26 -2.179 0.000 0.000 -0.608 1.00 0.0000000000 0.0000000000 -0.2992116197 0.9541867776 True True True False
PassengerCar 0.00 3 -1 718.29 239.78 801.46 320.30 -1.00 -1.00 -1.00 -1000.00 -1000.00 -1000.00 -1.000 -1.000 -1.000 -1.000 1.00 -1000.0000000000 -1000.0000000000 -1000.0000000000 -1000.0000000000 True True False False
PassengerCar 0.00 1 -1 425.00 218.00 593.00 288.00 1.85 2.12 4.06 -4.32 0.74 63.58 -2.761 0.000 0.000 -1.190 1.00 0.0000000000 0.0000000000 -0.5604667013 0.8281769598 True True True False
PassengerCar 0.00 3 -1 141.00 231.00 415.00 337.00 1.59 1.84 4.21 -6.22 1.16 36.97 -2.536 0.000 0.000 -0.965 1.00 0.0000000000 0.0000000000 -0.4641730346 0.8857445421 True True True False
PassengerCar 0.00 3 -1 221.00 196.00 470.00 304.00 1.89 2.12 4.18 -5.92 0.77 42.58 -2.539 0.000 0.000 -0.968 1.00 0.0000000000 0.0000000000 -0.4651957712 0.8852078256 True True True False
PassengerCar 0.00 3 -1 711.78 208.40 812.35 297.60 -1.00 -1.00 -1.00 -1000.00 -1000.00 -1000.00 -1.000 -1.000 -1.000 -1.000 1.00 -1000.0000000000 -1000.0000000000 -1000.0000000000 -1000.0000000000 True True False False
Vehicle 0.45 3 -1 0.00 175.00 260.00 378.00 1.80 1.81 4.05 -6.15 1.02 22.31 -2.745 -0.017 0.007 -1.175 1.00 -0.0051762605 0.0077770307 -0.5540513775 0.8324300542 True False True False
LargeVehicle 0.00 0 -1 556.00 171.00 682.00 309.00 2.72 2.48 7.09 -0.96 0.98 49.37 -1.571 0.000 0.002 0.000 1.00 0.0000000000 0.0009924817 0.0000000000 0.9999995075 True True True False
Pedestrian 0.00 0 -1 847.00 127.00 1037.00 504.00 1.78 0.71 0.89 1.35 1.15 11.36 -2.998 0.000 0.000 -1.427 1.00 0.0000000000 0.0000000000 -0.6545085577 0.7560545932 True True True False
Pedestrian 0.60 3 -1 1214.00 153.00 1280.00 459.00 1.69 0.86 0.78 3.64 1.10 13.38 0.441 -0.001 -0.001 2.011 1.00 0.0001348937 -0.0007377054 0.8445197209 0.5355239290 True False True False
Pedestrian 1.00 3 -1 1280.00 180.00 1280.00 362.00 1.75 0.78 0.56 7.32 0.97 22.61 -1.579 0.000 0.000 -0.008 1.00 0.0000000000 0.0000000000 -0.0041839616 0.9999912472 True False True False
Pedestrian 1.00 3 -1 1280.00 193.00 1280.00 357.00 1.61 0.65 0.68 8.10 0.95 23.20 1.569 -0.000 0.002 3.140 1.00 -0.0009987817 -0.0000044631 0.9999992622 0.0006913511 True False True False
