PassengerCar 0.88 0 -1 0.00 166.00 211.00 720.00 1.44 1.85 4.38 -2.82 1.26 6.97 -1.521 0.000 0.000 0.050 1.00 0.0000000000 0.0000000000 0.0247762417 0.9996930218 True True True False
PassengerCar 0.00 0 -1 621.00 271.00 965.00 484.00 1.29 2.10 4.24 0.74 1.37 16.27 -1.584 0.000 0.000 -0.013 1.00 0.0000000000 0.0000000000 -0.0065113698 0.9999788008 True True True False
PassengerCar 0.90 0 -1 1173.00 95.00 1280.00 694.00 1.76 2.02 4.57 3.49 1.29 9.10 -1.571 0.000 0.000 0.000 1.00 0.0000000000 0.0000000000 0.0000000000 1.0000000000 True True True False
PassengerCar 0.41 1 -1 1060.00 245.00 1280.00 531.00 1.49 1.32 3.58 3.33 1.42 13.97 -1.571 0.009 0.004 0.000 1.00 0.0042954344 0.0021802266 -0.0000093651 0.9999883978 True True True False
PassengerCar 0.16 1 -1 974.00 187.00 1280.00 461.00 1.89 1.87 4.47 3.69 1.39 18.35 -1.585 -0.000 0.005 -0.015 1.00 -0.0000182923 0.0025026133 -0.0073090617 0.9999701567 True True True False
PassengerCar 0.31 3 -1 953.00 261.00 1280.00 424.00 1.48 1.85 4.06 4.89 1.50 22.17 -3.160 0.000 0.000 -1.589 1.00 0.0000000000 0.0000000000 -0.7135061306 0.7006489860 True True True False
PassengerCar 0.00 0 -1 485.00 276.00 624.00 381.00 1.45 1.66 3.94 -1.59 1.67 33.98 -1.522 0.000 0.000 0.049 1.00 0.0000000000 0.0000000000 0.0245062376 0.9996996771 True True True False
PassengerCar 0.00 1 -1 198.00 275.00 361.00 370.00 1.50 1.99 4.29 -6.41 1.74 38.81 -4.708 0.000 0.000 -3.137 1.00 0.0000000000 0.0000000000 -0.9999974960 0.0022378524 True True True False
PassengerCar 0.62 3 -1 0.00 275.00 70.00 367.00 1.50 1.69 4.10 -11.78 1.76 40.08 -4.653 0.000 0.000 -3.082 1.00 0.0000000000 0.0000000000 -0.9995533872 0.0298835415 True False True False
PassengerCar 0.10 3 -1 0.00 272.00 142.00 350.00 1.44 1.88 3.56 -11.55 1.67 44.72 -4.656 0.000 0.000 -3.085 1.00 0.0000000000 0.0000000000 -0.9995955301 0.0284389919 True False True False
PassengerCar 0.00 3 -1 63.00 253.00 216.00 343.00 1.80 1.90 4.56 -11.03 1.67 48.83 -4.645 0.000 0.000 -3.074 1.00 0.0000000000 0.0000000000 -0.9994241706 0.0339312127 True False True False
PassengerCar 0.00 3 -1 184.00 267.00 283.00 335.00 1.60 1.55 4.27 -10.53 1.76 56.60 -4.696 0.000 0.000 -3.125 1.00 0.0000000000 0.0000000000 -0.9999660766 0.0082368427 True False True False
PassengerCar 0.00 2 -1 460.00 273.00 553.00 329.00 1.64 1.81 4.17 -4.82 2.02 70.33 -4.522 0.000 0.000 -2.951 1.00 0.0000000000 0.0000000000 -0.9954636684 0.0951424448 True True True False
PassengerCar 0.00 3 -1 943.00 261.00 1160.00 408.00 1.51 1.85 3.81 4.17 1.54 25.74 -1.549 -0.000 -0.006 0.021 1.00 -0.0000331163 -0.0030886459 0.0107212711 0.9999377548 True True True False
PassengerCar 0.00 3 -1 931.00 268.00 1109.00 401.00 1.56 1.79 4.02 4.46 1.67 29.89 -1.539 0.000 0.015 0.032 1.00 0.0001219720 0.0076392694 0.0159639438 0.9998433773 True True True False
Vehicle 0.00 3 -1 269.00 266.00 354.00 329.00 1.68 1.60 4.26 -9.76 1.84 63.87 -4.693 0.000 0.000 -3.122 1.00 0.0000000000 0.0000000000 -0.9999534211 0.0096517143 True True True False
Pedestrian 0.08 2 -1 373.00 275.00 389.00 324.00 1.62 0.51 0.59 -9.33 2.07 75.77 1.454 0.000 0.000 3.025 1.00 0.0000000000 0.0000000000 0.9982944938 0.0583789662 True True True True
Pedestrian 0.07 2 -1 404.00 274.00 423.00 324.00 1.61 0.58 0.54 -8.20 2.04 75.11 1.467 0.000 0.000 3.038 1.00 0.0000000000 0.0000000000 0.9986631948 0.0516896841 True True True True
Pedestrian 0.00 2 -1 454.30 271.78 467.55 308.77 -1.00 -1.00 -1.00 -1000.00 -1000.00 -1000.00 -1.000 -1.000 -1.000 -1.000 1.00 -1000.0000000000 -1000.0000000000 -1000.0000000000 -1000.0000000000 True True False True
