PassengerCar 1.00 3 -1 0.00 18.00 0.00 720.00 1.56 1.98 4.20 -3.24 1.26 5.22 -1.726 0.002 0.000 -0.155 1.00 0.0011671462 0.0000907460 -0.0775163601 0.9969903929 True True True False
PassengerCar 0.88 3 -1 0.00 233.00 75.00 617.00 1.40 1.82 4.07 -3.86 1.31 10.59 -1.712 0.000 0.000 -0.141 1.00 0.0000000000 0.0000000000 -0.0705291264 0.9975097204 True True True False
PassengerCar 0.27 2 -1 0.00 253.00 244.00 472.00 1.43 1.82 4.27 -4.30 1.40 17.52 -1.668 0.009 0.001 -0.097 1.00 0.0046752923 0.0002278728 -0.0486814758 0.9988033859 True True True False
PassengerCar 0.00 3 -1 53.00 263.00 282.00 419.00 1.45 1.82 4.25 -4.99 1.48 23.69 -1.672 0.000 0.000 -0.101 1.00 0.0000000000 0.0000000000 -0.0504524441 0.9987264645 True True True False
PassengerCar 0.00 3 -1 130.00 268.00 305.00 403.00 1.60 1.83 4.32 -5.68 1.70 29.79 -1.673 0.000 0.000 -0.102 1.00 0.0000000000 0.0000000000 -0.0509780615 0.9986997733 True True True False
PassengerCar 0.00 3 -1 207.00 287.00 356.00 384.00 1.38 1.81 4.17 -5.87 1.79 35.71 -1.624 0.000 0.000 -0.054 1.00 0.0000000000 0.0000000000 -0.0267755148 0.9996414716 True True True False
PassengerCar 0.00 0 -1 602.00 262.00 808.00 417.00 1.64 2.07 4.08 0.35 1.69 26.95 -1.630 -0.010 -0.002 -0.059 1.00 -0.0048637331 -0.0009268836 -0.0294679054 0.9995534641 True True True False
PassengerCar 0.00 2 -1 582.00 276.00 727.00 387.00 1.50 1.82 4.25 -0.24 1.73 33.69 -1.644 0.000 0.000 -0.073 1.00 0.0000000000 0.0000000000 -0.0365947472 0.9993301879 True True True False
Pedestrian 0.46 0 -1 0.00 125.00 145.00 720.00 1.65 0.67 0.77 -1.88 1.28 6.75 -1.748 0.000 0.000 -0.177 1.00 0.0000000000 0.0000000000 -0.0885431080 0.9960723458 True True True False
Pedestrian 0.00 0 -1 997.00 235.00 1097.00 459.00 1.65 0.61 0.75 2.86 1.46 17.50 1.555 0.003 0.006 3.126 1.00 -0.0028186266 0.0014867288 0.9999631205 0.0079751268 True True True False
Pedestrian 0.00 1 -1 1075.00 243.00 1151.00 439.00 1.57 0.52 0.47 3.61 1.43 18.84 -1.571 0.000 -0.011 -0.000 1.00 0.0000000000 -0.0054466618 -0.0000000000 0.9999851668 True True True False
Pedestrian 0.49 0 -1 1227.00 209.00 1280.00 440.00 1.80 0.70 0.55 4.83 1.39 18.39 -1.490 0.000 0.019 0.081 1.00 -0.0003784752 0.0093450788 0.0404650040 0.9991371826 True True True False
Pedestrian 1.00 3 -1 1280.00 209.00 1280.00 436.00 1.81 0.57 0.64 5.56 1.40 18.80 -1.571 0.000 0.000 0.000 1.00 0.0000000000 0.0000000000 0.0000000000 1.0000000000 True False True False
Pedestrian 0.00 1 -1 1132.00 232.00 1199.00 405.00 1.78 0.52 0.59 5.19 1.49 24.22 -1.662 -0.015 -0.012 -0.092 1.00 -0.0075258951 -0.0055291457 -0.0458286659 0.9989056626 True True True False
Pedestrian 0.00 2 -1 1155.00 225.00 1216.00 399.00 1.86 0.52 0.56 5.62 1.48 25.17 1.530 0.000 0.000 3.101 1.00 0.0000000000 0.0000000000 0.9997949858 0.0202481180 True True True False
Pedestrian 0.00 1 -1 1195.00 234.00 1246.00 396.00 1.75 0.38 0.72 6.06 1.46 25.43 -1.571 0.000 0.000 0.000 1.00 0.0000000000 0.0000000000 0.0000000000 1.0000000000 True True True False
Pedestrian 0.00 3 -1 1000.00 244.00 1050.00 416.00 1.63 0.41 0.47 3.43 1.47 22.26 -4.709 0.000 0.000 -3.138 1.00 0.0000000000 0.0000000000 -0.9999983756 0.0018024264 True True True False
Pedestrian 0.00 2 -1 1052.00 231.00 1127.00 418.00 1.76 0.60 0.58 4.03 1.48 22.22 1.564 0.000 0.000 3.135 1.00 0.0000000000 0.0000000000 0.9999941271 0.0034272153 True True True False
Pedestrian 0.00 0 -1 818.00 249.00 879.00 383.00 1.77 0.69 0.77 2.42 1.61 31.02 1.491 0.000 0.000 3.062 1.00 0.0000000000 0.0000000000 0.9992051833 0.0398622834 True True True False
Pedestrian 0.00 0 -1 882.00 268.00 923.00 368.00 1.58 0.50 0.62 3.77 1.70 37.24 -1.675 0.017 0.001 -0.104 1.00 0.0084449859 -0.0000280593 -0.0521121201 0.9986055319 True True True False
Pedestrian 0.00 0 -1 789.00 262.00 832.00 373.00 1.69 0.56 0.65 2.20 1.71 35.72 1.462 0.000 0.000 3.033 1.00 0.0000000000 0.0000000000 0.9985244623 0.0543037588 True True True False
Pedestrian 0.00 2 -1 750.00 255.00 787.00 370.00 1.75 0.53 0.26 1.55 1.66 35.43 1.450 0.000 0.000 3.021 1.00 0.0000000000 0.0000000000 0.9981691953 0.0604835307 True True True False
Pedestrian 0.00 3 -1 771.00 262.00 800.00 367.00 1.68 0.41 0.33 1.90 1.70 37.30 1.456 -0.000 0.001 3.026 1.00 -0.0005667882 -0.0000326716 0.9983425975 0.0575476828 True True True False
Pedestrian 0.07 1 -1 503.00 275.00 521.00 333.00 1.89 0.52 0.45 -5.01 2.34 75.03 -1.548 0.000 0.000 0.023 1.00 0.0000000000 0.0000000000 0.0113664035 0.9999354003 True True True False
Pedestrian 0.06 1 -1 513.00 279.00 537.00 337.00 1.84 0.63 0.56 -4.52 2.41 73.89 -1.394 0.000 0.000 0.177 1.00 0.0000000000 0.0000000000 0.0883971090 0.9960853132 True True True False
Pedestrian_is_group 0.00 1 -1 530.00 280.00 557.00 347.00 2.07 0.72 0.65 -3.79 2.65 71.37 -1.459 0.000 0.000 0.112 1.00 0.0000000000 0.0000000000 0.0558333758 0.9984401004 True True True False
Pedestrian_is_group 0.00 1 -1 559.00 277.00 600.00 340.00 1.95 1.26 0.67 -2.76 2.48 73.01 -1.571 0.000 0.000 0.000 1.00 0.0000000000 0.0000000000 0.0000000000 1.0000000000 True True False False
