PassengerCar 0.00 0 -1 693.43 253.94 759.51 285.72 -1.00 -1.00 -1.00 -1000.00 -1000.00 -1000.00 -1.000 -1.000 -1.000 -1.000 1.00 -1000.0000000000 -1000.0000000000 -1000.0000000000 -1000.0000000000 True True False False
PassengerCar 0.00 1 -1 435.23 271.07 480.11 302.95 -1.00 -1.00 -1.00 -1000.00 -1000.00 -1000.00 -1.000 -1.000 -1.000 -1.000 1.00 -1000.0000000000 -1000.0000000000 -1000.0000000000 -1000.0000000000 True True False False
PassengerCar 0.00 1 -1 475.67 268.82 521.83 304.70 -1.00 -1.00 -1.00 -1000.00 -1000.00 -1000.00 -1.000 -1.000 -1.000 -1.000 1.00 -1000.0000000000 -1000.0000000000 -1000.0000000000 -1000.0000000000 True True False False
PassengerCar 1.00 3 -1 0.00 268.00 0.00 472.00 1.35 1.87 3.80 -7.73 1.42 17.31 -4.673 0.000 0.000 -3.102 1.00 0.0000000000 0.0000000000 -0.9998072431 0.0196335593 True False True False
PassengerCar 0.00 2 -1 338.67 263.56 387.73 346.94 -1.00 -1.00 -1.00 -1000.00 -1000.00 -1000.00 -1.000 -1.000 -1.000 -1.000 1.00 -1000.0000000000 -1000.0000000000 -1000.0000000000 -1000.0000000000 True True False False
PassengerCar 0.00 2 -1 1025.00 264.00 1107.00 330.00 1.58 1.41 3.42 9.71 1.66 56.75 -1.571 0.000 0.000 0.000 1.00 0.0000000000 0.0000000000 0.0000000000 1.0000000000 True True True False
PassengerCar 0.00 2 -1 1056.00 262.00 1145.00 333.00 1.50 1.31 3.59 9.58 1.55 51.58 -1.571 0.000 0.000 0.000 1.00 0.0000000000 0.0000000000 0.0000000000 1.0000000000 True True True False
PassengerCar 0.00 2 -1 1106.00 243.00 1237.00 340.00 1.80 1.59 4.37 9.69 1.48 44.90 -1.571 0.000 0.000 0.000 1.00 0.0000000000 0.0000000000 0.0000000000 1.0000000000 True True True False
LargeVehicle 0.43 0 -1 0.00 135.00 335.00 411.00 2.85 2.99 17.99 -7.74 1.51 32.97 -4.686 0.000 0.011 -3.115 1.00 0.0057307028 -0.0000760869 -0.9998954507 0.0132755766 True True True False
Pedestrian 0.00 0 -1 756.00 185.00 958.00 555.00 1.60 0.64 0.82 0.83 1.27 10.37 -0.052 -0.001 0.018 1.518 1.00 -0.0063822710 0.0060565369 0.6883272063 0.7253469805 True True True False
Pedestrian 0.00 0 -1 912.00 160.00 1121.00 532.00 1.74 0.59 0.91 1.67 1.27 11.15 -0.002 0.000 0.000 1.569 1.00 0.0000000000 0.0000000000 0.7064894072 0.7077236166 True True True False
Pedestrian 0.20 0 -1 1090.00 129.00 1280.00 549.00 1.73 1.00 0.74 2.32 1.19 10.06 -0.052 0.000 0.000 1.518 1.00 0.0000000000 0.0000000000 0.6883372860 0.7253907779 True True True False
Pedestrian 0.62 0 -1 1210.00 130.00 1280.00 538.00 1.79 0.79 0.61 2.89 1.22 10.61 -0.027 0.000 0.000 1.543 1.00 0.0000000000 0.0000000000 0.6973750521 0.7167063811 True True True False
Pedestrian 0.00 3 -1 781.00 168.00 868.00 495.00 1.71 1.00 0.39 0.85 1.23 12.65 -0.010 0.000 0.000 1.560 1.00 0.0000000000 0.0000000000 0.7034210087 0.7107734411 True True True False
Pedestrian 1.00 3 -1 1280.00 192.00 1280.00 395.00 2.09 0.58 0.92 9.21 1.39 24.43 -1.484 0.000 0.000 0.086 1.00 0.0000000000 0.0000000000 0.0431885676 0.9990669385 True True True False
