PassengerCar 0.00 0 -1 965.00 290.00 1159.00 422.00 1.40 1.92 4.22 4.55 1.76 27.29 -1.482 0.000 0.002 0.089 1.00 0.0001869351 0.0008592323 0.0442855277 0.9990185278 True True True False
PassengerCar 0.00 0 -1 711.00 288.00 897.00 430.00 1.39 1.86 4.21 1.55 1.70 25.37 -1.483 0.000 0.000 0.088 1.00 0.0000000000 0.0000000000 0.0439039636 0.9990357561 True True True False
PassengerCar 0.00 3 -1 790.00 286.00 902.00 386.00 1.60 1.82 4.12 3.08 2.05 40.01 -1.495 0.000 0.000 0.076 1.00 0.0000000000 0.0000000000 0.0380075041 0.9992774538 True True True False
PassengerCar 0.00 1 -1 870.00 304.00 952.00 366.00 1.38 1.79 4.21 5.95 2.47 56.37 -1.422 0.000 0.000 0.148 1.00 0.0000000000 0.0000000000 0.0740934391 0.9972513035 True True True False
PassengerCar 0.00 2 -1 913.00 301.00 975.00 351.00 1.42 1.78 4.05 8.45 2.67 70.79 -1.428 0.000 0.000 0.142 1.00 0.0000000000 0.0000000000 0.0711012600 0.9974691027 True True True False
PassengerCar 0.00 2 -1 934.00 306.86 1016.16 340.14 -1.00 -1.00 -1.00 -1000.00 -1000.00 -1000.00 -1.000 -1.000 -1.000 -1.000 1.00 -1000.0000000000 -1000.0000000000 -1000.0000000000 -1000.0000000000 True True False False
DontCare 1.00 3 -1 0.00 320.00 0.00 482.00 1.31 1.74 4.19 -9.08 1.92 22.18 -1.476 0.000 0.000 0.095 1.00 0.0000000000 0.0000000000 0.0475212025 0.9988702295 False False False False
DontCare 1.00 3 -1 0.00 315.00 0.00 442.00 1.59 1.82 4.13 -11.26 2.39 32.45 -4.620 0.000 0.000 -3.050 1.00 0.0000000000 0.0000000000 -0.9989406867 0.0460163508 False False False False
DontCare 0.29 -1 -1 0.00 304.00 202.00 433.00 1.50 2.13 4.82 -8.12 2.15 31.65 -4.603 0.018 0.007 -3.032 1.00 0.0040166454 -0.0085781947 -0.9984682314 0.0545112108 False False False False
DontCare 0.00 -1 -1 343.00 306.00 488.00 382.00 1.50 1.81 4.03 -5.32 2.49 49.64 -4.470 0.000 0.000 -2.899 1.00 0.0000000000 0.0000000000 -0.9926517767 0.1210059923 False False False False
DontCare 0.00 -1 -1 144.00 306.00 338.00 385.00 1.50 1.84 7.90 -9.23 2.54 51.15 -1.435 0.000 0.000 0.136 1.00 0.0000000000 0.0000000000 0.0679727388 0.9976871788 False False False False
DontCare 0.00 -1 -1 602.00 311.00 667.00 361.00 1.41 1.83 4.26 -0.98 3.01 71.65 -4.685 0.000 0.000 -3.114 1.00 0.0000000000 0.0000000000 -0.9999056327 0.0137377507 False False False False
DontCare 1.00 3 -1 0.00 288.00 0.00 381.00 1.52 2.14 5.72 -15.09 2.03 41.74 -2.129 0.000 0.000 -0.559 1.00 0.0000000000 0.0000000000 -0.2756373582 0.9612616953 False False False False
