PassengerCar 0.67 0 -1 0.00 312.00 177.00 541.00 1.27 2.04 4.51 -4.84 1.64 15.62 -4.689 0.000 -0.007 -3.119 1.00 -0.0034660802 -0.0001262759 -0.9999274061 0.0115391843 True True True False
PassengerCar 0.00 1 -1 48.00 297.00 265.00 466.00 1.34 1.19 3.62 -4.47 1.68 20.71 1.555 -0.000 0.001 3.126 1.00 -0.0003095376 -0.0000060793 0.9999681363 0.0079768788 True True True False
PassengerCar 0.00 1 -1 164.00 301.00 345.00 436.00 1.31 1.45 3.73 -4.42 1.78 25.29 1.530 0.000 0.000 3.101 1.00 0.0000000000 0.0000000000 0.9997918794 0.0204009286 True True True False
PassengerCar 0.00 1 -1 245.00 286.00 406.00 421.00 1.57 1.50 4.08 -4.36 1.93 30.10 1.553 0.026 0.000 3.124 1.00 -0.0001154814 0.0129318240 0.9998765058 0.0089290368 True True True False
PassengerCar 0.00 2 -1 289.00 301.00 440.00 400.00 1.34 1.77 4.10 -4.46 1.97 34.69 1.555 0.000 0.000 3.126 1.00 0.0000000000 0.0000000000 0.9999688015 0.0078991200 True True True False
PassengerCar 0.00 3 -1 322.00 300.00 453.00 395.00 1.46 1.80 4.26 -4.63 2.14 38.92 1.542 0.000 0.000 3.113 1.00 0.0000000000 0.0000000000 0.9998975475 0.0143141380 True True True False
PassengerCar 0.00 0 -1 611.00 284.00 783.00 423.00 1.44 1.84 4.13 0.32 1.75 27.13 -1.571 0.012 0.004 0.000 1.00 0.0060272964 0.0020637812 -0.0000124393 0.9999797060 True True True False
PassengerCar 0.62 0 -1 1115.00 258.00 1280.00 604.00 1.50 1.49 2.70 3.15 1.49 11.44 -1.517 -0.003 0.000 0.054 1.00 -0.0012682281 -0.0000193092 0.0271325455 0.9996310400 True True True False
PassengerCar 0.32 2 -1 963.00 246.00 1280.00 528.00 1.51 1.90 4.05 3.22 1.48 15.04 -1.607 0.034 0.002 -0.036 1.00 0.0169670480 0.0004750295 -0.0179508666 0.9996947834 True True True False
PassengerCar 0.00 3 -1 907.00 288.00 1264.00 466.00 1.37 1.54 2.63 3.42 1.62 19.28 -0.039 0.012 -0.000 1.531 1.00 0.0044946586 0.0041767049 0.6930576916 0.7208560115 True True True False
PassengerCar 0.00 3 -1 878.00 282.00 1128.00 448.00 1.47 1.78 3.95 3.19 1.68 22.75 -1.594 -0.014 -0.001 -0.023 1.00 -0.0068773436 -0.0004022587 -0.0116161910 0.9999087981 True True True True
PassengerCar 0.00 3 -1 870.00 298.00 1050.00 428.00 1.47 1.76 3.85 3.58 1.96 28.94 -1.568 0.000 0.000 0.002 1.00 0.0000000000 0.0000000000 0.0011538645 0.9999993343 True True True True
PassengerCar 0.00 3 -1 836.00 302.00 988.00 400.00 1.33 1.72 4.18 3.51 1.94 33.96 -1.586 0.000 -0.008 -0.016 1.00 0.0001871806 -0.0037788956 -0.0078126348 0.9999623231 True True True False
PassengerCar 0.00 3 -1 813.00 298.00 942.00 382.00 1.34 1.82 4.15 3.56 2.00 39.93 -1.573 0.000 0.000 -0.002 1.00 0.0000000000 0.0000000000 -0.0009907359 0.9999995092 True True True True
PassengerCar 0.00 1 -1 565.00 302.00 656.00 374.00 1.43 1.77 4.04 -1.15 2.32 49.23 -4.698 0.000 0.000 -3.127 1.00 0.0000000000 0.0000000000 -0.9999729542 0.0073546525 True True True False
PassengerCar 0.00 3 -1 391.00 301.00 507.00 382.00 1.41 1.72 3.88 -4.05 2.19 43.53 -4.688 0.000 0.000 -3.117 1.00 0.0000000000 0.0000000000 -0.9999230061 0.0124089469 True True True False
PassengerCar 0.00 3 -1 426.00 301.00 523.00 373.00 1.42 1.72 4.08 -4.09 2.32 49.79 -4.707 0.000 0.000 -3.136 1.00 0.0000000000 0.0000000000 -0.9999959179 0.0028573016 True True True False
PassengerCar 0.00 1 -1 513.00 317.00 575.00 362.00 1.26 1.58 4.16 -3.69 2.99 70.13 -4.694 -0.000 -0.004 -3.124 1.00 -0.0018337485 0.0001770987 -0.9999578399 0.0089958000 True True True False
PassengerCar 0.00 2 -1 781.00 302.00 876.00 368.00 1.37 1.72 4.08 3.59 2.33 52.34 -1.602 0.000 0.000 -0.032 1.00 0.0000000000 0.0000000000 -0.0158071980 0.9998750584 True True True False
Obstacle 1.00 3 -1 1280.00 217.00 1280.00 486.00 1.75 0.53 0.53 4.98 1.47 15.48 -4.421 0.000 0.000 -2.850 1.00 0.0000000000 0.0000000000 -0.9893848603 0.1453189530 True False True False
Obstacle 1.00 3 -1 1280.00 204.00 1280.00 354.00 1.72 0.49 0.47 7.47 1.08 26.92 -2.944 0.001 -0.008 -1.373 1.00 -0.0020379796 -0.0036356339 -0.6337486166 0.7735278403 True True True True
Obstacle 0.00 3 -1 972.00 266.00 1015.00 405.00 1.87 0.50 0.50 4.42 1.94 31.47 -1.567 0.000 0.000 0.004 1.00 0.0000000000 0.0000000000 0.0020729667 0.9999978514 True False True True
Obstacle 0.00 3 -1 1028.00 257.00 1064.00 375.00 1.88 0.50 0.50 6.06 1.82 37.14 -1.571 0.000 0.000 0.000 1.00 0.0000000000 0.0000000000 0.0000000000 1.0000000000 True False True True
Obstacle 0.00 3 -1 1042.00 250.00 1082.00 377.00 1.74 0.45 0.60 5.45 1.59 32.10 -1.556 0.000 0.000 0.014 1.00 0.0000000000 0.0000000000 0.0071955667 0.9999741116 True False True True
Obstacle 0.00 3 -1 1074.00 253.00 1170.00 387.00 1.82 1.10 1.13 6.25 1.72 31.97 -1.577 0.000 0.000 -0.007 1.00 0.0000000000 0.0000000000 -0.0033285031 0.9999944605 True False True True
Obstacle 0.00 3 -1 999.00 253.00 1045.00 384.00 1.83 0.56 0.67 5.01 1.73 32.80 -1.536 0.000 0.000 0.035 1.00 0.0000000000 0.0000000000 0.0174524054 0.9998476952 True False True True
Pedestrian 1.00 3 -1 0.00 235.00 0.00 399.00 1.58 0.54 0.45 -7.99 1.34 22.64 1.474 -0.006 -0.001 3.045 1.00 0.0001410919 -0.0029168373 0.9988278937 0.0483147080 True False True False
Pedestrian 1.00 3 -1 1280.00 210.00 1280.00 548.00 1.62 0.73 0.62 4.48 1.38 11.58 -4.449 0.017 0.034 -2.878 1.00 0.0180853660 -0.0063017593 -0.9911604809 0.1312787438 True False True False
Pedestrian 1.00 3 -1 1280.00 207.00 1280.00 506.00 1.77 0.55 0.48 5.79 1.45 14.01 -1.371 0.027 0.029 0.200 1.00 0.0119127007 0.0157832492 0.0995743992 0.9948336120 True False True True
Pedestrian_is_group 0.00 3 -1 895.00 271.00 982.00 368.00 1.65 1.44 1.03 4.70 1.84 40.33 -1.516 0.000 0.000 0.055 1.00 0.0000000000 0.0000000000 0.0274728981 0.9996225487 True False True False
