PassengerCar 0.69 0 -1 0.00 263.00 156.00 443.00 1.50 1.86 4.22 -7.23 1.61 22.33 -0.048 0.035 0.002 1.523 1.00 0.0122003983 0.0128022768 0.6897771673 0.7238057139 True True True False
PassengerCar 0.00 0 -1 870.00 242.00 1270.00 400.00 1.53 1.95 3.84 4.43 1.41 25.68 -2.523 0.042 0.042 -0.952 1.00 0.0281128334 0.0090884774 -0.4586244805 0.8881388710 True True True False
PassengerCar 0.00 3 -1 697.00 257.00 865.00 369.00 1.54 1.91 4.22 1.59 1.50 34.04 -1.657 0.000 0.000 -0.086 1.00 0.0000000000 0.0000000000 -0.0431247834 0.9990696938 True True True False
PassengerCar 0.00 1 -1 226.00 289.00 361.00 365.00 1.38 1.93 4.24 -7.12 1.94 44.63 1.562 -0.006 -0.004 3.133 1.00 0.0018689601 -0.0028390751 0.9999848563 0.0043282634 True True True False
PassengerCar 0.00 1 -1 335.00 254.00 466.00 346.00 1.96 2.02 4.93 -5.94 1.85 52.28 -4.636 0.000 0.000 -3.065 1.00 0.0000000000 0.0000000000 -0.9992672111 0.0382758522 True True True False
PassengerCar 0.00 3 -1 50.00 284.00 206.00 373.00 1.64 1.80 4.23 -10.40 2.10 45.09 -4.649 0.000 0.000 -3.079 1.00 0.0000000000 0.0000000000 -0.9995026444 0.0315351203 True False True False
PassengerCar 0.58 3 -1 0.00 290.00 82.00 361.00 1.51 1.86 4.96 -15.54 2.19 52.84 -2.407 0.000 0.000 -0.836 1.00 0.0000000000 0.0000000000 -0.4060188979 0.9138646807 True False True True
PassengerCar 0.00 1 -1 544.00 275.00 616.00 325.00 1.54 1.87 4.21 -2.73 1.99 73.77 -4.650 0.000 0.000 -3.079 1.00 0.0000000000 0.0000000000 -0.9995064332 0.0314148051 True True True False
PassengerCar 0.00 1 -1 589.94 274.65 637.44 305.59 -1.00 -1.00 -1.00 -1000.00 -1000.00 -1000.00 -1.000 -1.000 -1.000 -1.000 1.00 -1000.0000000000 -1000.0000000000 -1000.0000000000 -1000.0000000000 True True False False
PassengerCar 0.00 3 -1 676.25 269.14 721.43 302.81 -1.00 -1.00 -1.00 -1000.00 -1000.00 -1000.00 -1.000 -1.000 -1.000 -1.000 1.00 -1000.0000000000 -1000.0000000000 -1000.0000000000 -1000.0000000000 True True False False
PassengerCar 0.00 2 -1 478.33 273.25 531.30 310.66 -1.00 -1.00 -1.00 -1000.00 -1000.00 -1000.00 -1.000 -1.000 -1.000 -1.000 1.00 -1000.0000000000 -1000.0000000000 -1000.0000000000 -1000.0000000000 True True False False
Obstacle 0.07 3 -1 1014.00 250.00 1033.00 312.00 1.58 0.46 0.73 9.22 1.32 60.09 -1.462 0.000 0.000 0.108 1.00 0.0000000000 0.0000000000 0.0541442748 0.9985331229 True False True False
Obstacle 0.00 3 -1 1096.00 232.00 1165.00 323.00 1.63 1.21 0.58 8.37 1.13 41.96 -1.374 0.000 0.000 0.197 1.00 0.0000000000 0.0000000000 0.0982424082 0.9951625140 False False True False
Pedestrian 0.00 0 -1 661.00 164.00 877.00 718.00 1.46 0.87 0.54 0.31 1.21 6.57 0.130 0.000 0.000 1.700 1.00 0.0000000000 0.0000000000 0.7513786445 0.6598713000 True True True False
Pedestrian 0.00 2 -1 659.00 119.00 854.00 691.00 1.74 0.64 0.59 0.30 1.31 7.39 0.089 0.000 0.004 1.660 1.00 -0.0012822464 0.0014023896 0.7380113599 0.6747856117 True True True False
Pedestrian 1.00 3 -1 1280.00 118.00 1280.00 569.00 1.72 0.80 0.64 3.62 1.18 9.25 -3.155 0.000 0.000 -1.584 1.00 0.0000000000 0.0000000000 -0.7117571142 0.7024256619 True False True False
Pedestrian 1.00 3 -1 1280.00 180.00 1280.00 540.00 1.59 0.51 0.75 3.94 1.24 10.54 -3.161 0.000 0.000 -1.590 1.00 0.0000000000 0.0000000000 -0.7138670488 0.7002812554 True False True False
Pedestrian 1.00 3 -1 1280.00 213.00 1280.00 377.00 1.92 0.70 0.65 8.24 1.37 27.69 -4.480 0.000 0.000 -2.909 1.00 0.0000000000 0.0000000000 -0.9932402178 0.1160769991 True False True False
Pedestrian 0.00 0 -1 160.00 259.00 223.00 382.00 1.82 0.65 0.91 -7.10 1.79 34.65 -3.342 0.000 0.000 -1.772 1.00 0.0000000000 0.0000000000 -0.7744433600 0.6326432503 True True True False
Pedestrian 0.00 2 -1 157.00 271.00 200.00 382.00 1.67 0.57 0.63 -7.45 1.83 35.41 -3.349 0.000 0.000 -1.778 1.00 0.0000000000 0.0000000000 -0.7765687622 0.6300325052 True True True False
Pedestrian 0.00 0 -1 444.00 252.00 499.00 365.00 1.75 0.59 0.85 -3.06 1.62 36.31 -0.084 0.000 0.000 1.487 1.00 0.0000000000 0.0000000000 0.6767933173 0.7361730813 True True True False
Pedestrian 0.00 2 -1 455.00 246.00 513.00 362.00 1.83 0.61 0.84 -2.91 1.60 37.01 0.067 0.000 0.000 1.638 1.00 0.0000000000 0.0000000000 0.7304757311 0.6829386549 True True True False
Pedestrian 1.00 3 -1 1280.00 212.00 1280.00 328.00 1.88 0.75 0.36 11.92 1.09 37.93 -1.628 0.000 0.000 -0.057 1.00 0.0000000000 0.0000000000 -0.0286213005 0.9995903267 True False True False
Pedestrian 1.00 3 -1 1280.00 201.00 1280.00 329.00 1.68 0.58 0.59 10.80 0.90 30.90 0.338 0.000 0.000 1.909 1.00 0.0000000000 0.0000000000 0.8159642778 0.5781023243 True False True True
Pedestrian_is_group 0.00 2 -1 1049.00 232.00 1268.00 319.00 1.96 4.06 5.35 11.51 1.34 54.99 -1.571 0.000 0.000 0.000 1.00 0.0000000000 0.0000000000 0.0000000000 1.0000000000 True True True False
