PassengerCar 1.00 3 -1 1280.00 107.00 1280.00 720.00 1.57 1.84 4.09 3.61 1.40 5.90 -1.571 -0.067 -0.005 0.000 1.00 -0.0333845298 -0.0024728806 -0.0000826023 0.9994395185 True False True False
PassengerCar 0.68 1 -1 1075.00 268.00 1280.00 607.00 1.37 1.90 4.58 3.56 1.46 12.31 -1.577 -0.049 0.004 -0.007 1.00 -0.0244191813 0.0019321187 -0.0032298553 0.9996947227 True True True False
PassengerCar 0.00 2 -1 968.00 274.00 1276.00 477.00 1.42 1.59 4.21 3.62 1.57 19.17 -1.588 -0.049 0.001 -0.017 1.00 -0.0243551609 0.0009358042 -0.0083612199 0.9996679651 True True True False
PassengerCar 0.00 2 -1 919.00 274.00 1160.00 419.00 1.38 1.83 4.42 3.90 1.55 25.06 -1.577 0.021 0.003 -0.006 1.00 0.0103191761 0.0016568479 -0.0030381739 0.9999407677 True True True False
PassengerCar 0.00 2 -1 872.00 279.00 1052.00 400.00 1.47 1.85 4.25 3.94 1.75 31.63 -1.576 -0.036 -0.000 -0.005 1.00 -0.0179953397 -0.0000463661 -0.0025761348 0.9998347509 True True True False
PassengerCar 0.00 3 -1 853.00 284.00 1004.00 388.00 1.54 1.97 4.20 4.26 1.97 38.49 -1.571 -0.042 0.000 0.000 1.00 -0.0211318793 0.0000000000 0.0000000000 0.9997766969 True True True False
PassengerCar 0.00 0 -1 557.00 302.00 650.00 373.00 1.45 1.91 4.20 -1.45 2.39 51.26 1.515 0.000 0.000 3.085 1.00 0.0000000000 0.0000000000 0.9996055068 0.0280861309 True True True True
PassengerCar 0.00 1 -1 426.00 288.00 539.00 376.00 1.59 1.99 4.20 -3.64 2.14 45.10 1.449 -0.017 0.001 3.020 1.00 -0.0011132072 -0.0083370040 0.9981105791 0.0608648263 True True True False
PassengerCar 0.00 1 -1 318.00 288.00 437.00 371.00 1.87 1.92 4.63 -7.27 2.64 57.93 1.242 -0.064 -0.037 2.813 1.00 0.0127935244 -0.0346608347 0.9857618148 0.1640384005 True True True False
PassengerCar 0.00 3 -1 386.00 300.00 490.00 373.00 1.39 1.86 4.12 -5.25 2.39 52.76 1.379 -0.097 -0.019 2.950 1.00 0.0047545121 -0.0492676732 0.9941557565 0.0959396830 True True True False
PassengerCar 0.00 3 -1 477.00 305.00 626.00 358.00 1.50 1.80 4.20 -3.46 2.85 69.22 -3.356 0.000 0.000 -1.786 1.00 0.0000000000 0.0000000000 -0.7788013480 0.6272706436 True True True True
Obstacle 1.00 3 -1 1280.00 250.00 1280.00 381.00 1.64 0.55 0.44 9.72 1.52 29.41 -1.571 0.000 0.000 0.000 1.00 0.0000000000 0.0000000000 0.0000000000 1.0000000000 True False True False
Pedestrian 0.00 2 -1 270.00 280.00 302.00 361.00 1.81 0.63 0.45 -8.54 2.25 52.01 1.559 0.000 0.000 3.130 1.00 0.0000000000 0.0000000000 0.9999825300 0.0059109848 True True True False
Pedestrian 1.00 3 -1 1280.00 249.00 1280.00 383.00 1.66 0.57 0.47 10.22 1.51 28.95 1.539 0.000 0.000 3.110 1.00 0.0000000000 0.0000000000 0.9998756009 0.0157728496 True False True True
