PassengerCar 1.00 3 -1 0.00 293.00 0.00 707.00 1.34 1.78 3.69 -5.10 1.48 9.38 1.541 -0.008 -0.009 3.112 1.00 0.0045623250 -0.0043132131 0.9998674763 0.0150203625 True False True False
PassengerCar 0.86 3 -1 0.00 287.00 77.00 587.00 1.44 1.79 4.00 -5.02 1.67 14.26 1.540 0.073 0.002 3.111 1.00 -0.0005582578 0.0362976739 0.9992226921 0.0153681086 True False True False
PassengerCar 0.00 0 -1 202.00 244.00 423.00 428.00 2.30 2.23 5.68 -4.83 2.13 32.52 1.561 0.023 0.000 3.132 1.00 -0.0000538745 0.0113488836 0.9999243312 0.0047467611 True True True False
PassengerCar 0.00 2 -1 300.00 266.00 448.00 406.00 2.18 1.98 4.40 -4.87 2.32 39.14 1.555 0.016 -0.008 3.126 1.00 0.0041852798 0.0080980771 0.9999269966 0.0079313274 True True True False
PassengerCar 0.00 0 -1 518.00 311.00 611.00 387.00 1.48 1.89 4.02 -2.19 2.58 49.13 1.521 0.000 0.000 3.092 1.00 0.0000000000 0.0000000000 0.9996868762 0.0250229795 True True True False
PassengerCar 0.00 0 -1 589.00 284.00 870.00 501.00 1.52 1.99 4.22 0.41 1.71 18.54 -1.588 0.000 0.000 -0.017 1.00 0.0000000000 0.0000000000 -0.0086354708 0.9999627136 True True True False
PassengerCar 0.00 0 -1 840.00 277.00 1027.00 425.00 1.81 1.96 4.58 3.72 2.13 33.29 -1.579 0.082 0.001 -0.009 1.00 0.0410876219 0.0001773875 -0.0043136114 0.9991462198 True True True False
PassengerCar 0.00 0 -1 580.74 269.86 626.30 306.41 -1.00 -1.00 -1.00 -1000.00 -1000.00 -1000.00 -1.000 -1.000 -1.000 -1.000 1.00 -1000.0000000000 -1000.0000000000 -1000.0000000000 -1000.0000000000 True True False False
PassengerCar 0.00 0 -1 621.89 256.19 651.41 281.21 -1.00 -1.00 -1.00 -1000.00 -1000.00 -1000.00 -1.000 -1.000 -1.000 -1.000 1.00 -1000.0000000000 -1000.0000000000 -1000.0000000000 -1000.0000000000 True True False False
DontCare 0.00 -1 -1 551.15 259.00 627.35 288.39 -1.00 -1.00 -1.00 -1000.00 -1000.00 -1000.00 -1.000 -1.000 -1.000 -1.000 1.00 -1000.0000000000 -1000.0000000000 -1000.0000000000 -1000.0000000000 False False False False
Obstacle 1.00 3 -1 0.00 257.00 0.00 441.00 1.76 0.55 0.53 -8.26 1.73 22.55 -0.330 0.000 0.000 1.241 1.00 0.0000000000 0.0000000000 0.5814293105 0.8135969253 True False True False
Obstacle 0.47 3 -1 0.00 294.00 31.00 441.00 1.74 0.60 0.42 -7.95 2.14 27.77 1.494 0.000 0.000 3.065 1.00 0.0000000000 0.0000000000 0.9992635113 0.0383723209 True False True True
Obstacle 0.00 0 -1 530.40 256.22 540.91 279.60 -1.00 -1.00 -1.00 -1000.00 -1000.00 -1000.00 -1.000 -1.000 -1.000 -1.000 1.00 -1000.0000000000 -1000.0000000000 -1000.0000000000 -1000.0000000000 True True False True
Obstacle 0.00 0 -1 540.91 256.89 550.30 278.09 -1.00 -1.00 -1.00 -1000.00 -1000.00 -1000.00 -1.000 -1.000 -1.000 -1.000 1.00 -1000.0000000000 -1000.0000000000 -1000.0000000000 -1000.0000000000 True True False True
Pedestrian 0.00 0 -1 30.00 281.00 91.00 425.00 1.70 0.65 0.58 -7.24 1.94 27.72 1.414 0.000 0.000 2.985 1.00 0.0000000000 0.0000000000 0.9969442431 0.0781164263 True True True False
Pedestrian 0.00 1 -1 203.00 297.00 239.00 391.00 1.61 0.55 0.54 -7.72 2.25 40.20 1.483 0.000 0.000 3.054 1.00 0.0000000000 0.0000000000 0.9990419092 0.0437637259 True True True False
Pedestrian 0.00 0 -1 1054.00 292.00 1103.00 412.00 1.58 0.54 0.56 5.49 2.00 30.99 -1.568 0.000 0.000 0.003 1.00 0.0000000000 0.0000000000 0.0014211192 0.9999989902 True True True False
Pedestrian 0.00 0 -1 1095.00 290.00 1151.00 412.00 1.62 0.65 0.51 6.10 2.01 31.07 -1.569 0.000 0.000 0.002 1.00 0.0000000000 0.0000000000 0.0009327564 0.9999995650 True True True False
Pedestrian 0.00 1 -1 1041.00 294.00 1077.00 399.00 1.87 0.77 0.52 7.03 2.47 41.68 -0.003 0.000 0.000 1.567 1.00 0.0000000000 0.0000000000 0.7059347819 0.7082768411 True True True False
Pedestrian_is_group 0.00 1 -1 978.00 291.00 1068.00 398.00 2.06 1.34 1.56 7.01 2.67 45.86 -3.161 0.000 0.000 -1.591 1.00 0.0000000000 0.0000000000 -0.7140759394 0.7000682487 True True True False
Pedestrian 0.00 0 -1 478.18 262.65 491.61 305.41 -1.00 -1.00 -1.00 -1000.00 -1000.00 -1000.00 -1.000 -1.000 -1.000 -1.000 1.00 -1000.0000000000 -1000.0000000000 -1000.0000000000 -1000.0000000000 True True False False
Pedestrian 0.00 0 -1 492.71 264.61 507.99 306.22 -1.00 -1.00 -1.00 -1000.00 -1000.00 -1000.00 -1.000 -1.000 -1.000 -1.000 1.00 -1000.0000000000 -1000.0000000000 -1000.0000000000 -1000.0000000000 True True False False
Pedestrian 0.00 0 -1 513.79 266.38 527.07 305.90 -1.00 -1.00 -1.00 -1000.00 -1000.00 -1000.00 -1.000 -1.000 -1.000 -1.000 1.00 -1000.0000000000 -1000.0000000000 -1000.0000000000 -1000.0000000000 True True False False
