PassengerCar 1.00 3 -1 0.00 302.00 0.00 558.00 1.51 1.84 4.45 -7.30 1.88 17.14 -4.692 0.046 -0.001 -3.122 1.00 -0.0002296559 -0.0228811037 -0.9996878147 0.0100337136 True False True False
PassengerCar 0.00 0 -1 2.00 332.00 211.00 455.00 1.45 1.76 3.86 -7.19 2.40 30.15 1.570 0.019 -0.021 3.140 1.00 0.0105559172 0.0096141111 0.9998979457 0.0004896514 True True True False
PassengerCar 0.00 2 -1 119.00 341.00 277.00 438.00 1.39 1.72 3.83 -7.17 2.64 35.79 1.552 0.000 -0.026 3.123 1.00 0.0130354385 0.0001211154 0.9998718706 0.0092900470 True True True False
PassengerCar 0.00 2 -1 208.00 353.00 323.00 432.00 1.23 1.47 3.34 -7.08 2.92 41.19 -4.710 0.000 0.000 -3.139 1.00 0.0000294406 -0.0000000323 -0.9999993884 0.0011056012 True True True False
PassengerCar 0.00 2 -1 273.00 342.00 388.00 425.00 1.51 1.77 3.92 -6.81 3.23 47.28 1.565 0.027 -0.015 3.136 1.00 0.0077465267 0.0132712309 0.9998782335 0.0027173398 True True True False
PassengerCar 0.00 3 -1 249.00 351.00 410.00 420.00 1.41 1.76 3.30 -7.35 3.41 50.78 -0.038 -0.000 0.004 1.533 1.00 -0.0015043287 0.0014482800 0.6935575865 0.7203981633 True True True False
PassengerCar_is_group 0.00 3 -1 350.00 343.00 438.00 412.00 1.57 1.77 4.76 -6.67 3.62 57.14 1.535 0.001 -0.019 3.106 1.00 0.0096944678 0.0001045710 0.9997912010 0.0179877968 True True True False
PassengerCar 0.00 2 -1 400.00 348.00 475.00 404.00 1.50 1.83 4.22 -6.53 4.02 66.35 1.542 0.001 -0.020 3.112 1.00 0.0101066949 0.0003294809 0.9998423542 0.0145949638 True True True False
PassengerCar 0.00 0 -1 482.00 340.00 604.00 425.00 1.40 1.99 4.40 -2.12 2.79 40.73 -1.593 0.000 -0.028 -0.022 1.00 -0.0001526604 -0.0138026855 -0.0110584653 0.9998435742 True True True False
PassengerCar 0.00 0 -1 613.00 294.00 834.00 483.00 1.53 1.79 4.26 0.45 1.87 20.98 -1.574 0.000 -0.029 -0.003 1.00 0.0000237221 -0.0144432666 -0.0016422578 0.9998943417 True True True False
Obstacle 0.06 3 -1 270.00 336.00 292.00 396.00 1.52 0.51 0.55 -9.96 3.47 59.89 1.499 0.000 0.000 3.070 1.00 0.0000000000 0.0000000000 0.9993634050 0.0356761075 True False True True
Obstacle 0.00 3 -1 39.00 295.00 78.00 402.00 1.97 0.54 0.60 -11.29 2.61 43.05 -0.026 0.000 0.000 1.544 1.00 0.0000000000 0.0000000000 0.6977445323 0.7163466812 True False True False
Pedestrian 1.00 3 -1 1280.00 220.00 1280.00 573.00 1.65 0.60 0.66 3.37 1.46 11.18 -1.513 0.000 0.000 0.057 1.00 0.0000000000 0.0000000000 0.0286965642 0.9995881688 True False True False
Pedestrian 1.00 3 -1 1280.00 214.00 1280.00 568.00 1.64 0.46 0.53 3.86 1.42 11.07 -1.274 -0.000 -0.001 0.296 1.00 0.0000469493 -0.0006697856 0.1476861283 0.9890340523 True False True False
Pedestrian 1.00 3 -1 1280.00 211.00 1280.00 534.00 1.70 0.39 0.39 4.13 1.45 12.49 -1.547 0.000 0.000 0.024 1.00 0.0000000000 0.0000000000 0.0118132957 0.9999302206 True False True False
Pedestrian 0.89 3 -1 1267.00 206.00 1280.00 483.00 1.87 0.60 0.69 4.52 1.50 15.99 -1.571 0.000 0.000 0.000 1.00 0.0000000000 0.0000000000 0.0000000000 1.0000000000 True False True False
Pedestrian 0.00 0 -1 1076.00 271.00 1142.00 447.00 1.69 0.51 0.56 4.29 1.79 22.57 1.536 0.000 -0.008 3.107 1.00 0.0041513474 0.0000721065 0.9998405687 0.0173665834 True True True False
Pedestrian 0.00 0 -1 1020.00 291.00 1064.00 425.00 1.62 0.43 0.56 4.61 2.00 28.53 -1.593 0.000 0.000 -0.022 1.00 0.0000000000 0.0000000000 -0.0109679331 0.9999398504 True True True False
Pedestrian 0.00 0 -1 984.00 299.00 1028.00 427.00 1.55 0.46 0.43 4.16 2.02 28.52 -1.598 0.000 0.000 -0.027 1.00 0.0000000000 0.0000000000 -0.0135525242 0.9999081603 True True True False
Pedestrian 0.00 3 -1 1033.00 291.00 1073.00 425.00 1.74 0.37 0.74 5.04 2.13 30.37 -1.605 0.000 -0.002 -0.034 1.00 0.0000134468 -0.0007830295 -0.0171703013 0.9998522728 True True True False
Pedestrian 0.00 3 -1 996.00 287.00 1035.00 429.00 1.76 0.45 0.52 4.38 2.10 29.20 -1.482 0.000 0.000 0.089 1.00 0.0000000000 0.0000000000 0.0442589408 0.9990200930 True True True False
Pedestrian 0.00 1 -1 960.00 285.00 1003.00 421.00 1.68 0.64 0.49 3.92 1.98 28.98 -3.057 0.005 -0.005 -1.486 1.00 0.0003207436 -0.0033617753 -0.6764864598 0.7364473269 True True True False
Pedestrian 0.00 1 -1 926.00 286.00 979.00 424.00 1.65 0.58 0.55 3.47 1.96 28.25 -3.172 0.000 0.000 -1.601 1.00 0.0000000000 0.0000000000 -0.7177837807 0.6962660728 True True True False
Pedestrian_is_group 0.00 3 -1 863.00 279.00 1000.00 427.00 1.81 1.45 2.12 3.34 2.08 29.60 -1.590 0.002 -0.034 -0.019 1.00 0.0006210018 -0.0168444339 -0.0094155642 0.9998135959 True True True False
Pedestrian 0.00 2 -1 888.00 293.00 941.00 426.00 1.56 0.55 0.45 2.93 1.95 27.56 -1.671 0.000 0.000 -0.101 1.00 0.0000000000 0.0000000000 -0.0503262044 0.9987328337 True True True True
Pedestrian 0.00 0 -1 834.00 290.00 877.00 438.00 1.74 0.48 0.59 2.24 2.09 27.64 -1.540 -0.000 0.002 0.030 1.00 -0.0001456239 0.0012039548 0.0152430498 0.9998830825 True True True False
Pedestrian 0.00 2 -1 781.00 285.00 833.00 431.00 1.72 0.55 0.47 1.68 2.03 27.90 -1.663 0.001 -0.014 -0.093 1.00 0.0003316457 -0.0071547417 -0.0463023628 0.9989017924 True True True True
Pedestrian_is_group 0.00 3 -1 777.00 271.00 848.00 423.00 1.84 0.86 1.85 1.83 1.98 29.05 -1.497 -0.001 -0.018 0.073 1.00 -0.0003217603 -0.0087683401 0.0366696012 0.9992889237 True True True False
