PassengerCar 0.92 0 -1 1169.00 182.00 1280.00 720.00 1.50 1.91 4.52 3.31 1.32 8.04 -1.637 0.000 0.000 -0.066 1.00 0.0000000000 0.0000000000 -0.0330833578 0.9994525959 True True True False
PassengerCar 0.48 1 -1 996.00 230.00 1280.00 547.00 1.49 1.88 4.24 3.28 1.40 13.61 -1.611 -0.045 -0.002 -0.040 1.00 -0.0225842920 -0.0004490694 -0.0198751458 0.9995472608 True True True False
PassengerCar 0.00 1 -1 882.00 271.00 1179.00 442.00 1.43 1.82 4.24 3.25 1.53 21.62 -1.642 0.000 0.000 -0.071 1.00 0.0000000000 0.0000000000 -0.0357252728 0.9993616487 True True True False
PassengerCar 0.00 1 -1 815.00 276.00 1015.00 393.00 1.42 1.85 3.90 3.20 1.64 30.77 -1.670 -0.017 -0.002 -0.099 1.00 -0.0084156134 -0.0004162405 -0.0493983722 0.9987436133 True True True False
PassengerCar 0.00 1 -1 792.00 250.00 962.00 380.00 1.79 1.93 4.26 3.11 1.68 35.14 -1.621 -0.033 -0.002 -0.050 1.00 -0.0167463207 -0.0004173635 -0.0249114683 0.9995493011 True True True False
PassengerCar_is_group 0.00 2 -1 770.00 275.00 920.00 365.00 1.50 2.04 5.89 3.09 1.76 41.58 -1.604 0.000 0.000 -0.034 1.00 0.0000000000 0.0000000000 -0.0168179750 0.9998585679 True True True False
PassengerCar_is_group 0.00 2 -1 748.00 278.00 873.00 354.00 1.47 2.03 5.97 2.92 1.84 48.58 -1.608 0.000 0.000 -0.038 1.00 0.0000000000 0.0000000000 -0.0188120977 0.9998230368 True True True False
PassengerCar 0.00 1 -1 706.00 255.00 826.00 341.00 1.97 2.12 5.37 2.30 1.91 55.79 -1.675 0.000 -0.023 -0.105 1.00 -0.0005886118 -0.0112505134 -0.0522438838 0.9985708067 True True True False
PassengerCar 0.00 1 -1 359.00 261.00 464.00 355.00 1.86 1.98 4.80 -5.28 1.88 48.47 1.504 0.000 0.000 3.075 1.00 0.0000000000 0.0000000000 0.9994441588 0.0333372670 True True True False
PassengerCar 0.00 1 -1 315.00 285.00 438.00 372.00 1.47 1.90 4.11 -5.15 1.90 41.57 1.519 0.000 0.000 3.090 1.00 0.0000000000 0.0000000000 0.9996707922 0.0256574984 True True True False
PassengerCar 0.00 1 -1 275.00 283.00 409.00 379.00 1.40 1.73 4.07 -5.04 1.75 36.39 1.516 0.000 0.000 3.087 1.00 0.0000000000 0.0000000000 0.9996308250 0.0271700870 True True True False
PassengerCar 0.00 1 -1 202.00 272.00 379.00 404.00 1.50 1.85 4.35 -4.80 1.69 30.10 1.508 -0.007 0.022 3.079 1.00 -0.0111395148 -0.0030212401 0.9994399926 0.0314083502 True True True False
PassengerCar 0.00 1 -1 80.00 282.00 332.00 427.00 1.40 1.87 4.25 -4.82 1.64 24.86 1.567 0.000 0.000 3.138 1.00 0.0000000000 0.0000000000 0.9999981213 0.0019383806 True True True False
PassengerCar 0.20 0 -1 0.00 275.00 260.00 468.00 1.47 1.81 3.91 -4.68 1.60 19.69 1.562 0.000 0.000 3.133 1.00 0.0000000000 0.0000000000 0.9999908524 0.0042772900 True True True False
PassengerCar 1.00 3 -1 0.00 0.00 44.00 720.00 1.82 2.02 4.60 -2.73 1.25 4.02 -4.700 -0.001 -0.012 -3.129 1.00 -0.0061186917 0.0002327711 -0.9999611394 0.0063424927 True False True False
DontCare 0.00 -1 -1 937.00 292.00 1118.00 461.00 1.22 1.09 1.95 2.74 1.47 17.94 -1.571 0.000 0.000 0.000 1.00 0.0000000000 0.0000000000 0.0000000000 1.0000000000 False False False False
DontCare 0.00 3 -1 259.00 265.00 301.00 342.00 1.67 0.83 1.13 -8.56 1.78 51.37 -1.648 0.000 0.000 -0.077 1.00 0.0000000000 0.0000000000 -0.0384455586 0.9992606962 False False False False
Obstacle 0.00 3 -1 72.00 257.00 125.00 387.00 1.70 0.57 0.54 -7.54 1.66 30.80 -1.577 -0.000 -0.007 -0.006 1.00 -0.0001554278 -0.0036482320 -0.0029041816 0.9999891159 True False True False
Obstacle 0.00 3 -1 23.00 257.00 74.00 387.00 1.72 0.55 0.53 -8.19 1.67 30.77 -1.600 0.000 0.000 -0.029 1.00 0.0000000000 0.0000000000 -0.0147096718 0.9998918069 True False True False
Obstacle 1.00 3 -1 1280.00 206.00 1280.00 432.00 1.72 0.77 0.79 7.10 1.30 18.08 -1.571 0.000 0.000 0.000 1.00 0.0000000000 0.0000000000 0.0000000000 1.0000000000 True False True False
Obstacle 0.72 3 -1 1257.00 227.00 1280.00 397.00 1.69 0.64 0.63 6.32 1.35 23.30 -1.571 0.000 0.000 0.000 1.00 0.0000000000 0.0000000000 0.0000000000 1.0000000000 False False False False
Pedestrian 0.00 0 -1 671.17 293.30 686.09 334.89 -1.00 -1.00 -1.00 -1000.00 -1000.00 -1000.00 -1.000 -1.000 -1.000 -1.000 1.00 -1000.0000000000 -1000.0000000000 -1000.0000000000 -1000.0000000000 True True False False
Pedestrian 0.00 0 -1 680.14 292.36 692.94 334.42 -1.00 -1.00 -1.00 -1000.00 -1000.00 -1000.00 -1.000 -1.000 -1.000 -1.000 1.00 -1000.0000000000 -1000.0000000000 -1000.0000000000 -1000.0000000000 True True False False
