PassengerCar 0.00 1 -1 743.00 290.00 828.00 345.00 1.40 1.83 4.13 3.12 2.20 62.15 -1.631 0.000 0.000 -0.060 1.00 0.0000000000 0.0000000000 -0.0299741982 0.9995506728 True True True False
PassengerCar 0.00 0 -1 496.02 300.60 524.75 325.41 -1.00 -1.00 -1.00 -1000.00 -1000.00 -1000.00 -1.000 -1.000 -1.000 -1.000 1.00 -1000.0000000000 -1000.0000000000 -1000.0000000000 -1000.0000000000 True True False False
PassengerCar 0.00 0 -1 534.91 304.10 557.12 322.30 -1.00 -1.00 -1.00 -1000.00 -1000.00 -1000.00 -1.000 -1.000 -1.000 -1.000 1.00 -1000.0000000000 -1000.0000000000 -1000.0000000000 -1000.0000000000 True True False False
PassengerCar 0.00 0 -1 573.03 302.29 607.61 331.17 -1.00 -1.00 -1.00 -1000.00 -1000.00 -1000.00 -1.000 -1.000 -1.000 -1.000 1.00 -1000.0000000000 -1000.0000000000 -1000.0000000000 -1000.0000000000 True True False False
PassengerCar 0.00 2 -1 599.11 282.78 701.29 329.93 -1.00 -1.00 -1.00 -1000.00 -1000.00 -1000.00 -1.000 -1.000 -1.000 -1.000 1.00 -1000.0000000000 -1000.0000000000 -1000.0000000000 -1000.0000000000 True True False False
PassengerCar 0.00 2 -1 664.14 291.47 720.01 332.20 -1.00 -1.00 -1.00 -1000.00 -1000.00 -1000.00 -1.000 -1.000 -1.000 -1.000 1.00 -1000.0000000000 -1000.0000000000 -1000.0000000000 -1000.0000000000 True True False False
PassengerCar 0.00 1 -1 713.00 295.00 782.00 342.00 1.32 1.67 3.74 2.36 2.36 68.94 -1.640 0.000 0.000 -0.069 1.00 0.0000000000 0.0000000000 -0.0344570832 0.9994061784 True True True False
DontCare 0.00 -1 -1 323.40 309.82 441.94 331.65 -1.00 -1.00 -1.00 -1000.00 -1000.00 -1000.00 -1.000 -1.000 -1.000 -1.000 1.00 -1000.0000000000 -1000.0000000000 -1000.0000000000 -1000.0000000000 False False False False
DontCare 0.00 -1 -1 516.26 305.34 578.41 320.10 -1.00 -1.00 -1.00 -1000.00 -1000.00 -1000.00 -1.000 -1.000 -1.000 -1.000 1.00 -1000.0000000000 -1000.0000000000 -1000.0000000000 -1000.0000000000 False False False False
Pedestrian 1.00 3 -1 1280.00 215.00 1280.00 334.00 1.69 0.59 0.48 13.55 1.04 33.28 1.308 0.008 0.002 2.879 1.00 -0.0005544214 0.0041993422 0.9913880213 0.1308886910 True False True False
Pedestrian 1.00 3 -1 1280.00 232.00 1280.00 315.00 1.52 0.50 0.41 14.23 1.00 43.05 -3.376 0.000 0.000 -1.805 1.00 0.0000000000 0.0000000000 -0.7849508131 0.6195580853 True False True False
Pedestrian 1.00 3 -1 1280.00 232.00 1280.00 320.00 1.67 0.62 0.50 14.20 1.13 44.07 -4.452 0.000 0.000 -2.881 1.00 0.0000000000 0.0000000000 -0.9915541200 0.1296935892 True False True False
Pedestrian 1.00 3 -1 1280.00 233.00 1280.00 330.00 1.83 0.44 0.53 12.46 1.31 43.94 -1.892 0.000 0.000 -0.321 1.00 0.0000000000 0.0000000000 -0.1598381360 0.9871432370 True False True False
Pedestrian 0.06 0 -1 148.00 303.00 173.00 355.00 1.71 0.83 0.77 -16.63 3.09 76.19 -0.254 0.000 0.000 1.316 1.00 0.0000000000 0.0000000000 0.6117117483 0.7910807399 True True True False
Pedestrian 0.05 3 -1 977.00 263.00 1003.00 326.00 1.90 0.77 0.67 9.93 1.99 71.42 -1.447 0.013 0.000 0.123 1.00 0.0066970658 0.0004136137 0.0616415941 0.9980757948 True False True False
Pedestrian 0.00 0 -1 1217.36 241.92 1248.96 320.62 -1.00 -1.00 -1.00 -1000.00 -1000.00 -1000.00 -1.000 -1.000 -1.000 -1.000 1.00 -1000.0000000000 -1000.0000000000 -1000.0000000000 -1000.0000000000 True True False False
Pedestrian 0.00 2 -1 919.00 266.00 949.00 353.00 2.33 0.72 0.63 7.19 2.47 62.60 1.545 0.000 0.000 3.116 1.00 0.0000000000 0.0000000000 0.9999160444 0.0129577803 True True True True
Pedestrian 0.00 3 -1 1093.00 244.00 1142.00 336.00 1.75 0.80 0.51 8.76 1.45 45.20 -4.658 0.039 -0.002 -3.087 1.00 -0.0005306406 -0.0195299949 -0.9994402886 0.0271552427 True False True True
Pedestrian 0.00 1 -1 703.23 284.83 719.74 335.45 -1.00 -1.00 -1.00 -1000.00 -1000.00 -1000.00 -1.000 -1.000 -1.000 -1.000 1.00 -1000.0000000000 -1000.0000000000 -1000.0000000000 -1000.0000000000 True True False False
Pedestrian 0.00 0 -1 603.78 295.33 618.36 329.95 -1.00 -1.00 -1.00 -1000.00 -1000.00 -1000.00 -1.000 -1.000 -1.000 -1.000 1.00 -1000.0000000000 -1000.0000000000 -1000.0000000000 -1000.0000000000 False True False False
