PassengerCar 0.98 3 -1 1257.00 199.00 1280.00 720.00 1.49 1.72 3.53 3.38 1.34 8.12 -1.571 0.005 0.000 0.000 1.00 0.0027005450 0.0000000000 0.0000000000 0.9999963535 True False True False
PassengerCar 0.63 1 -1 1056.00 167.00 1280.00 564.00 1.74 2.03 4.42 3.53 1.37 12.87 -1.545 0.040 -0.001 0.026 1.00 0.0197633331 -0.0000364327 0.0131150945 0.9997186622 True True True False
PassengerCar 0.99 0 -1 0.00 0.00 98.00 720.00 1.74 1.75 4.60 -2.66 1.33 4.61 -1.541 0.038 -0.008 0.029 1.00 0.0188892367 -0.0034800301 0.0148032025 0.9997059324 True True True False
PassengerCar 0.46 1 -1 0.00 218.00 386.00 696.00 1.56 1.85 4.21 -2.39 1.45 9.90 -1.571 0.022 0.000 0.000 1.00 0.0107895150 0.0000000000 0.0000000000 0.9999417915 True True True False
PassengerCar 0.00 0 -1 700.00 288.00 991.00 505.00 1.33 1.69 4.35 1.42 1.58 16.87 -1.402 -0.027 -0.017 0.169 1.00 -0.0126447351 -0.0096503832 0.0841226191 0.9963284427 True True True False
PassengerCar 0.00 1 -1 965.00 326.00 1065.00 409.00 1.65 1.79 4.22 7.53 3.10 50.08 -1.362 0.047 -0.031 0.208 1.00 0.0247537093 -0.0128274947 0.1042768800 0.9941574531 True True True False
PassengerCar 0.00 3 -1 1000.00 337.00 1095.00 405.00 1.54 1.86 4.26 9.15 3.45 55.67 -1.330 0.013 -0.056 0.241 1.00 0.0097317367 -0.0272349023 0.1202393155 0.9923235664 True True True False
PassengerCar 0.00 3 -1 1068.91 336.87 1156.97 400.75 -1.00 -1.00 -1.00 -1000.00 -1000.00 -1000.00 -1.000 -1.000 -1.000 -1.000 1.00 -1000.0000000000 -1000.0000000000 -1000.0000000000 -1000.0000000000 True True False False
PassengerCar 0.00 2 -1 518.00 288.00 807.00 458.00 1.52 1.71 4.22 0.07 1.82 23.14 -1.272 -0.005 -0.017 0.299 1.00 -0.0009823974 -0.0089490857 0.1487443748 0.9888346979 True True True False
PassengerCar 0.00 2 -1 382.00 280.00 693.00 480.00 1.50 1.83 3.02 -1.01 1.72 19.54 -1.358 0.033 -0.022 0.213 1.00 0.0176220584 -0.0094267333 0.1063658360 0.9941262036 True True True False
PassengerCar 0.00 3 -1 884.00 333.00 1022.00 411.00 1.35 1.75 4.05 5.30 2.70 42.65 -1.248 -0.010 -0.031 0.323 1.00 -0.0026509468 -0.0162966164 0.1605362489 0.9868918409 True True True False
Pedestrian 0.00 1 -1 519.00 259.00 578.00 474.00 1.56 0.49 0.36 -0.87 1.55 17.10 -3.035 0.000 0.000 -1.464 1.00 0.0000000000 0.0000000000 -0.6682749648 0.7439143575 True False True False
Pedestrian 0.00 0 -1 484.00 250.00 559.00 485.00 1.66 0.46 0.47 -1.04 1.59 16.65 -3.054 0.000 0.000 -1.483 1.00 0.0000000000 0.0000000000 -0.6753366336 0.7375096144 True True True False
Pedestrian 0.00 0 -1 409.00 222.00 499.00 487.00 1.83 0.52 0.36 -1.50 1.57 16.33 -2.387 0.000 0.000 -0.817 1.00 0.0000000000 0.0000000000 -0.3970173289 0.9178111137 True True True False
Pedestrian 0.00 0 -1 339.00 243.00 433.00 498.00 1.77 0.55 0.38 -1.98 1.65 16.39 -2.076 -0.006 0.004 -0.505 1.00 -0.0023481539 0.0028903927 -0.2500553024 0.9682243942 True True True False
Pedestrian_is_group 0.25 3 -1 0.00 232.00 431.00 494.00 1.74 2.41 3.32 -3.77 1.57 17.10 -2.804 0.000 0.000 -1.233 1.00 0.0000000000 0.0000000000 -0.5782882675 0.8158325071 True True True False
Pedestrian_is_group 0.00 3 -1 388.00 252.00 459.00 483.00 1.63 0.37 0.35 -1.75 1.57 16.65 -2.573 0.000 0.000 -1.002 1.00 0.0000000000 0.0000000000 -0.4803112812 0.8770980978 True True True False
Pedestrian 0.00 3 -1 400.73 238.04 501.80 472.74 -1.00 -1.00 -1.00 -1000.00 -1000.00 -1000.00 -1.000 -1.000 -1.000 -1.000 1.00 -1000.0000000000 -1000.0000000000 -1000.0000000000 -1000.0000000000 True True True True
Pedestrian 0.00 3 -1 298.00 243.00 363.00 465.00 1.72 0.40 0.36 -2.65 1.59 18.30 -2.755 0.000 0.000 -1.184 1.00 0.0000000000 0.0000000000 -0.5581955952 0.8297093934 True True True True
Pedestrian_is_group 0.00 3 -1 397.00 240.00 556.00 471.00 1.74 0.46 1.13 -1.46 1.58 17.83 -2.890 0.000 0.000 -1.319 1.00 0.0000000000 0.0000000000 -0.6127142442 0.7903045331 True True True False
