PassengerCar 0.15 0 -1 220.00 204.00 1280.00 720.00 1.13 2.21 4.21 0.61 1.04 6.79 -1.340 -0.017 0.004 0.231 1.00 -0.0088939453 0.0011151034 0.1152264247 0.9932988097 True True True False
PassengerCar 0.00 2 -1 88.00 228.00 696.00 547.00 1.35 1.72 3.79 -1.22 1.23 12.03 -1.274 -0.020 0.006 0.297 1.00 -0.0100907920 0.0013443779 0.1480902655 0.9889214538 True True True False
PassengerCar 1.00 3 -1 1280.00 0.00 1280.00 720.00 1.89 2.29 5.42 3.13 1.23 4.23 -1.437 0.000 0.000 0.134 1.00 0.0000000000 0.0000000000 0.0667745277 0.9977680905 True True True False
PassengerCar 0.00 3 -1 877.00 245.00 1137.00 406.00 1.50 1.85 3.95 3.58 1.37 23.87 -1.213 0.000 0.000 0.358 1.00 0.0000000000 0.0000000000 0.1781908147 0.9839959520 True False True False
PassengerCar 0.00 3 -1 998.00 260.00 1212.00 387.00 1.47 1.82 3.87 5.51 1.47 28.90 -1.167 0.000 0.000 0.404 1.00 0.0000000000 0.0000000000 0.2007057889 0.9796515637 True False True False
Vehicle 0.00 3 -1 687.00 243.00 1053.00 458.00 1.51 1.80 4.47 1.77 1.40 18.70 -1.212 0.000 0.000 0.359 1.00 0.0000000000 0.0000000000 0.1783594609 0.9839653971 False False True True
Vehicle 0.00 3 -1 1095.00 255.00 1279.00 362.00 1.47 1.83 3.58 7.63 1.41 33.86 -1.114 0.000 0.000 0.457 1.00 0.0000000000 0.0000000000 0.2263113430 0.9740550169 False False True True
Vehicle 0.32 3 -1 1177.00 260.00 1280.00 354.00 1.46 1.79 3.71 9.90 1.47 39.15 -1.141 0.007 0.016 0.430 1.00 0.0014750859 0.0086606311 0.2133860325 0.9769284614 False False True True
Vehicle 0.61 3 -1 1233.00 254.00 1280.00 335.00 1.48 1.61 3.29 11.98 1.37 44.47 -1.130 0.000 0.000 0.440 1.00 0.0000000000 0.0000000000 0.2184130344 0.9758564169 False False True True
Vehicle 0.81 3 -1 1259.00 254.00 1280.00 325.00 1.48 1.84 3.28 14.10 1.36 50.52 -1.155 0.000 0.000 0.416 1.00 0.0000000000 0.0000000000 0.2065108375 0.9784443132 False False True True
Vehicle 1.00 3 -1 1280.00 258.00 1280.00 322.00 1.46 1.71 3.98 16.29 1.42 55.58 -1.106 0.000 0.000 0.464 1.00 0.0000000000 0.0000000000 0.2301490350 0.9731553944 False False True True
Pedestrian 0.47 0 -1 1062.00 104.00 1280.00 720.00 1.63 0.68 0.80 1.48 1.26 5.92 -2.736 0.000 0.000 -1.165 1.00 0.0000000000 0.0000000000 -0.5502470683 0.8350018945 True False True False
