PassengerCar 0.00 0 -1 554.00 290.00 690.00 370.00 1.14 1.85 4.20 -0.64 1.60 35.85 -1.530 0.000 0.000 0.041 1.00 0.0000000000 0.0000000000 0.0204891504 0.9997900753 True True True False
PassengerCar 0.00 1 -1 669.00 264.00 762.00 342.00 1.63 1.82 4.12 1.06 1.75 53.15 -1.623 -0.001 0.022 -0.052 1.00 -0.0002935986 0.0112353885 -0.0261210238 0.9995956042 True True True False
PassengerCar 0.00 0 -1 796.00 287.00 871.00 341.00 1.34 1.80 4.20 4.29 2.03 60.39 -1.531 0.000 0.000 0.040 1.00 0.0000000000 0.0000000000 0.0199390286 0.9998011978 True True True False
DontCare 0.00 -1 -1 1050.00 276.00 1182.00 349.00 1.37 1.76 4.15 8.78 1.67 45.77 -1.581 0.000 0.000 -0.010 1.00 0.0000000000 0.0000000000 -0.0052439258 0.9999862505 False False False False
DontCare 0.00 -1 -1 996.00 290.00 1093.00 338.00 1.14 1.72 4.20 9.33 1.88 57.67 -1.574 0.000 0.000 -0.003 1.00 0.0000000000 0.0000000000 -0.0014726559 0.9999989156 False False False False
DontCare 0.00 -1 -1 119.00 304.00 240.00 354.00 1.49 1.68 4.20 -15.36 2.87 73.37 -4.321 0.000 0.000 -2.750 1.00 0.0000000000 0.0000000000 -0.9809153665 0.1944351917 False False False False
DontCare 0.18 -1 -1 0.00 302.00 104.00 359.00 1.53 1.82 4.39 -18.11 2.77 67.44 -4.536 0.000 0.000 -2.965 1.00 0.0000000000 0.0000000000 -0.9961155248 0.0880560117 False False False False
DontCare 0.82 -1 -1 0.00 298.00 25.00 358.00 1.52 1.80 4.20 -18.78 2.52 61.69 -4.572 0.000 0.000 -3.001 1.00 0.0000000000 0.0000000000 -0.9975344230 0.0701788786 False False False False
DontCare 1.00 3 -1 0.00 299.00 0.00 370.00 1.58 1.80 4.20 -19.34 2.50 54.91 -4.686 0.000 0.000 -3.115 1.00 0.0000000000 0.0000000000 -0.9999109022 0.0133486985 False False False False
Obstacle 0.00 1 -1 98.55 284.25 118.39 326.70 -1.00 -1.00 -1.00 -1000.00 -1000.00 -1000.00 -1.000 -1.000 -1.000 -1.000 1.00 -1000.0000000000 -1000.0000000000 -1000.0000000000 -1000.0000000000 True True False False
Obstacle 0.00 1 -1 433.60 286.42 445.80 318.00 -1.00 -1.00 -1.00 -1000.00 -1000.00 -1000.00 -1.000 -1.000 -1.000 -1.000 1.00 -1000.0000000000 -1000.0000000000 -1000.0000000000 -1000.0000000000 True True False False
Obstacle 0.00 1 -1 445.23 286.20 456.35 316.07 -1.00 -1.00 -1.00 -1000.00 -1000.00 -1000.00 -1.000 -1.000 -1.000 -1.000 1.00 -1000.0000000000 -1000.0000000000 -1000.0000000000 -1000.0000000000 True True False False
Pedestrian 0.00 0 -1 765.65 282.86 780.11 322.81 -1.00 -1.00 -1.00 -1000.00 -1000.00 -1000.00 -1.000 -1.000 -1.000 -1.000 1.00 -1000.0000000000 -1000.0000000000 -1000.0000000000 -1000.0000000000 True True False False
Pedestrian 0.00 0 -1 755.49 285.96 766.10 323.25 -1.00 -1.00 -1.00 -1000.00 -1000.00 -1000.00 -1.000 -1.000 -1.000 -1.000 1.00 -1000.0000000000 -1000.0000000000 -1000.0000000000 -1000.0000000000 True True False False
Pedestrian 0.00 1 -1 761.29 288.95 773.22 322.42 -1.00 -1.00 -1.00 -1000.00 -1000.00 -1000.00 -1.000 -1.000 -1.000 -1.000 1.00 -1000.0000000000 -1000.0000000000 -1000.0000000000 -1000.0000000000 True True False False
Pedestrian 0.00 0 -1 740.08 287.62 757.48 323.42 -1.00 -1.00 -1.00 -1000.00 -1000.00 -1000.00 -1.000 -1.000 -1.000 -1.000 1.00 -1000.0000000000 -1000.0000000000 -1000.0000000000 -1000.0000000000 True True False False
Pedestrian 0.00 0 -1 220.54 285.93 237.16 331.88 -1.00 -1.00 -1.00 -1000.00 -1000.00 -1000.00 -1.000 -1.000 -1.000 -1.000 1.00 -1000.0000000000 -1000.0000000000 -1000.0000000000 -1000.0000000000 True True False False
Pedestrian 0.00 0 -1 234.32 290.66 249.57 330.41 -1.00 -1.00 -1.00 -1000.00 -1000.00 -1000.00 -1.000 -1.000 -1.000 -1.000 1.00 -1000.0000000000 -1000.0000000000 -1000.0000000000 -1000.0000000000 True True False False
Pedestrian 0.00 0 -1 254.62 290.19 269.81 330.41 -1.00 -1.00 -1.00 -1000.00 -1000.00 -1000.00 -1.000 -1.000 -1.000 -1.000 1.00 -1000.0000000000 -1000.0000000000 -1000.0000000000 -1000.0000000000 True True False False
Pedestrian 0.00 0 -1 341.27 288.99 354.65 330.12 -1.00 -1.00 -1.00 -1000.00 -1000.00 -1000.00 -1.000 -1.000 -1.000 -1.000 1.00 -1000.0000000000 -1000.0000000000 -1000.0000000000 -1000.0000000000 True True False False
Pedestrian 0.00 2 -1 315.06 288.62 326.98 327.12 -1.00 -1.00 -1.00 -1000.00 -1000.00 -1000.00 -1.000 -1.000 -1.000 -1.000 1.00 -1000.0000000000 -1000.0000000000 -1000.0000000000 -1000.0000000000 True True False False
Pedestrian 0.00 2 -1 323.80 290.45 337.27 332.58 -1.00 -1.00 -1.00 -1000.00 -1000.00 -1000.00 -1.000 -1.000 -1.000 -1.000 1.00 -1000.0000000000 -1000.0000000000 -1000.0000000000 -1000.0000000000 True True False False
Pedestrian 0.00 1 -1 420.83 287.15 434.57 318.36 -1.00 -1.00 -1.00 -1000.00 -1000.00 -1000.00 -1.000 -1.000 -1.000 -1.000 1.00 -1000.0000000000 -1000.0000000000 -1000.0000000000 -1000.0000000000 True True False False
