PassengerCar 0.00 0 -1 312.00 240.00 514.00 381.00 1.51 1.84 3.90 -2.88 1.30 27.07 -1.554 -0.012 -0.000 0.017 1.00 -0.0058157374 -0.0001324519 0.0084381007 0.9999474777 True True True False
PassengerCar 0.00 0 -1 516.00 258.00 596.00 322.00 1.59 1.86 4.24 -2.85 1.55 59.93 -1.571 0.000 0.000 0.000 1.00 0.0000000000 0.0000000000 0.0000000000 1.0000000000 True True True False
PassengerCar 0.00 0 -1 653.00 269.00 746.00 337.00 1.44 1.81 4.01 0.67 1.62 51.03 -1.620 0.000 0.000 -0.049 1.00 0.0000000000 0.0000000000 -0.0246988794 0.9996949361 True True True False
PassengerCar 0.00 3 -1 642.00 266.00 717.00 319.00 1.51 1.86 4.04 0.34 1.68 68.96 -1.654 0.000 0.000 -0.084 1.00 0.0000000000 0.0000000000 -0.0417938941 0.9991262535 True True True False
PassengerCar 0.00 0 -1 870.00 272.00 1027.00 355.00 1.52 2.01 4.25 5.59 1.75 45.74 -1.185 -0.016 0.007 0.386 1.00 -0.0085373249 0.0016689787 0.1918529442 0.9813851315 True True True False
PassengerCar 0.00 0 -1 1097.00 272.00 1189.00 345.00 1.52 1.84 3.73 10.15 1.75 49.75 -1.393 0.000 0.000 0.178 1.00 0.0000000000 0.0000000000 0.0888558960 0.9960444918 True True True False
PassengerCar 0.00 2 -1 972.00 269.00 1056.00 341.00 1.57 1.83 4.07 7.93 1.78 53.14 -1.421 0.000 0.000 0.149 1.00 0.0000000000 0.0000000000 0.0746171731 0.9972122530 True True True False
PassengerCar 0.00 2 -1 1054.00 273.00 1140.00 333.00 1.51 1.84 4.03 11.07 1.83 60.06 -1.473 0.000 0.000 0.098 1.00 0.0000000000 0.0000000000 0.0491031613 0.9987937122 True True True False
PassengerCar 1.00 3 -1 0.00 235.00 0.00 322.00 1.53 1.82 4.04 -17.38 1.09 43.17 1.561 0.000 0.000 3.132 1.00 0.0000000000 0.0000000000 0.9999881773 0.0048626433 True False True False
PassengerCar 1.00 3 -1 0.00 239.00 0.00 311.00 1.51 1.87 4.05 -18.27 1.06 50.97 1.435 0.000 0.000 3.006 1.00 0.0000000000 0.0000000000 0.9976908702 0.0679185365 True False True False
PassengerCar 1.00 3 -1 0.00 243.00 0.00 307.00 1.50 1.87 4.02 -18.75 1.11 56.66 1.446 0.000 0.000 3.017 1.00 0.0000000000 0.0000000000 0.9980537568 0.0623594302 True False True False
PassengerCar 0.00 3 -1 563.11 276.13 599.45 316.63 -1.00 -1.00 -1.00 -1000.00 -1000.00 -1000.00 -1.000 -1.000 -1.000 -1.000 1.00 -1000.0000000000 -1000.0000000000 -1000.0000000000 -1000.0000000000 True True False False
PassengerCar 0.00 3 -1 639.81 283.45 680.31 317.20 -1.00 -1.00 -1.00 -1000.00 -1000.00 -1000.00 -1.000 -1.000 -1.000 -1.000 1.00 -1000.0000000000 -1000.0000000000 -1000.0000000000 -1000.0000000000 True True False False
PassengerCar 0.00 1 -1 597.82 282.27 631.43 308.76 -1.00 -1.00 -1.00 -1000.00 -1000.00 -1000.00 -1.000 -1.000 -1.000 -1.000 1.00 -1000.0000000000 -1000.0000000000 -1000.0000000000 -1000.0000000000 True True False False
PassengerCar 0.00 1 -1 823.62 280.44 872.41 328.50 -1.00 -1.00 -1.00 -1000.00 -1000.00 -1000.00 -1.000 -1.000 -1.000 -1.000 1.00 -1000.0000000000 -1000.0000000000 -1000.0000000000 -1000.0000000000 True True False False
Vehicle 0.33 2 -1 0.00 242.00 58.00 307.00 1.91 1.97 4.39 -19.95 1.38 71.24 1.428 0.000 0.000 2.999 1.00 0.0000000000 0.0000000000 0.9974458282 0.0714270244 True True True True
Vehicle 0.95 3 -1 0.00 238.00 5.00 305.00 1.76 1.88 4.07 -19.29 1.19 63.45 1.406 0.000 0.000 2.977 1.00 0.0000000000 0.0000000000 0.9966235749 0.0821063329 True False True True
Obstacle 0.48 3 -1 0.00 235.00 22.00 311.00 1.71 0.80 0.64 -15.03 1.13 52.40 1.477 0.000 0.000 3.048 1.00 0.0000000000 0.0000000000 0.9989082735 0.0467146788 True False True False
Pedestrian 0.12 0 -1 1158.00 185.00 1280.00 503.00 1.65 0.75 0.55 2.98 1.26 12.40 -3.138 0.000 0.000 -1.567 1.00 0.0000000000 0.0000000000 -0.7057066027 0.7085041926 True True True False
Pedestrian 0.00 2 -1 1077.00 261.00 1106.00 343.00 1.83 0.61 0.66 9.55 1.83 52.32 -1.441 0.000 0.000 0.130 1.00 0.0000000000 0.0000000000 0.0649417583 0.9978890560 True True True False
Pedestrian 1.00 3 -1 1280.00 254.00 1280.00 389.00 1.77 0.73 0.92 9.64 1.69 31.09 -4.410 0.000 0.000 -2.839 1.00 0.0000000000 0.0000000000 -0.9885673150 0.1507801835 True False True True
Pedestrian 1.00 3 -1 1280.00 261.00 1280.00 391.00 1.69 0.62 0.73 10.42 1.70 30.64 -4.410 0.000 0.000 -2.839 1.00 0.0000000000 0.0000000000 -0.9885636807 0.1508040095 True False True True
Pedestrian 1.00 3 -1 1280.00 252.00 1280.00 366.00 1.72 0.60 0.66 13.79 1.59 35.57 -4.431 0.000 0.000 -2.860 1.00 0.0000000000 0.0000000000 -0.9901191014 0.1402289739 True False True True
Pedestrian 1.00 3 -1 1280.00 246.00 1280.00 355.00 1.83 0.69 0.78 11.53 1.59 39.54 -4.412 0.000 0.000 -2.841 1.00 0.0000000000 0.0000000000 -0.9887577788 0.1495261008 True False True True
Pedestrian 1.00 3 -1 1280.00 250.00 1280.00 334.00 1.76 0.73 0.84 13.66 1.54 49.39 -4.539 0.000 0.000 -2.968 1.00 0.0000000000 0.0000000000 -0.9962518482 0.0865000283 True False True True
Pedestrian 0.00 3 -1 185.82 258.65 206.17 309.35 -1.00 -1.00 -1.00 -1000.00 -1000.00 -1000.00 -1.000 -1.000 -1.000 -1.000 1.00 -1000.0000000000 -1000.0000000000 -1000.0000000000 -1000.0000000000 True True False False
Pedestrian 0.00 2 -1 226.52 256.28 251.28 307.89 -1.00 -1.00 -1.00 -1000.00 -1000.00 -1000.00 -1.000 -1.000 -1.000 -1.000 1.00 -1000.0000000000 -1000.0000000000 -1000.0000000000 -1000.0000000000 True True False False
Pedestrian 0.00 3 -1 1183.37 265.87 1212.86 351.43 -1.00 -1.00 -1.00 -1000.00 -1000.00 -1000.00 -1.000 -1.000 -1.000 -1.000 1.00 -1000.0000000000 -1000.0000000000 -1000.0000000000 -1000.0000000000 False True False False
