PassengerCar 0.68 0 -1 1184.00 284.00 1280.00 437.00 1.47 1.81 2.83 6.76 1.71 23.92 -1.766 0.000 0.000 -0.195 1.00 0.0000000000 0.0000000000 -0.0973509230 0.9952501182 True True True False
PassengerCar 0.00 2 -1 1032.00 284.00 1131.00 358.00 1.57 1.63 3.14 9.14 2.11 51.44 -1.567 0.000 0.000 0.004 1.00 0.0000000000 0.0000000000 0.0019574558 0.9999980842 True True True False
PassengerCar 0.00 2 -1 1096.00 281.00 1201.00 348.00 1.62 1.81 3.91 11.96 2.12 57.89 -1.571 0.000 0.000 0.000 1.00 0.0000000000 0.0000000000 0.0000000000 1.0000000000 True True True False
PassengerCar 0.00 2 -1 259.00 259.00 427.00 324.00 1.51 1.81 3.82 -7.58 1.47 54.59 -3.225 0.000 0.000 -1.654 1.00 0.0000000000 0.0000000000 -0.7358084823 0.6771896908 True True True False
PassengerCar 0.00 1 -1 452.00 264.00 523.00 323.00 1.55 1.48 3.72 -4.80 1.64 62.53 -4.675 0.000 0.000 -3.104 1.00 0.0000000000 0.0000000000 -0.9998229211 0.0188182502 True True True False
PassengerCar 0.00 2 -1 478.00 263.00 556.00 319.00 1.57 1.62 3.24 -4.30 1.66 66.78 -4.572 0.000 0.000 -3.001 1.00 0.0000000000 0.0000000000 -0.9975230278 0.0703406643 True True True False
PassengerCar 0.00 2 -1 573.92 267.17 630.71 306.25 -1.00 -1.00 -1.00 -1000.00 -1000.00 -1000.00 -1.000 -1.000 -1.000 -1.000 1.00 -1000.0000000000 -1000.0000000000 -1000.0000000000 -1000.0000000000 True True False False
PassengerCar 0.00 2 -1 606.77 267.83 646.44 304.75 -1.00 -1.00 -1.00 -1000.00 -1000.00 -1000.00 -1.000 -1.000 -1.000 -1.000 1.00 -1000.0000000000 -1000.0000000000 -1000.0000000000 -1000.0000000000 True True False False
PassengerCar 0.00 2 -1 653.04 261.85 704.16 303.50 -1.00 -1.00 -1.00 -1000.00 -1000.00 -1000.00 -1.000 -1.000 -1.000 -1.000 1.00 -1000.0000000000 -1000.0000000000 -1000.0000000000 -1000.0000000000 True True False False
PassengerCar 0.00 2 -1 1044.00 284.00 1133.00 355.00 2.13 2.00 3.91 13.00 2.85 71.91 -1.581 0.000 0.000 -0.010 1.00 0.0000000000 0.0000000000 -0.0051720709 0.9999866248 True True False False
PassengerCar 0.00 3 -1 868.00 276.00 929.00 324.00 1.51 1.81 4.08 7.41 2.00 74.65 -1.509 0.000 0.000 0.062 1.00 0.0000000000 0.0000000000 0.0307779378 0.9995262471 True False True False
Obstacle 1.00 3 -1 1280.00 258.00 1280.00 383.00 1.80 1.44 1.52 11.81 1.78 34.43 1.549 0.000 0.000 3.120 1.00 0.0000000000 0.0000000000 0.9999398588 0.0109671661 True False True False
Obstacle 0.00 2 -1 371.00 243.00 448.00 299.00 1.60 1.99 1.71 -7.32 1.10 66.07 -1.571 0.000 0.000 0.000 1.00 0.0000000000 0.0000000000 0.0000000000 1.0000000000 True True True False
Obstacle 0.00 2 -1 1207.26 268.15 1254.97 317.54 -1.00 -1.00 -1.00 -1000.00 -1000.00 -1000.00 -1.000 -1.000 -1.000 -1.000 1.00 -1000.0000000000 -1000.0000000000 -1000.0000000000 -1000.0000000000 True True False False
Pedestrian 0.00 0 -1 1019.00 261.00 1066.00 396.00 1.58 0.41 0.48 4.44 1.59 27.48 -2.819 0.000 0.000 -1.248 1.00 0.0000000000 0.0000000000 -0.5843137674 0.8115278315 True True True False
Pedestrian 0.00 1 -1 917.00 252.00 967.00 398.00 1.74 0.53 0.60 3.32 1.64 28.08 0.107 0.000 0.000 1.677 1.00 0.0000000000 0.0000000000 0.7438047713 0.6683969346 True True True False
Pedestrian_is_group 0.00 1 -1 948.00 257.00 1045.00 398.00 1.71 1.13 0.99 4.12 1.67 29.00 -2.799 0.000 0.000 -1.228 1.00 0.0000000000 0.0000000000 -0.5763310849 0.8172162998 True True True True
Pedestrian 0.00 0 -1 1062.00 271.00 1123.00 391.00 1.59 0.47 0.71 5.72 1.74 31.26 0.437 0.000 0.000 2.008 1.00 0.0000000000 0.0000000000 0.8436514793 0.5368912193 True True True False
Pedestrian 0.00 2 -1 969.00 258.00 1057.00 401.00 1.91 1.06 0.77 4.71 1.88 31.63 0.656 0.000 0.000 2.226 1.00 0.0000000000 0.0000000000 0.8971290243 0.4417686201 True True True True
Pedestrian 0.00 1 -1 734.00 240.00 795.00 378.00 1.72 0.66 0.67 1.23 1.46 29.21 -2.962 0.000 0.000 -1.391 1.00 0.0000000000 0.0000000000 -0.6408660127 0.7676527560 True True True False
Pedestrian 0.00 2 -1 711.00 248.00 786.00 374.00 1.60 0.41 0.91 1.05 1.45 29.89 -2.983 0.000 0.000 -1.412 1.00 0.0000000000 0.0000000000 -0.6489118454 0.7608635994 True True True False
Pedestrian 0.00 0 -1 641.00 257.00 685.00 375.00 1.58 0.70 0.52 -0.05 1.54 31.56 0.110 0.000 0.000 1.681 1.00 0.0000000000 0.0000000000 0.7450202593 0.6670418377 True True True False
Pedestrian 0.00 2 -1 711.00 247.00 756.00 372.00 1.65 0.65 0.55 0.88 1.47 30.83 0.100 0.000 0.000 1.671 1.00 0.0000000000 0.0000000000 0.7416763195 0.6707579571 True True True True
Pedestrian 0.00 0 -1 395.00 231.00 452.00 372.00 1.79 0.50 0.53 -3.13 1.42 29.75 -2.330 0.000 0.000 -0.759 1.00 0.0000000000 0.0000000000 -0.3705953137 0.9287944409 True True True False
Pedestrian_is_group 1.00 3 -1 0.00 199.00 0.00 337.00 1.87 1.47 0.80 -11.00 1.04 31.98 -1.571 0.000 0.000 0.000 1.00 0.0000000000 0.0000000000 0.0000000000 1.0000000000 True False True False
Pedestrian_is_group 0.77 3 -1 0.00 203.00 93.00 345.00 2.04 5.07 2.57 -11.42 1.22 34.66 -1.571 0.000 0.000 0.000 1.00 0.0000000000 0.0000000000 0.0000000000 1.0000000000 True False True False
Pedestrian_is_group 0.00 2 -1 48.00 212.00 283.00 346.00 2.24 2.63 3.36 -8.63 1.44 40.22 -3.057 0.000 0.000 -1.486 1.00 0.0000000000 0.0000000000 -0.6764907477 0.7364511310 True True True False
Pedestrian_is_group 0.00 2 -1 230.00 232.00 308.00 300.00 1.78 2.02 1.19 -10.58 1.03 61.71 -1.758 0.000 0.000 -0.187 1.00 0.0000000000 0.0000000000 -0.0934140217 0.9956273502 True True True True
Pedestrian_is_group 1.00 3 -1 1280.00 263.00 1280.00 418.00 1.84 1.38 0.53 11.29 1.87 28.21 -3.291 0.000 0.000 -1.720 1.00 0.0000000000 0.0000000000 -0.7577837514 0.6525057747 True False True False
Pedestrian_is_group 1.00 3 -1 1280.00 271.00 1280.00 363.00 1.61 0.88 0.77 15.58 1.80 41.23 -1.571 0.000 0.000 0.000 1.00 0.0000000000 0.0000000000 0.0000000000 1.0000000000 True False True False
