PassengerCar 0.86 3 -1 0.00 170.00 125.00 609.00 1.51 1.81 4.21 -4.43 1.21 9.99 -2.491 0.000 0.000 -0.920 1.00 0.0000000000 0.0000000000 -0.4440807351 0.8959867748 True False True False
PassengerCar 0.00 0 -1 1044.00 294.00 1210.00 392.00 1.51 2.18 2.97 7.60 2.07 38.24 -4.337 0.000 0.000 -2.766 1.00 0.0000000000 0.0000000000 -0.9824264714 0.1866500153 True True True True
PassengerCar 1.00 3 -1 1280.00 310.00 1280.00 396.00 1.51 1.81 4.21 18.63 2.45 42.89 0.030 0.000 0.000 1.601 1.00 0.0000000000 0.0000000000 0.7177428976 0.6963082169 True False True False
PassengerCar 1.00 3 -1 1280.00 314.00 1280.00 383.00 1.46 1.81 4.21 20.78 2.67 51.62 0.118 0.000 0.000 1.689 1.00 0.0000000000 0.0000000000 0.7477085776 0.6640270198 True False True False
PassengerCar 1.00 3 -1 1280.00 332.00 1280.00 383.00 1.22 1.81 3.55 22.24 3.05 58.63 0.140 0.000 0.000 1.711 1.00 0.0000000000 0.0000000000 0.7548856704 0.6558564055 True False True False
Pedestrian 0.00 0 -1 148.00 233.00 230.00 485.00 1.86 0.49 0.52 -3.58 1.66 17.40 -4.672 0.000 0.000 -3.101 1.00 0.0000000000 0.0000000000 -0.9997958793 0.0202039515 True True True False
Pedestrian 0.00 1 -1 97.00 251.00 163.00 490.00 1.77 0.40 0.42 -4.04 1.71 17.48 -4.709 0.000 0.000 -3.138 1.00 0.0000000000 0.0000000000 -0.9999986072 0.0016690189 True True True False
Pedestrian 0.00 1 -1 198.00 245.00 260.00 450.00 1.93 0.50 0.51 -4.18 1.79 22.15 -4.711 0.000 0.000 -3.140 1.00 0.0000000000 0.0000000000 -0.9999997358 0.0007269098 True True True False
Pedestrian 0.00 0 -1 482.00 246.00 537.00 451.00 1.77 0.80 0.43 -1.38 1.64 20.43 0.004 0.000 0.000 1.575 1.00 0.0000000000 0.0000000000 0.7085456381 0.7056649904 True True True False
Pedestrian 0.00 0 -1 516.00 255.00 570.00 438.00 1.64 0.43 0.47 -1.12 1.59 21.04 0.002 0.000 0.000 1.573 1.00 0.0000000000 0.0000000000 0.7079861300 0.7062263375 True True True False
Pedestrian 0.00 0 -1 553.00 244.00 611.00 433.00 1.84 0.34 0.56 -0.84 1.68 22.80 -0.010 0.000 0.000 1.561 1.00 0.0000000000 0.0000000000 0.7034795832 0.7107154677 True True True False
Pedestrian 0.00 0 -1 625.00 253.00 669.00 411.00 1.64 0.82 0.46 -0.21 1.57 24.66 -0.006 0.000 0.000 1.565 1.00 0.0000000000 0.0000000000 0.7048850759 0.7093215278 True True True False
Pedestrian 0.00 0 -1 652.00 253.00 744.00 470.00 1.67 0.47 0.71 0.24 1.61 18.15 0.030 0.000 0.000 1.601 1.00 0.0000000000 0.0000000000 0.7176143257 0.6964407223 True True True False
Pedestrian 0.00 0 -1 710.00 256.00 762.00 464.00 1.65 0.60 0.40 0.55 1.61 18.72 0.015 0.000 0.000 1.586 1.00 0.0000000000 0.0000000000 0.7123660159 0.7018081357 True True True False
Pedestrian_is_group 0.00 0 -1 737.00 243.00 830.00 464.00 1.86 0.77 0.79 1.01 1.71 19.98 0.066 0.000 0.000 1.636 1.00 0.0000000000 0.0000000000 0.7298972754 0.6835568501 True True True False
Pedestrian_is_group 0.00 0 -1 792.00 253.00 950.00 456.00 1.79 2.15 1.38 1.86 1.73 21.56 0.056 0.000 0.000 1.627 1.00 0.0000000000 0.0000000000 0.7266202342 0.6870393258 True True True False
Pedestrian_is_group 0.00 0 -1 914.00 264.00 992.00 437.00 1.75 1.00 0.72 2.95 1.79 24.02 0.040 0.000 0.000 1.611 1.00 0.0000000000 0.0000000000 0.7211225328 0.6928075437 True True True False
Pedestrian 0.00 2 -1 430.00 247.00 481.00 387.00 1.71 0.44 1.00 -2.62 1.55 28.87 -4.605 0.000 0.000 -3.035 1.00 0.0000000000 0.0000000000 -0.9985716049 0.0534298591 True True True False
Pedestrian 0.00 3 -1 469.00 256.00 512.00 408.00 1.88 0.38 0.48 -2.20 1.82 28.97 -3.061 0.000 0.000 -1.490 1.00 0.0000000000 0.0000000000 -0.6779149099 0.7351403777 True True True False
