PassengerCar 0.00 0 -1 298.00 271.00 418.00 351.00 1.94 1.97 4.59 -7.74 2.20 58.59 -4.606 0.000 0.000 -3.035 1.00 0.0000000000 0.0000000000 -0.9985832485 0.0532118014 True True True False
PassengerCar 0.00 1 -1 380.00 287.00 464.00 340.00 1.44 1.80 3.85 -6.98 2.22 66.43 -4.653 0.000 0.000 -3.082 1.00 0.0000000000 0.0000000000 -0.9995599587 0.0296629214 True True True False
PassengerCar 0.00 -1 -1 575.26 264.13 616.95 300.94 -1.00 -1.00 -1.00 -1000.00 -1000.00 -1000.00 -1.000 -1.000 -1.000 -1.000 1.00 -1000.0000000000 -1000.0000000000 -1000.0000000000 -1000.0000000000 -1 -1 -1 -1
PassengerCar 0.00 -1 -1 595.96 258.90 638.40 292.49 -1.00 -1.00 -1.00 -1000.00 -1000.00 -1000.00 -1.000 -1.000 -1.000 -1.000 1.00 -1000.0000000000 -1000.0000000000 -1000.0000000000 -1000.0000000000 -1 -1 -1 -1
PassengerCar 0.00 -1 -1 616.28 259.31 668.70 292.03 -1.00 -1.00 -1.00 -1000.00 -1000.00 -1000.00 -1.000 -1.000 -1.000 -1.000 1.00 -1000.0000000000 -1000.0000000000 -1000.0000000000 -1000.0000000000 -1 -1 -1 -1
PassengerCar 0.00 -1 -1 804.95 260.00 841.77 294.45 -1.00 -1.00 -1.00 -1000.00 -1000.00 -1000.00 -1.000 -1.000 -1.000 -1.000 1.00 -1000.0000000000 -1000.0000000000 -1000.0000000000 -1000.0000000000 -1 -1 -1 -1
PassengerCar 0.00 -1 -1 115.32 278.66 169.37 318.62 -1.00 -1.00 -1.00 -1000.00 -1000.00 -1000.00 -1.000 -1.000 -1.000 -1.000 1.00 -1000.0000000000 -1000.0000000000 -1000.0000000000 -1000.0000000000 -1 -1 -1 -1
LargeVehicle 0.00 0 -1 421.00 228.00 571.00 325.00 2.77 2.86 17.48 -5.65 1.75 80.47 -4.651 0.002 0.036 -3.081 1.00 0.0178557561 -0.0005442508 -0.9993762950 0.0304613989 True True True False
Pedestrian 1.00 3 -1 0.00 273.00 0.00 363.00 2.06 0.64 0.63 -16.53 2.34 53.36 -3.069 0.000 0.000 -1.499 1.00 0.0000000000 0.0000000000 -0.6811589333 0.7321355801 True False True True
Pedestrian 0.00 3 -1 5.00 278.00 35.00 357.00 1.86 0.54 0.56 -15.21 2.26 54.58 0.034 0.000 0.000 1.604 1.00 0.0000000000 0.0000000000 0.7189160004 0.6950969604 True False True True
Pedestrian 0.97 3 -1 0.00 265.00 1.00 362.00 2.21 0.56 0.60 -15.67 2.31 53.22 0.065 0.000 0.000 1.636 1.00 0.0000000000 0.0000000000 0.7296153439 0.6838577702 True False True True
Pedestrian 0.00 -1 -1 849.94 256.87 862.78 293.76 -1.00 -1.00 -1.00 -1000.00 -1000.00 -1000.00 -1.000 -1.000 -1.000 -1.000 1.00 -1000.0000000000 -1000.0000000000 -1000.0000000000 -1000.0000000000 -1 -1 -1 -1
Pedestrian 0.00 -1 -1 829.68 258.54 841.10 291.39 -1.00 -1.00 -1.00 -1000.00 -1000.00 -1000.00 -1.000 -1.000 -1.000 -1.000 1.00 -1000.0000000000 -1000.0000000000 -1000.0000000000 -1000.0000000000 -1 -1 -1 -1
