PassengerCar 0.00 0 -1 715.00 264.00 842.00 350.00 1.73 1.99 3.42 2.35 1.81 48.22 -1.323 0.000 0.000 0.248 1.00 0.0000000000 0.0000000000 0.1237893634 0.9923085173 True True True False
PassengerCar 0.00 2 -1 779.00 269.00 884.00 337.00 1.50 1.75 3.72 3.83 1.70 53.69 -1.311 0.000 0.000 0.260 1.00 0.0000000000 0.0000000000 0.1296658587 0.9915577467 True True True False
PassengerCar 0.00 2 -1 826.00 265.00 919.00 327.00 1.52 1.62 3.38 5.24 1.63 58.95 -1.261 0.000 0.000 0.310 1.00 0.0000000000 0.0000000000 0.1543643153 0.9880139969 True True True False
PassengerCar 0.00 2 -1 873.00 255.00 966.00 317.00 1.68 1.91 3.82 7.11 1.54 65.02 -1.276 0.000 0.000 0.294 1.00 0.0000000000 0.0000000000 0.1467025010 0.9891806590 True True True False
PassengerCar_is_group 0.00 3 -1 944.00 226.00 1034.00 312.00 2.69 1.98 4.21 10.33 1.62 74.28 -1.212 0.000 0.000 0.359 1.00 0.0000000000 0.0000000000 0.1782963730 0.9839768307 True True True False
PassengerCar 0.21 3 -1 0.00 272.00 193.00 365.00 1.54 1.76 4.22 -10.47 1.75 40.75 -2.552 0.000 0.000 -0.981 1.00 0.0000000000 0.0000000000 -0.4709527731 0.8821584243 True False True False
Pedestrian 0.07 0 -1 37.00 134.00 239.00 720.00 1.55 0.55 0.40 -1.36 1.24 6.01 -0.008 0.000 0.000 1.563 1.00 0.0000000000 0.0000000000 0.7044040924 0.7097991791 True True True False
Pedestrian 0.13 0 -1 468.00 55.00 707.00 720.00 1.77 0.92 0.56 -0.19 1.29 5.90 -0.018 0.000 0.000 1.553 1.00 0.0000000000 0.0000000000 0.7008709883 0.7132880608 True True True False
Pedestrian 0.27 1 -1 803.00 57.00 1231.00 720.00 1.70 1.92 0.67 0.71 1.33 5.31 -0.007 0.000 0.000 1.564 1.00 0.0000000000 0.0000000000 0.7045554901 0.7096489000 True True True False
Pedestrian 0.29 0 -1 942.00 48.00 1215.00 720.00 1.75 0.53 0.38 0.80 1.36 4.60 -0.153 0.000 0.000 1.418 1.00 0.0000000000 0.0000000000 0.6511119686 0.7589816891 True True True False
Pedestrian 0.05 1 -1 329.00 252.00 353.00 344.00 1.76 0.49 0.40 -6.29 1.60 44.82 -0.004 0.000 0.000 1.567 1.00 0.0000000000 0.0000000000 0.7057306598 0.7084802297 True True True False
Pedestrian 0.05 1 -1 349.00 260.00 373.00 349.00 1.75 0.58 0.45 -6.02 1.73 45.69 -0.071 0.000 0.000 1.499 1.00 0.0000000000 0.0000000000 0.6813887328 0.7319217136 True True True False
Pedestrian 0.00 1 -1 375.00 259.00 405.00 341.00 1.55 0.55 0.21 -5.27 1.53 44.11 -1.571 0.000 0.000 0.000 1.00 0.0000000000 0.0000000000 0.0000000000 1.0000000000 True True True False
Pedestrian 0.00 1 -1 426.00 263.00 453.00 350.00 1.69 0.50 0.32 -4.41 1.73 44.94 -1.571 0.000 0.000 0.000 1.00 0.0000000000 0.0000000000 0.0000000000 1.0000000000 True True True False
Pedestrian 0.00 1 -1 463.00 257.00 496.00 349.00 1.79 0.58 0.51 -3.65 1.71 45.09 -1.730 0.000 0.000 -0.159 1.00 0.0000000000 0.0000000000 -0.0795457205 0.9968312186 True True True False
Pedestrian 0.00 1 -1 908.00 267.00 944.00 352.00 1.58 0.53 0.66 4.86 1.70 43.65 -3.053 0.000 0.000 -1.483 1.00 0.0000000000 0.0000000000 -0.6752674436 0.7375729656 True True True True
Pedestrian 0.00 0 -1 908.00 262.00 941.00 348.00 1.59 0.46 0.59 4.80 1.62 43.35 -3.082 0.000 0.000 -1.511 1.00 0.0000000000 0.0000000000 -0.6857916444 0.7277979256 True True True False
Pedestrian_is_group 0.00 3 -1 1207.00 233.00 1257.00 337.00 1.87 0.58 0.82 10.17 1.37 41.80 -1.747 0.000 0.000 -0.176 1.00 0.0000000000 0.0000000000 -0.0879262385 0.9961269882 True False True True
Pedestrian_is_group 1.00 3 -1 1280.00 249.00 1280.00 344.00 1.68 0.99 0.53 14.48 1.48 41.59 -3.062 0.000 0.000 -1.491 1.00 0.0000000000 0.0000000000 -0.6782365448 0.7348436495 True False True True
Pedestrian 1.00 3 -1 1280.00 241.00 1280.00 341.00 1.82 0.56 0.48 14.56 1.47 42.74 -2.878 0.000 0.000 -1.307 1.00 0.0000000000 0.0000000000 -0.6079208690 0.7939976178 True False True False
Pedestrian 1.00 3 -1 1280.00 248.00 1280.00 343.00 1.72 0.55 0.56 16.63 1.50 42.70 -3.100 0.000 0.000 -1.530 1.00 0.0000000000 0.0000000000 -0.6923606257 0.7215516364 True False True False
Pedestrian 1.00 3 -1 1280.00 254.00 1280.00 339.00 1.62 0.42 0.51 14.89 1.50 44.71 -2.953 0.000 0.000 -1.382 1.00 0.0000000000 0.0000000000 -0.6373523003 0.7705725438 True False True False
Pedestrian 1.00 3 -1 1280.00 252.00 1280.00 342.00 1.64 0.35 0.41 15.65 1.49 42.47 -3.069 0.000 0.002 -1.498 1.00 0.0006500644 0.0006044415 -0.6809411293 0.7323376205 True False True False
Pedestrian 1.00 3 -1 1280.00 250.00 1280.00 342.00 1.71 0.52 0.40 15.92 1.51 43.33 -3.092 0.000 0.000 -1.521 1.00 0.0000000000 0.0000000000 -0.6893602783 0.7244186681 True False True False
Pedestrian 1.00 3 -1 1280.00 251.00 1280.00 340.00 1.71 0.42 0.55 16.15 1.53 44.92 -3.089 0.000 0.000 -1.519 1.00 0.0000000000 0.0000000000 -0.6884245998 0.7253079142 True False True False
Pedestrian 1.00 3 -1 1280.00 238.00 1280.00 341.00 1.95 0.42 0.39 17.94 1.52 44.28 -0.005 0.000 0.000 1.566 1.00 0.0000000000 0.0000000000 0.7053261099 0.7088829796 True False True False
Pedestrian 0.05 1 -1 814.00 240.00 837.00 323.00 2.33 0.51 0.65 4.47 1.76 65.49 -1.288 0.000 0.000 0.282 1.00 0.0000000000 0.0000000000 0.1407195090 0.9900495037 True True True False
Pedestrian 0.00 1 -1 835.00 239.00 860.00 325.00 2.39 0.64 0.44 4.99 1.78 64.17 -4.519 0.000 0.000 -2.948 1.00 0.0000000000 0.0000000000 -0.9953238078 0.0965946047 True True True False
