PassengerCar 0.00 2 -1 904.00 292.00 1070.00 349.00 1.51 1.82 4.13 8.77 2.39 63.76 -0.274 0.000 0.000 1.297 1.00 0.0000000000 0.0000000000 0.6040986475 0.7969095457 True True True False
PassengerCar 0.00 3 -1 422.00 281.00 884.00 489.00 1.75 1.86 3.81 -0.15 1.94 21.30 -0.402 0.000 0.000 1.169 1.00 0.0000000000 0.0000000000 0.5517700832 0.8339962681 True True True False
DontCare 1.00 3 -1 1280.00 289.00 1280.00 362.00 1.46 1.61 2.23 17.68 2.04 47.78 -0.334 0.000 0.000 1.237 1.00 0.0000000000 0.0000000000 0.5796144971 0.8148908115 False False False False
LargeVehicle 0.00 3 -1 483.00 232.00 705.00 351.00 3.17 3.05 13.01 -1.87 2.45 68.19 -1.324 0.000 0.000 0.247 1.00 0.0000000000 0.0000000000 0.1230202163 0.9924041648 True False True False
LargeVehicle 0.00 3 -1 641.00 249.00 807.00 346.00 3.19 3.46 11.64 2.19 2.84 82.19 -1.331 0.000 0.000 0.240 1.00 0.0000000000 0.0000000000 0.1195435092 0.9928289628 True False True True
Obstacle 0.00 3 -1 598.00 178.00 682.00 511.00 1.87 0.43 0.45 -0.16 1.41 13.25 -0.092 0.000 0.000 1.479 1.00 0.0000000000 0.0000000000 0.6737925567 0.7389205576 True False True False
Obstacle 0.00 3 -1 990.00 173.00 1120.00 562.00 1.76 0.47 0.49 1.79 1.36 10.74 -0.074 0.000 0.000 1.496 1.00 0.0000000000 0.0000000000 0.6803185940 0.7329165100 False False True False
Pedestrian 0.06 0 -1 175.00 137.00 451.00 720.00 1.57 0.66 0.67 -0.93 1.26 6.24 -0.043 0.000 0.000 1.528 1.00 0.0000000000 0.0000000000 0.6916441494 0.7222384444 True True True False
Pedestrian 0.00 2 -1 266.00 75.00 547.00 710.00 1.81 0.85 0.79 -0.77 1.29 7.07 -0.039 0.000 0.000 1.532 1.00 0.0000000000 0.0000000000 0.6932786630 0.7206696160 True True True False
Pedestrian 0.00 1 -1 119.00 159.00 323.00 636.00 1.61 0.65 0.66 -1.56 1.27 8.20 -0.157 -0.016 -0.003 1.414 1.00 -0.0053448212 -0.0062582308 0.6494110570 0.7603930211 True True True False
Pedestrian 0.00 1 -1 436.00 175.00 548.00 569.00 1.72 0.52 0.49 -0.78 1.35 10.40 -0.063 0.000 0.000 1.508 1.00 0.0000000000 0.0000000000 0.6845415827 0.7289738140 True True True False
Pedestrian 0.00 3 -1 438.00 179.00 570.00 556.00 1.72 0.50 0.60 -0.76 1.35 10.90 -0.062 0.000 0.000 1.509 1.00 0.0000000000 0.0000000000 0.6849007212 0.7286363991 True False True True
Pedestrian 0.00 1 -1 497.00 223.00 672.00 546.00 1.60 0.60 0.79 -0.43 1.41 11.86 -0.226 0.000 0.000 1.345 1.00 0.0000000000 0.0000000000 0.6230502373 0.7821818214 True True True False
Pedestrian 0.00 3 -1 471.00 208.00 605.00 541.00 1.73 0.50 0.64 -0.69 1.46 12.37 -0.228 0.000 0.000 1.343 1.00 0.0000000000 0.0000000000 0.6222696071 0.7828029996 True True True False
Pedestrian 0.00 1 -1 561.00 165.00 756.00 583.00 1.80 0.53 0.81 -0.05 1.40 10.34 -0.123 0.001 -0.006 1.448 1.00 0.0023751105 -0.0020997310 0.6623355044 0.7492006604 True True True False
Pedestrian 0.00 0 -1 642.00 186.00 785.00 601.00 1.70 0.51 0.52 0.19 1.40 9.82 -0.156 0.000 0.000 1.415 1.00 0.0000000000 0.0000000000 0.6497930051 0.7601112093 True True True False
Pedestrian 0.00 3 -1 698.00 191.00 919.00 622.00 1.63 0.50 0.72 0.55 1.38 9.09 -0.187 -0.027 -0.005 1.383 1.00 -0.0087791236 -0.0106003885 0.6377826866 0.7700933732 True True True False
Pedestrian 0.41 0 -1 1120.00 117.00 1280.00 697.00 1.76 0.72 0.63 1.87 1.33 7.43 -0.104 0.000 0.000 1.467 1.00 0.0000000000 0.0000000000 0.6693478845 0.7429491298 True True True False
Pedestrian 0.10 1 -1 1008.00 152.00 1280.00 672.00 1.74 0.64 0.86 1.70 1.38 8.11 -0.109 0.000 0.000 1.462 1.00 0.0000000000 0.0000000000 0.6676235733 0.7444990023 True True True False
Pedestrian 0.00 2 -1 1043.00 141.00 1254.00 635.00 1.80 0.77 0.57 1.82 1.36 8.86 -0.118 0.000 0.000 1.453 1.00 0.0000000000 0.0000000000 0.6641901754 0.7475636501 True True True False
Pedestrian 0.00 0 -1 961.00 216.00 1106.00 518.00 1.70 0.64 0.71 2.12 1.45 13.47 -0.061 0.000 0.000 1.510 1.00 0.0000000000 0.0000000000 0.6851383259 0.7284129834 True True True False
Pedestrian 0.72 3 -1 1226.00 119.00 1280.00 625.00 1.93 0.65 0.55 2.58 1.39 9.18 -0.047 0.000 0.000 1.524 1.00 0.0000000000 0.0000000000 0.6903521303 0.7234735214 True False True False
Pedestrian 1.00 3 -1 1280.00 73.00 1280.00 622.00 1.92 0.74 0.74 3.76 1.27 8.61 -0.404 0.001 -0.000 1.167 1.00 0.0004857235 0.0002935105 0.5508375347 0.8346122982 True False True False
Pedestrian 1.00 3 -1 1280.00 155.00 1280.00 496.00 1.80 0.82 0.27 4.14 1.24 12.63 -0.029 0.000 0.000 1.542 1.00 0.0000000000 0.0000000000 0.6969132685 0.7171554199 True False True False
Pedestrian 1.00 3 -1 1280.00 161.00 1280.00 524.00 1.81 0.64 0.83 4.93 1.31 11.98 -0.240 0.000 0.000 1.331 1.00 0.0000000000 0.0000000000 0.6174397781 0.7866181541 True False True False
