DontCare 0.89 3 -1 0.00 258.00 37.00 515.00 1.66 1.51 1.59 -5.49 1.65 16.04 -2.573 0.000 0.000 -1.002 1.00 0.0000000000 0.0000000000 -0.4804963898 0.8769967043 False False False False
Pedestrian 0.00 0 -1 446.00 231.00 740.00 720.00 1.72 0.66 0.83 -0.26 1.62 8.39 -2.565 0.000 0.000 -0.994 1.00 0.0000000000 0.0000000000 -0.4770064396 0.8788997989 True True True False
Pedestrian 0.00 0 -1 637.00 223.00 875.00 689.00 1.77 0.87 0.59 0.37 1.63 9.34 -2.571 0.000 0.000 -1.000 1.00 0.0000000000 0.0000000000 -0.4794644859 0.8775612838 True True True False
Pedestrian 0.00 0 -1 882.00 247.00 1088.00 667.00 1.68 0.60 0.63 1.33 1.62 9.71 -2.449 0.000 0.000 -0.878 1.00 0.0000000000 0.0000000000 -0.4249874639 0.9051992353 True True True False
Pedestrian 0.00 3 -1 458.00 274.00 623.00 655.00 1.61 0.50 0.52 -0.55 1.67 10.18 -2.496 0.000 0.000 -0.926 1.00 0.0000000000 0.0000000000 -0.4464841205 0.8947915568 True True True False
Pedestrian 0.00 0 -1 71.00 221.00 388.00 695.00 1.80 0.86 0.96 -1.78 1.66 9.48 -2.444 0.000 0.000 -0.874 1.00 0.0000000000 0.0000000000 -0.4230047382 0.9061274698 True True True False
Pedestrian 0.00 0 -1 290.00 269.00 480.00 625.00 1.63 0.59 0.69 -1.34 1.67 11.05 -2.357 0.000 0.000 -0.786 1.00 0.0000000000 0.0000000000 -0.3831886572 0.9236700996 True True True False
Pedestrian 0.00 2 -1 404.00 262.00 565.00 628.00 1.72 0.47 0.65 -0.89 1.73 11.32 -2.367 0.000 0.000 -0.796 1.00 0.0000000000 0.0000000000 -0.3877192742 0.9217775027 True True True False
Pedestrian 1.00 3 -1 0.00 269.00 0.00 720.00 1.67 0.60 0.79 -2.92 1.70 8.17 -2.446 0.000 0.000 -0.875 1.00 0.0000000000 0.0000000000 -0.4238264272 0.9057434292 True False True False
Pedestrian 1.00 3 -1 0.00 278.00 0.00 704.00 1.68 0.47 0.66 -3.65 1.75 9.54 -2.524 0.000 0.000 -0.953 1.00 0.0000000000 0.0000000000 -0.4587415982 0.8885697193 True False True False
Pedestrian 1.00 3 -1 0.00 294.00 0.00 720.00 1.58 0.57 0.56 -3.69 1.71 8.77 -2.508 0.000 0.000 -0.937 1.00 0.0000000000 0.0000000000 -0.4516884090 0.8921757569 True False True False
Pedestrian 0.49 0 -1 0.00 273.00 120.00 647.00 1.63 0.67 0.81 -3.04 1.69 10.65 -2.500 0.002 0.003 -0.929 1.00 0.0017589714 0.0007301007 -0.4480448643 0.8940090450 True True True False
Pedestrian 0.00 3 -1 91.00 261.00 227.00 589.00 1.67 0.49 0.50 -2.67 1.68 12.19 -2.478 0.000 0.000 -0.907 1.00 0.0000000000 0.0000000000 -0.4383024482 0.8988275496 True True True False
Pedestrian_is_group 0.79 0 -1 0.00 256.00 130.00 617.00 1.63 1.98 3.20 -4.54 1.62 12.30 -2.313 0.000 0.000 -0.742 1.00 0.0000000000 0.0000000000 -0.3626979461 0.9319067549 True True True True
