PassengerCar 0.16 0 -1 0.00 272.00 385.00 572.00 1.33 1.61 3.93 -2.49 1.39 12.25 -1.591 0.000 0.000 -0.020 1.00 0.0000000000 0.0000000000 -0.0098881238 0.9999511113 True True True True
PassengerCar 0.00 0 -1 367.00 273.00 534.00 420.00 1.56 1.64 3.44 -2.40 1.70 26.36 -1.589 0.000 0.000 -0.018 1.00 0.0000000000 0.0000000000 -0.0089412500 0.9999600262 True True True True
PassengerCar 0.00 2 -1 502.00 292.00 589.00 367.00 1.51 1.76 4.07 -2.60 2.18 49.21 -1.630 0.000 0.000 -0.059 1.00 0.0000000000 0.0000000000 -0.0295750515 0.9995625625 True True True False
PassengerCar 0.00 0 -1 647.00 295.00 735.00 368.00 1.50 1.76 4.01 0.48 2.26 50.43 -1.599 0.000 0.000 -0.028 1.00 0.0000000000 0.0000000000 -0.0139735129 0.9999023657 True True True False
PassengerCar 0.00 1 -1 575.79 297.51 627.36 341.40 -1.00 -1.00 -1.00 -1000.00 -1000.00 -1000.00 -1.000 -1.000 -1.000 -1.000 1.00 -1000.0000000000 -1000.0000000000 -1000.0000000000 -1000.0000000000 True True False False
PassengerCar 0.00 1 -1 613.00 301.90 647.68 329.86 -1.00 -1.00 -1.00 -1000.00 -1000.00 -1000.00 -1.000 -1.000 -1.000 -1.000 1.00 -1000.0000000000 -1000.0000000000 -1000.0000000000 -1000.0000000000 True True False False
PassengerCar 1.00 3 -1 0.00 308.00 0.00 442.00 1.50 1.68 3.76 -10.11 2.12 28.85 1.564 0.000 0.000 3.135 1.00 0.0000000000 0.0000000000 0.9999940083 0.0034617072 True False True True
Pedestrian 0.32 0 -1 1203.00 201.00 1280.00 468.00 1.78 0.62 0.41 4.04 1.39 15.86 -2.041 0.000 0.000 -0.470 1.00 0.0000000000 0.0000000000 -0.2330090751 0.9724745606 True True True False
Pedestrian 0.00 0 -1 1147.00 225.00 1244.00 463.00 1.67 0.49 0.50 3.79 1.43 16.67 -3.972 0.000 0.000 -2.401 1.00 0.0000000000 0.0000000000 -0.9322877798 0.3617174251 True True True False
Pedestrian 1.00 3 -1 1280.00 194.00 1280.00 416.00 1.75 0.87 0.68 6.50 1.22 18.72 1.279 0.000 0.000 2.850 1.00 0.0000000000 0.0000000000 0.9893936878 0.1452588400 True False True False
Pedestrian 1.00 3 -1 1280.00 209.00 1280.00 413.00 1.62 0.52 0.55 7.25 1.21 18.73 1.228 0.000 0.000 2.799 1.00 0.0000000000 0.0000000000 0.9853783897 0.1703802484 True False True False
