PassengerCar 1.00 3 -1 0.00 251.00 0.00 607.00 1.57 1.73 3.85 -6.34 1.57 12.40 -2.276 0.021 0.004 -0.705 1.00 0.0105950546 -0.0016510591 -0.3451087982 0.9385014311 True False True False
PassengerCar 0.80 0 -1 0.00 264.00 68.00 539.00 1.49 1.74 3.82 -5.03 1.53 14.95 -1.966 -0.006 0.013 -0.395 1.00 -0.0014744647 0.0070393533 -0.1962035201 0.9805368184 True True True False
PassengerCar 0.00 1 -1 282.00 314.00 507.00 440.00 1.39 1.49 3.49 -3.41 2.08 28.56 -2.098 0.000 0.000 -0.527 1.00 0.0000000000 0.0000000000 -0.2604406073 0.9654898705 True True True False
PassengerCar 0.00 0 -1 440.00 304.00 796.00 467.00 1.47 1.93 4.08 -0.60 1.95 23.41 -2.062 0.013 -0.023 -0.491 1.00 0.0033722762 -0.0126136793 -0.2431236894 0.9699074154 True True True False
PassengerCar 0.00 1 -1 828.00 258.00 1215.00 525.00 1.57 1.37 3.32 2.24 1.66 15.46 -1.801 0.014 -0.054 -0.231 1.00 0.0039708131 -0.0273934028 -0.1147933248 0.9930036892 True True True False
PassengerCar 0.52 0 -1 1056.00 255.00 1280.00 631.00 1.54 1.36 2.79 2.81 1.54 11.05 -1.602 0.011 0.000 -0.031 1.00 0.0057493347 0.0000892469 -0.0155208719 0.9998630105 True True True False
PassengerCar 1.00 3 -1 0.00 267.00 0.00 425.00 1.62 1.62 3.21 -9.93 1.70 25.69 -1.985 0.000 0.000 -0.415 1.00 0.0000000000 0.0000000000 -0.2058566166 0.9785821649 True False True True
LargeVehicle 0.00 1 -1 66.00 192.00 420.00 433.00 3.16 2.55 10.42 -6.93 2.40 36.22 -2.030 0.040 -0.004 -0.459 1.00 0.0191541086 -0.0065183026 -0.2275212265 0.9735629016 True True True False
Pedestrian 0.00 2 -1 507.00 280.00 548.00 398.00 1.71 0.49 0.59 -2.05 2.00 33.99 -3.222 0.000 0.000 -1.651 1.00 0.0000000000 0.0000000000 -0.7349926025 0.6780751243 True True True False
Pedestrian 0.00 3 -1 406.00 290.00 445.00 372.00 1.66 0.60 0.53 -4.92 2.26 47.31 -2.608 0.000 0.000 -1.037 1.00 0.0000000000 0.0000000000 -0.4956354642 0.8685306480 True True True False
Pedestrian 1.00 3 -1 1280.00 214.00 1280.00 451.00 1.68 0.57 0.35 6.17 1.35 16.67 -1.265 0.000 0.000 0.306 1.00 0.0000000000 0.0000000000 0.1523613789 0.9883248505 True False True False
Pedestrian 1.00 3 -1 1280.00 214.00 1280.00 448.00 1.66 0.44 0.47 5.69 1.33 16.82 -1.053 0.000 0.000 0.518 1.00 0.0000000000 0.0000000000 0.2559131602 0.9666997747 True False True False
Pedestrian 0.25 3 -1 1193.00 240.00 1280.00 476.00 1.62 0.67 0.50 4.06 1.48 16.20 -1.571 0.000 0.000 0.000 1.00 0.0000000000 0.0000000000 0.0000000000 1.0000000000 True False True False
Pedestrian 0.00 2 -1 1118.00 226.00 1179.00 430.00 1.85 0.53 0.46 4.42 1.54 21.35 -1.394 0.000 0.000 0.177 1.00 0.0000000000 0.0000000000 0.0881988981 0.9961028834 True True True False
Pedestrian 0.00 3 -1 1088.00 244.00 1133.00 434.00 1.70 0.39 0.37 4.01 1.55 21.00 -1.383 0.000 0.000 0.188 1.00 0.0000000000 0.0000000000 0.0936530449 0.9956048951 True False True False
Pedestrian_is_group 1.00 3 -1 1280.00 214.00 1280.00 438.00 1.67 0.53 0.40 5.59 1.33 17.59 1.536 0.000 0.000 3.107 1.00 0.0000000000 0.0000000000 0.9998476952 0.0174524064 True False True False
Pedestrian 1.00 3 -1 1280.00 223.00 1280.00 422.00 1.70 0.45 0.37 5.72 1.38 20.08 -1.757 0.000 0.000 -0.186 1.00 0.0000000000 0.0000000000 -0.0927444928 0.9956899412 True False True False
Pedestrian 0.82 3 -1 1271.00 234.00 1280.00 417.00 1.71 0.39 0.30 5.90 1.46 21.83 -1.446 0.000 0.000 0.125 1.00 0.0000000000 0.0000000000 0.0625563478 0.9980414337 True False True True
Pedestrian 0.00 1 -1 774.00 243.00 827.00 407.00 1.74 0.40 0.55 1.42 1.56 24.81 0.018 0.000 0.000 1.588 1.00 0.0000000000 0.0000000000 0.7133228241 0.7008356074 True True True False
Pedestrian 0.00 1 -1 703.00 253.00 750.00 404.00 1.64 0.36 0.50 0.64 1.55 25.37 -0.027 0.000 0.000 1.544 1.00 0.0000000000 0.0000000000 0.6976407435 0.7164477601 True True True False
Pedestrian 0.00 2 -1 734.00 252.00 785.00 410.00 1.79 0.48 0.40 1.06 1.70 26.74 -1.891 0.000 0.000 -0.320 1.00 0.0000000000 0.0000000000 -0.1595001840 0.9871978988 True True True False
Pedestrian 0.00 3 -1 781.00 264.00 814.00 402.00 1.63 0.36 0.36 1.54 1.67 27.52 -1.559 0.000 0.000 0.012 1.00 0.0000000000 0.0000000000 0.0058667453 0.9999827905 True True True True
Pedestrian 0.00 3 -1 616.00 278.00 656.00 397.00 1.81 0.60 0.31 -0.48 2.08 35.75 1.476 0.000 0.000 3.047 1.00 0.0000000000 0.0000000000 0.9988714829 0.0474948482 True True True False
Pedestrian 0.00 3 -1 766.00 269.00 791.00 407.00 1.88 0.33 0.38 1.51 1.99 31.71 -1.545 0.000 0.000 0.026 1.00 0.0000000000 0.0000000000 0.0127617317 0.9999185658 True True True False
Pedestrian 0.00 3 -1 652.00 275.00 688.00 392.00 1.62 0.41 0.29 0.04 1.82 32.19 0.873 0.000 0.000 2.444 1.00 0.0000000000 0.0000000000 0.9397118219 0.3419673841 True True True False
Pedestrian 1.00 3 -1 1280.00 194.00 1280.00 428.00 1.78 0.49 0.55 6.61 1.28 18.04 -1.381 0.000 0.000 0.190 1.00 0.0000000000 0.0000000000 0.0947496716 0.9955011300 True True True True
Pedestrian 0.00 3 -1 1168.27 227.65 1229.22 452.18 -1.00 -1.00 -1.00 -1000.00 -1000.00 -1000.00 -1.000 -1.000 -1.000 -1.000 1.00 -1000.0000000000 -1000.0000000000 -1000.0000000000 -1000.0000000000 True False False False
Pedestrian 1.00 3 -1 1280.00 231.00 1280.00 437.00 1.58 0.35 0.38 7.16 1.36 18.14 -2.755 0.000 0.000 -1.184 1.00 0.0000000000 0.0000000000 -0.5579748867 0.8298578347 True True True False
