LargeVehicle 0.26 0 -1 0.00 242.00 69.00 357.00 3.42 2.64 10.52 -20.52 2.91 74.37 -1.821 0.000 0.000 -0.251 1.00 0.0000000000 0.0000000000 -0.1249529145 0.9921626727 True True True False
Pedestrian 0.00 0 -1 1032.00 225.00 1153.00 497.00 1.66 0.57 0.57 2.65 1.44 14.51 -1.761 -0.004 0.022 -0.190 1.00 -0.0010747803 0.0112876486 -0.0947825586 0.9954334234 True True True False
Pedestrian 0.00 0 -1 1151.00 225.00 1248.00 478.00 1.63 0.50 0.58 3.50 1.40 15.30 -1.571 -0.000 0.027 -0.001 1.00 -0.0000036138 0.0135701506 -0.0002662771 0.9999078858 True True True False
Pedestrian 0.00 0 -1 1163.00 198.00 1268.00 455.00 1.77 0.50 0.60 3.86 1.34 16.35 -1.793 -0.000 0.000 -0.222 1.00 -0.0000454361 0.0000050580 -0.1106387340 0.9938606887 True True True False
Pedestrian 0.32 3 -1 1212.00 229.00 1280.00 457.00 1.59 0.45 0.54 4.25 1.37 16.63 -1.819 0.019 0.012 -0.248 1.00 0.0100608340 0.0049955649 -0.1239482737 0.9922251002 True False True False
Pedestrian 0.00 0 -1 706.00 262.00 769.00 401.00 1.56 0.55 0.54 0.80 1.58 26.40 1.220 0.000 0.000 2.791 1.00 0.0000000000 0.0000000000 0.9846468349 0.1745583299 True True True False
Pedestrian 0.00 0 -1 659.00 254.00 724.00 403.00 1.64 0.62 0.39 0.27 1.58 25.95 1.209 0.000 0.000 2.780 1.00 0.0000000000 0.0000000000 0.9837222543 0.1796956493 True True True False
Pedestrian 0.00 0 -1 726.00 244.00 781.00 394.00 1.91 0.55 0.51 1.11 1.70 29.90 -1.919 0.000 0.000 -0.349 1.00 0.0000000000 0.0000000000 -0.1734689978 0.9848393305 True True True False
Pedestrian 0.00 0 -1 772.00 262.00 826.00 398.00 1.74 0.66 0.48 1.69 1.76 29.89 -1.579 0.000 0.000 -0.008 1.00 0.0000000000 0.0000000000 -0.0040982936 0.9999916020 True True True False
Pedestrian 0.00 0 -1 630.00 267.00 666.00 381.00 1.78 0.46 0.45 -0.31 1.88 36.37 -1.846 0.000 0.000 -0.275 1.00 0.0000000000 0.0000000000 -0.1371965404 0.9905438452 True True True False
Pedestrian 0.00 0 -1 601.00 265.00 647.00 384.00 1.78 0.60 0.43 -0.65 1.84 34.91 -1.857 0.000 0.000 -0.286 1.00 0.0000000000 0.0000000000 -0.1426151080 0.9897782231 True True True False
Pedestrian 0.00 0 -1 564.00 266.00 608.00 384.00 1.78 0.64 0.38 -1.24 1.87 35.41 -1.556 0.000 0.000 0.015 1.00 0.0000000000 0.0000000000 0.0073972725 0.9999726398 True True True False
Pedestrian 0.00 0 -1 530.00 261.00 572.00 385.00 1.89 0.56 0.37 -1.78 1.90 35.53 -1.902 0.000 0.000 -0.331 1.00 0.0000000000 0.0000000000 -0.1646927484 0.9863449187 True True True False
Pedestrian 1.00 3 -1 1280.00 204.00 1280.00 463.00 1.74 0.52 0.51 6.43 1.36 16.02 0.736 0.000 0.000 2.307 1.00 0.0000000000 0.0000000000 0.9141346181 0.4054107794 True False True False
Pedestrian 0.00 1 -1 496.00 267.00 531.00 385.00 1.60 0.47 0.51 -2.12 1.69 31.93 -1.642 0.000 0.000 -0.071 1.00 0.0000000000 0.0000000000 -0.0355783400 0.9993668904 True True True True
Pedestrian_is_group 0.00 1 -1 455.00 266.00 495.00 377.00 1.55 0.48 0.31 -2.71 1.63 32.72 -1.957 0.000 0.000 -0.386 1.00 0.0000000000 0.0000000000 -0.1919347354 0.9814076917 True True True False
Pedestrian 0.00 1 -1 419.00 277.00 454.00 379.00 1.84 0.60 0.64 -4.21 2.14 42.28 -1.710 0.000 0.000 -0.139 1.00 0.0000000000 0.0000000000 -0.0696261311 0.9975731562 True True True True
Pedestrian 0.00 0 -1 384.00 277.00 415.00 372.00 1.72 0.50 0.60 -4.87 2.02 42.28 -1.799 0.000 0.000 -0.229 1.00 0.0000000000 0.0000000000 -0.1140787424 0.9934717110 True True True False
