PassengerCar 0.92 3 -1 0.00 256.00 99.00 720.00 1.38 1.83 4.12 -4.31 1.38 8.62 -2.634 0.000 0.000 -1.064 1.00 0.0000000000 0.0000000000 -0.5070438668 0.8619202498 True False True False
PassengerCar 0.70 2 -1 0.00 281.00 231.00 605.00 1.47 1.58 3.83 -4.31 1.58 12.13 -2.662 0.000 0.000 -1.091 1.00 0.0000000000 0.0000000000 -0.5188361240 0.8548737196 True True True False
PassengerCar 0.22 2 -1 0.00 276.00 468.00 548.00 1.45 1.48 3.36 -3.00 1.55 13.88 -2.612 0.000 0.000 -1.041 1.00 0.0000000000 0.0000000000 -0.4974770282 0.8674771504 True True True False
PassengerCar 0.00 3 -1 250.00 292.00 483.00 485.00 1.47 1.78 4.16 -2.51 1.76 20.21 -1.644 0.000 0.000 -0.073 1.00 0.0000000000 0.0000000000 -0.0364434380 0.9993357173 True True True False
PassengerCar 0.00 3 -1 272.00 306.00 519.00 402.00 1.28 1.73 3.10 -3.80 1.94 32.77 -2.984 0.000 0.000 -1.413 1.00 0.0000000000 0.0000000000 -0.6493015215 0.7605310869 True True True False
PassengerCar 0.00 0 -1 607.00 306.00 691.00 374.00 1.50 1.91 4.18 -0.42 2.60 55.28 -1.571 0.000 0.000 0.000 1.00 0.0000000000 0.0000000000 0.0000000000 1.0000000000 True True True False
PassengerCar 0.93 0 -1 1187.00 301.00 1280.00 720.00 1.35 1.81 4.31 3.46 1.52 8.62 -1.641 0.000 0.000 -0.070 1.00 0.0000000000 0.0000000000 -0.0348682174 0.9993919188 True True True False
PassengerCar 0.46 1 -1 1035.00 284.00 1280.00 585.00 1.52 1.79 3.82 3.33 1.67 13.77 -1.542 0.000 0.000 0.029 1.00 0.0000000000 0.0000000000 0.0143021463 0.9998977191 True True True False
PassengerCar 0.00 2 -1 933.00 311.00 1255.00 501.00 1.37 1.76 3.89 3.32 1.78 18.79 -1.605 0.001 -0.015 -0.034 1.00 0.0001270145 -0.0074711260 -0.0169977873 0.9998276058 True True True False
PassengerCar 0.00 2 -1 717.00 298.00 870.00 369.00 1.90 1.92 4.22 3.62 2.99 66.05 -0.732 0.000 0.000 0.839 1.00 0.0000000000 0.0000000000 0.4071060485 0.9133808982 True True True False
PassengerCar 0.00 3 -1 417.00 308.00 555.00 368.00 1.45 1.81 2.99 -4.61 2.68 59.13 -2.662 0.000 0.000 -1.091 1.00 0.0000000000 0.0000000000 -0.5188965113 0.8548370667 True True True False
PassengerCar 0.00 2 -1 462.00 308.00 595.00 367.00 1.63 1.74 3.41 -3.98 2.99 66.57 -2.648 0.000 0.000 -1.078 1.00 0.0000000000 0.0000000000 -0.5130958557 0.8583313130 True True True False
PassengerCar 1.00 3 -1 0.00 253.00 0.00 720.00 1.34 1.55 3.32 -3.85 1.33 5.75 -2.561 0.000 0.000 -0.991 1.00 0.0000000000 0.0000000000 -0.4753200994 0.8798129364 True False True False
PassengerCar 0.00 3 -1 836.00 314.00 1051.00 390.00 1.49 1.80 4.17 5.85 2.65 49.16 -0.387 0.000 0.000 1.184 1.00 0.0000000000 0.0000000000 0.5581033941 0.8297714152 True True True False
PassengerCar 0.21 3 -1 933.00 304.00 1280.00 462.00 1.50 1.76 3.96 4.88 1.94 23.54 -0.325 0.000 -0.015 1.246 1.00 0.0044730315 -0.0062284568 0.5833031286 0.8122183564 True True True False
PassengerCar 0.00 3 -1 755.00 314.00 954.00 385.00 1.53 1.99 4.17 4.36 2.81 54.08 -0.371 0.000 0.000 1.200 1.00 0.0000000000 0.0000000000 0.5645958257 0.8253675264 True True True True
Vehicle 0.00 3 -1 778.00 301.00 933.00 363.00 1.58 1.74 4.23 5.16 2.71 63.42 -0.713 0.000 0.000 0.858 1.00 0.0000000000 0.0000000000 0.4160146074 0.9093579309 True True True True
Pedestrian 0.00 0 -1 771.00 240.00 861.00 485.00 1.89 0.66 0.69 1.16 1.73 18.24 -1.571 0.000 0.000 0.000 1.00 0.0000000000 0.0000000000 0.0000000000 1.0000000000 True True True False
Pedestrian 0.00 0 -1 883.00 259.00 980.00 487.00 1.73 0.68 0.64 2.03 1.72 17.94 -1.554 0.000 0.000 0.017 1.00 0.0000000000 0.0000000000 0.0082711904 0.9999657931 True True True False
Pedestrian 0.08 1 -1 598.00 303.00 614.00 355.00 1.55 0.46 0.43 -1.85 2.85 70.29 1.511 0.000 0.000 3.082 1.00 0.0000000000 0.0000000000 0.9995577972 0.0297356687 True True True False
Pedestrian 0.00 3 -1 817.00 285.00 869.00 422.00 1.65 0.59 0.47 2.14 1.96 28.31 -1.571 0.000 0.000 0.000 1.00 0.0000000000 0.0000000000 0.0000000000 1.0000000000 True True True False
