PassengerCar 0.90 0 -1 1167.00 254.00 1280.00 720.00 1.43 1.81 4.05 3.11 1.42 8.17 1.568 0.000 0.000 3.138 1.00 0.0000000000 0.0000000000 0.9999987536 0.0015788671 True True True False
PassengerCar 0.55 1 -1 1034.00 276.00 1280.00 588.00 1.46 1.81 4.01 3.32 1.55 12.92 -1.601 0.000 0.000 -0.030 1.00 0.0000000000 0.0000000000 -0.0151389890 0.9998853989 True True True False
PassengerCar 0.00 1 -1 935.00 208.00 1277.00 486.00 1.99 1.91 4.10 3.39 1.63 18.71 -1.588 0.000 0.000 -0.018 1.00 0.0000000000 0.0000000000 -0.0087805602 0.9999614501 True True True False
PassengerCar 0.00 0 -1 223.00 244.00 517.00 486.00 1.55 1.90 3.76 -2.15 1.50 17.75 1.509 -0.058 0.000 3.080 1.00 -0.0011062851 -0.0292250796 0.9990985386 0.0307698059 True True True False
PassengerCar 0.76 0 -1 0.00 257.00 159.00 621.00 1.45 1.81 4.17 -3.84 1.46 11.38 1.564 0.000 0.000 3.135 1.00 0.0000000000 0.0000000000 0.9999948179 0.0032193567 True True True False
PassengerCar 0.00 0 -1 818.00 282.00 930.00 377.00 1.70 2.00 4.10 3.83 2.10 43.62 -1.506 -0.000 -0.008 0.065 1.00 0.0000941242 -0.0038541972 0.0322455906 0.9994725400 True True True False
PassengerCar 0.00 0 -1 601.00 294.00 693.00 371.00 1.49 1.83 4.02 -0.39 2.24 49.26 -4.696 0.015 0.005 -3.125 1.00 0.0025017878 -0.0072880742 -0.9999366026 0.0082107192 True True True False
PassengerCar 0.00 3 -1 632.00 292.00 721.00 360.00 1.50 1.84 4.00 0.25 2.25 54.46 -4.645 0.000 0.000 -3.074 1.00 0.0000000000 0.0000000000 -0.9994315342 0.0337136238 True True True False
PassengerCar_is_group 0.00 3 -1 656.00 295.00 735.00 355.00 1.49 1.81 4.02 0.76 2.39 60.14 -4.642 -0.001 -0.015 -3.071 1.00 -0.0073087544 0.0002582446 -0.9993496252 0.0353106512 True True True False
PassengerCar 0.00 0 -1 711.70 294.41 757.34 346.02 -1.00 -1.00 -1.00 -1000.00 -1000.00 -1000.00 -1.000 -1.000 -1.000 -1.000 1.00 -1000.0000000000 -1000.0000000000 -1000.0000000000 -1000.0000000000 True True False False
PassengerCar 0.00 0 -1 715.00 290.00 773.00 341.00 1.64 1.82 4.04 2.61 2.62 77.87 -4.653 0.000 0.000 -3.083 1.00 0.0000000000 0.0000000000 -0.9995639014 0.0295297636 True True True False
PassengerCar 0.00 2 -1 805.18 296.11 846.61 334.41 -1.00 -1.00 -1.00 -1000.00 -1000.00 -1000.00 -1.000 -1.000 -1.000 -1.000 1.00 -1000.0000000000 -1000.0000000000 -1000.0000000000 -1000.0000000000 True True False False
PassengerCar 0.00 2 -1 193.00 275.00 434.00 428.00 1.40 1.61 3.37 -3.59 1.54 23.13 1.177 0.000 0.000 2.748 1.00 0.0000000000 0.0000000000 0.9807158459 0.1954390689 True True True True
PassengerCar 0.00 0 -1 747.48 292.68 786.54 333.92 -1.00 -1.00 -1.00 -1000.00 -1000.00 -1000.00 -1.000 -1.000 -1.000 -1.000 1.00 -1000.0000000000 -1000.0000000000 -1000.0000000000 -1000.0000000000 True True False False
Pedestrian 0.05 0 -1 929.00 283.00 955.00 349.00 1.80 0.65 0.69 7.57 2.43 63.96 -1.556 0.000 0.000 0.014 1.00 0.0000000000 0.0000000000 0.0072296709 0.9999738656 True True True False
