PassengerCar 0.00 0 -1 798.00 280.00 860.00 331.00 1.57 1.90 4.39 5.09 2.18 73.35 -1.509 0.000 0.000 0.062 1.00 0.0000000000 0.0000000000 0.0308500340 0.9995240244 True True True False
PassengerCar 0.00 0 -1 417.00 271.00 565.00 379.00 1.35 1.67 3.23 -2.40 1.53 32.38 -4.676 -0.030 0.013 -3.105 1.00 0.0062722301 0.0152661238 -0.9996953408 0.0183529346 True True True False
PassengerCar 0.21 0 -1 0.00 253.00 311.00 485.00 1.42 1.81 4.21 -3.78 1.38 16.65 1.564 0.017 0.010 3.135 1.00 -0.0048327198 0.0085886920 0.9999454634 0.0034567913 True True True False
PassengerCar 0.00 0 -1 291.00 290.00 402.00 363.00 1.50 1.81 3.90 -7.48 2.26 54.50 -4.645 -0.009 0.026 -3.074 1.00 0.0130022541 0.0047385879 -0.9993374627 0.0336618896 True True True False
PassengerCar 1.00 3 -1 1280.00 253.00 1280.00 482.00 1.41 1.83 4.13 6.73 1.42 17.60 -1.571 0.065 0.007 -0.000 1.00 0.0322729642 0.0033023380 -0.0001308827 0.9994736281 True False True False
PassengerCar 0.49 0 -1 1154.00 261.00 1280.00 401.00 1.41 1.71 4.01 6.96 1.50 26.95 -1.571 0.056 -0.015 0.000 1.00 0.0278817397 -0.0072989903 0.0002035931 0.9995845596 True True True False
PassengerCar 0.10 1 -1 1100.00 264.00 1280.00 398.00 1.60 1.80 4.42 7.35 1.72 32.51 -1.542 0.048 0.019 0.028 1.00 0.0238228162 0.0097918859 0.0140139433 0.9995700084 True True True False
PassengerCar 0.00 1 -1 1033.00 269.00 1169.00 363.00 1.49 1.80 3.99 7.63 1.69 41.14 -1.517 0.035 0.007 0.053 1.00 0.0173988848 0.0039376774 0.0266125568 0.9994866409 True True True False
PassengerCar 0.00 2 -1 1003.00 269.00 1131.00 352.00 1.49 1.82 4.13 8.05 1.73 47.09 -1.571 0.042 0.014 0.000 1.00 0.0208092769 0.0070460314 -0.0001466582 0.9997586238 True True True False
PassengerCar 0.00 2 -1 974.00 268.00 1087.00 342.00 1.65 2.04 4.20 8.59 1.85 55.22 -1.571 0.001 0.014 0.000 1.00 0.0006084601 0.0069233357 -0.0000042127 0.9999758483 True True True False
PassengerCar 0.00 3 -1 958.00 282.00 1046.00 342.00 1.50 1.84 4.10 8.94 2.11 62.27 -1.555 -0.003 0.009 0.016 1.00 -0.0013141597 0.0045709503 0.0078824370 0.9999576224 True True True False
PassengerCar 0.00 3 -1 935.00 283.00 1016.00 335.00 1.45 1.80 4.20 8.99 2.12 67.90 -1.571 -0.010 0.000 0.000 1.00 -0.0052035889 0.0000000000 0.0000000000 0.9999864612 True True True False
PassengerCar 0.00 2 -1 911.72 285.25 975.94 327.55 -1.00 -1.00 -1.00 -1000.00 -1000.00 -1000.00 -1.000 -1.000 -1.000 -1.000 1.00 -1000.0000000000 -1000.0000000000 -1000.0000000000 -1000.0000000000 True True False False
PassengerCar 0.00 1 -1 838.12 286.45 891.84 325.12 -1.00 -1.00 -1.00 -1000.00 -1000.00 -1000.00 -1.000 -1.000 -1.000 -1.000 1.00 -1000.0000000000 -1000.0000000000 -1000.0000000000 -1000.0000000000 True True False False
PassengerCar 0.00 2 -1 893.91 285.39 926.34 311.52 -1.00 -1.00 -1.00 -1000.00 -1000.00 -1000.00 -1.000 -1.000 -1.000 -1.000 1.00 -1000.0000000000 -1000.0000000000 -1000.0000000000 -1000.0000000000 True True False False
PassengerCar 0.00 2 -1 337.20 291.86 414.75 341.80 -1.00 -1.00 -1.00 -1000.00 -1000.00 -1000.00 -1.000 -1.000 -1.000 -1.000 1.00 -1000.0000000000 -1000.0000000000 -1000.0000000000 -1000.0000000000 False True False False
