PassengerCar 1.00 3 -1 0.00 296.00 0.00 424.00 1.50 1.77 4.06 -11.79 1.97 29.83 -4.636 0.000 0.000 -3.065 1.00 0.0000000000 0.0000000000 -0.9992654619 0.0383214919 True True True False
PassengerCar 0.61 3 -1 0.00 291.00 75.00 390.00 1.55 1.83 4.07 -11.43 2.07 38.90 -4.676 0.000 0.000 -3.105 1.00 0.0000000000 0.0000000000 -0.9998346871 0.0181823655 True False True False
PassengerCar 0.00 0 -1 104.00 271.00 265.00 377.00 1.79 1.95 4.43 -8.88 2.03 43.06 -4.699 0.032 -0.000 -3.128 1.00 -0.0001088728 -0.0158584537 -0.9998506771 0.0068644850 True True True False
PassengerCar 0.00 0 -1 230.00 218.00 445.00 377.00 2.33 2.39 6.08 -5.26 1.74 38.03 -4.678 0.027 -0.001 -3.107 1.00 -0.0002279217 -0.0132625751 -0.9997643991 0.0171813401 True True True False
PassengerCar 0.00 0 -1 443.00 272.00 542.00 339.00 1.59 1.80 3.83 -4.27 1.88 57.31 -4.618 0.000 0.000 -3.047 1.00 0.0000000000 0.0000000000 -0.9988868143 0.0471713064 True True True False
PassengerCar 0.00 1 -1 501.09 283.30 572.51 334.28 -1.00 -1.00 -1.00 -1000.00 -1000.00 -1000.00 -1.000 -1.000 -1.000 -1.000 1.00 -1000.0000000000 -1000.0000000000 -1000.0000000000 -1000.0000000000 True True False False
PassengerCar 0.00 1 -1 553.06 281.75 612.64 322.29 -1.00 -1.00 -1.00 -1000.00 -1000.00 -1000.00 -1.000 -1.000 -1.000 -1.000 1.00 -1000.0000000000 -1000.0000000000 -1000.0000000000 -1000.0000000000 True True False False
PassengerCar 0.00 0 -1 873.00 270.00 996.00 363.00 1.57 1.84 3.99 4.69 1.77 41.17 -1.538 -0.000 -0.015 0.032 1.00 -0.0001181048 -0.0072976645 0.0161813613 0.9998424344 True True True False
PassengerCar 0.00 0 -1 858.00 278.00 968.00 354.00 1.52 1.85 4.09 5.06 1.88 48.33 -1.571 0.000 0.000 0.000 1.00 0.0000000000 0.0000000000 0.0000000000 1.0000000000 True True True False
PassengerCar 0.00 0 -1 846.00 275.00 934.00 342.00 1.52 1.80 3.82 5.16 1.89 54.16 -1.533 0.000 -0.021 0.038 1.00 0.0001984988 -0.0104954778 0.0189083679 0.9997661122 True True True False
PassengerCar 0.00 2 -1 797.97 277.05 843.93 326.66 -1.00 -1.00 -1.00 -1000.00 -1000.00 -1000.00 -1.000 -1.000 -1.000 -1.000 1.00 -1000.0000000000 -1000.0000000000 -1000.0000000000 -1000.0000000000 True True False True
Vehicle 0.00 0 -1 817.00 211.00 933.00 339.00 3.11 2.46 5.54 5.32 1.93 60.16 -1.571 0.015 0.000 0.000 1.00 0.0073357093 0.0000000000 0.0000000000 0.9999730933 False False True False
