PassengerCar 0.00 2 -1 1039.00 342.00 1143.00 417.00 1.34 1.64 3.88 8.13 2.94 44.35 -1.315 0.012 -0.045 0.255 1.00 0.0088638008 -0.0216238182 0.1274932378 0.9915640765 True True True False
PassengerCar 0.00 2 -1 921.00 331.00 1068.00 443.00 1.50 1.88 3.86 4.91 2.58 34.39 -1.359 -0.004 -0.010 0.212 1.00 -0.0014512001 -0.0051268545 0.1058330322 0.9943696389 True True True False
PassengerCar 0.00 2 -1 860.00 329.00 1063.00 453.00 1.38 1.70 4.21 3.63 2.22 28.09 -1.265 0.009 -0.026 0.306 1.00 0.0063799191 -0.0123545549 0.1524560525 0.9882124335 True True True False
PassengerCar 0.00 2 -1 741.00 322.00 990.00 478.00 1.41 1.81 4.19 2.14 2.08 23.88 -1.307 0.023 -0.019 0.264 1.00 0.0124942481 -0.0076879542 0.1315698385 0.9911983488 True True True False
PassengerCar 0.00 1 -1 639.00 321.00 937.00 510.00 1.33 1.58 4.16 1.09 1.84 18.68 -1.323 0.022 -0.028 0.248 1.00 0.0126182363 -0.0125471825 0.1239424229 0.9921298424 True True True False
PassengerCar 0.00 1 -1 306.00 241.00 842.00 573.00 1.62 1.91 4.21 -0.35 1.60 13.66 -1.290 0.002 -0.023 0.280 1.00 0.0026748330 -0.0111412201 0.1397284369 0.9901235693 True True True False
PassengerCar 0.00 3 -1 28.00 253.00 615.00 658.00 1.45 1.44 3.22 -1.32 1.45 10.06 -1.357 0.023 -0.005 0.214 1.00 0.0118355643 -0.0012723986 0.1068828740 0.9942003579 True True True False
PassengerCar 0.00 2 -1 990.00 323.00 1122.00 427.00 1.64 1.82 4.07 6.84 2.78 40.56 -1.311 0.044 -0.031 0.260 1.00 0.0238917254 -0.0126043641 0.1298328824 0.9911678658 True True True False
PassengerCar 0.00 2 -1 1067.00 345.00 1169.00 413.00 1.34 1.90 4.21 9.67 3.18 49.62 -1.334 0.019 -0.036 0.237 1.00 0.0117847042 -0.0166464245 0.1182962651 0.9927688608 True True True False
PassengerCar 0.00 3 -1 1103.00 351.00 1187.00 410.00 1.33 1.81 4.10 11.61 3.55 56.28 -1.328 0.015 -0.034 0.243 1.00 0.0097011544 -0.0157342613 0.1212348605 0.9924517264 True True True False
Pedestrian 0.00 0 -1 431.00 150.00 606.00 720.00 1.62 0.47 0.38 -0.43 1.31 6.66 -3.503 0.000 0.000 -1.932 1.00 0.0000000000 0.0000000000 -0.8225731922 0.5686592508 True True True False
Pedestrian 0.08 0 -1 202.00 132.00 476.00 720.00 1.57 0.56 0.56 -0.87 1.25 6.12 -3.615 0.000 0.000 -2.044 1.00 0.0000000000 0.0000000000 -0.8530928112 0.5217591930 True True True False
Pedestrian 0.12 0 -1 74.00 0.00 320.00 720.00 1.80 0.61 0.47 -1.12 1.18 5.50 -3.527 0.000 0.000 -1.956 1.00 0.0000000000 0.0000000000 -0.8293964242 0.5586605155 True True True False
Pedestrian 0.54 1 -1 0.00 193.00 64.00 651.00 1.54 0.39 0.31 -2.34 1.31 8.06 -3.912 0.004 0.001 -2.342 1.00 0.0013306499 -0.0015359103 -0.9210516621 0.3894351114 True False True False
Pedestrian 1.00 3 -1 0.00 124.00 0.00 708.00 1.84 0.54 0.48 -2.47 1.41 7.61 -3.354 0.000 0.000 -1.783 1.00 0.0000000000 0.0000000000 -0.7781105245 0.6281273849 True False True False
Pedestrian 0.31 0 -1 1203.00 293.00 1280.00 471.00 1.67 0.62 0.84 5.68 1.99 22.34 -3.328 0.000 0.000 -1.757 1.00 0.0000000000 0.0000000000 -0.7697781704 0.6383114979 True True True False
Pedestrian 0.00 0 -1 207.00 95.00 430.00 720.00 1.75 0.50 0.59 -1.01 1.30 6.68 -3.378 0.000 0.000 -1.807 1.00 0.0000000000 0.0000000000 -0.7855413780 0.6188091333 True True True True
Pedestrian 1.00 3 -1 0.00 190.00 0.00 709.00 1.67 0.45 0.32 -2.84 1.44 7.71 -3.415 0.000 0.000 -1.845 1.00 0.0000000000 0.0000000000 -0.7969912179 0.6039908928 True False True False
Pedestrian 1.00 3 -1 0.00 163.00 0.00 720.00 1.68 0.44 0.40 -3.03 1.39 7.24 -3.154 0.000 0.000 -1.583 1.00 0.0000000000 0.0000000000 -0.7113972905 0.7027900790 True False True False
Pedestrian_is_group 1.00 3 -1 0.00 140.00 0.00 715.00 1.92 2.57 1.19 -3.48 1.53 9.15 -3.406 0.000 0.000 -1.836 1.00 0.0000000000 0.0000000000 -0.7942925854 0.6075354218 True False True False
Pedestrian 0.38 3 -1 0.00 176.00 84.00 641.00 1.81 0.97 0.51 -2.69 1.48 9.57 -3.424 0.000 0.000 -1.853 1.00 0.0000000000 0.0000000000 -0.7996285535 0.6004949428 True False True False
