PassengerCar 0.75 0 -1 0.00 25.00 349.00 720.00 1.83 1.90 4.49 -2.45 1.32 7.58 -1.499 0.000 0.000 0.072 1.00 0.0000000000 0.0000000000 0.0360350777 0.9993505257 True True True False
PassengerCar 0.00 2 -1 83.00 235.00 501.00 527.00 1.50 1.82 4.71 -2.13 1.40 14.51 -1.571 -0.017 0.000 0.000 1.00 -0.0086629079 0.0000000000 0.0000000000 0.9999624763 True True True False
PassengerCar 0.00 2 -1 288.00 234.00 563.00 446.00 1.65 1.87 4.20 -1.98 1.46 20.24 -1.548 0.000 0.000 0.023 1.00 0.0000000000 0.0000000000 0.0112513717 0.9999367013 True True True False
PassengerCar 0.00 3 -1 386.00 249.00 575.00 407.00 1.66 1.84 3.87 -2.05 1.56 26.39 -1.571 0.000 -0.004 0.000 1.00 0.0000000000 -0.0017970945 0.0000000000 0.9999983852 True True True False
PassengerCar 1.00 3 -1 1280.00 0.00 1280.00 720.00 1.89 2.18 5.07 3.16 1.34 4.67 -1.571 -0.007 0.000 0.000 1.00 -0.0032862301 0.0000000000 0.0000000000 0.9999946003 True True True False
PassengerCar 0.71 2 -1 1080.00 194.00 1280.00 618.00 1.73 1.87 4.32 3.51 1.45 11.70 -1.628 0.000 0.010 -0.057 1.00 0.0002250082 0.0049157843 -0.0284341108 0.9995835562 True True True False
PassengerCar 0.00 1 -1 927.00 285.00 1246.00 478.00 1.33 1.74 4.40 3.22 1.55 18.69 -1.571 -0.024 -0.002 0.000 1.00 -0.0119088009 -0.0010040995 -0.0000119585 0.9999285835 True True True False
PassengerCar 0.00 2 -1 890.00 281.00 1087.00 422.00 1.42 1.69 2.90 3.37 1.63 24.84 -1.576 0.000 0.000 -0.005 1.00 0.0000000000 0.0000000000 -0.0025681906 0.9999967022 True True True False
PassengerCar 0.00 2 -1 856.00 257.00 1061.00 412.00 1.75 1.97 4.51 3.49 1.73 28.63 -1.569 0.000 0.000 0.002 1.00 0.0000000000 0.0000000000 0.0008333401 0.9999996528 True True True False
PassengerCar 0.00 3 -1 813.00 296.00 976.00 360.00 1.52 1.86 3.85 5.49 2.37 56.09 -3.043 0.000 0.000 -1.472 1.00 0.0000000000 0.0000000000 -0.6713842707 0.7411094123 True True True False
PassengerCar 0.00 3 -1 632.00 298.00 810.00 358.00 1.50 1.84 4.51 1.37 2.47 59.77 -3.135 0.000 0.000 -1.564 1.00 0.0000000000 0.0000000000 -0.7047034075 0.7095020137 True True True False
PassengerCar 0.00 3 -1 700.54 292.75 753.59 330.66 -1.00 -1.00 -1.00 -1000.00 -1000.00 -1000.00 -1.000 -1.000 -1.000 -1.000 1.00 -1000.0000000000 -1000.0000000000 -1000.0000000000 -1000.0000000000 True True False False
PassengerCar 0.00 2 -1 773.89 284.70 817.95 333.97 -1.00 -1.00 -1.00 -1000.00 -1000.00 -1000.00 -1.000 -1.000 -1.000 -1.000 1.00 -1000.0000000000 -1000.0000000000 -1000.0000000000 -1000.0000000000 True True False False
PassengerCar 0.00 2 -1 814.11 286.12 870.43 334.45 -1.00 -1.00 -1.00 -1000.00 -1000.00 -1000.00 -1.000 -1.000 -1.000 -1.000 1.00 -1000.0000000000 -1000.0000000000 -1000.0000000000 -1000.0000000000 True True False False
Obstacle 0.00 3 -1 1075.00 275.00 1110.00 398.00 1.76 0.44 0.40 6.14 1.97 33.48 -4.671 0.000 0.000 -3.100 1.00 0.0000000000 0.0000000000 -0.9997824499 0.0208579217 True False True False
Obstacle 0.00 3 -1 1038.00 271.00 1078.00 401.00 1.83 0.47 0.45 5.53 1.98 32.86 0.383 0.000 0.000 1.954 1.00 0.0000000000 0.0000000000 0.8287767571 0.5595793839 True False True False
Obstacle 0.00 3 -1 1154.00 245.00 1211.00 378.00 1.50 0.55 0.43 5.83 1.32 26.32 -1.571 0.000 0.000 0.000 1.00 0.0000000000 0.0000000000 0.0000000000 1.0000000000 False False True False
Obstacle 0.00 3 -1 692.02 294.17 706.21 342.49 -1.00 -1.00 -1.00 -1000.00 -1000.00 -1000.00 -1.000 -1.000 -1.000 -1.000 1.00 -1000.0000000000 -1000.0000000000 -1000.0000000000 -1000.0000000000 True True False False
Pedestrian 0.00 2 -1 845.00 273.00 888.00 392.00 1.65 0.67 0.55 2.81 1.83 32.79 0.010 0.000 0.000 1.581 1.00 0.0000000000 0.0000000000 0.7105565345 0.7036401148 True True True False
Pedestrian 0.00 1 -1 578.00 266.00 646.00 398.00 1.85 0.64 0.96 -0.78 1.92 32.82 -0.021 0.000 0.000 1.550 1.00 0.0000000000 0.0000000000 0.6997056946 0.7144312010 True True True False
Pedestrian 0.00 0 -1 604.00 274.00 668.00 388.00 1.57 0.43 0.88 -0.44 1.75 32.28 -0.028 0.000 0.000 1.543 1.00 0.0000000000 0.0000000000 0.6970615284 0.7170113149 True True True False
Pedestrian_is_group 0.00 1 -1 705.00 265.00 776.00 394.00 1.83 2.02 0.81 1.06 1.89 33.97 -3.220 0.006 0.000 -1.649 1.00 0.0022816540 -0.0021104067 -0.7341157530 0.6790172320 True True True False
Pedestrian_is_group 0.00 0 -1 729.00 272.00 797.00 399.00 1.76 0.61 0.90 1.34 1.92 32.53 -0.037 0.000 0.000 1.534 1.00 0.0000000000 0.0000000000 0.6939191118 0.7200529608 True True True False
