PassengerCar 0.00 0 -1 167.00 268.00 491.00 443.00 1.32 1.90 4.05 -2.70 1.38 19.50 -4.649 0.000 0.000 -3.078 1.00 0.0000000000 0.0000000000 -0.9994903116 0.0319236130 True True True False
PassengerCar 0.00 2 -1 927.00 269.00 1058.00 349.00 1.50 1.81 4.37 6.31 1.66 45.43 -1.605 0.000 0.000 -0.034 1.00 0.0000000000 0.0000000000 -0.0169846239 0.9998557509 True True True False
PassengerCar 0.00 3 -1 913.00 277.00 1024.00 350.00 1.49 1.79 3.82 6.44 1.85 49.95 -1.596 0.000 0.000 -0.025 1.00 0.0000000000 0.0000000000 -0.0124182829 0.9999228902 True True True False
PassengerCar 0.00 3 -1 886.00 265.00 988.00 342.00 1.74 1.91 4.21 6.31 1.85 54.62 -1.571 0.000 0.000 0.000 1.00 0.0000000000 0.0000000000 0.0000000000 1.0000000000 True True True False
PassengerCar 0.00 0 -1 825.09 269.23 887.19 320.08 -1.00 -1.00 -1.00 -1000.00 -1000.00 -1000.00 -1.000 -1.000 -1.000 -1.000 1.00 -1000.0000000000 -1000.0000000000 -1000.0000000000 -1000.0000000000 True True False False
PassengerCar 0.00 0 -1 782.93 278.71 830.36 319.24 -1.00 -1.00 -1.00 -1000.00 -1000.00 -1000.00 -1.000 -1.000 -1.000 -1.000 1.00 -1000.0000000000 -1000.0000000000 -1000.0000000000 -1000.0000000000 True True False False
PassengerCar 0.00 2 -1 599.48 283.76 652.15 326.30 -1.00 -1.00 -1.00 -1000.00 -1000.00 -1000.00 -1.000 -1.000 -1.000 -1.000 1.00 -1000.0000000000 -1000.0000000000 -1000.0000000000 -1000.0000000000 True True False False
PassengerCar 1.00 3 -1 1280.00 0.00 1280.00 720.00 1.23 2.00 4.47 2.79 1.10 3.24 -1.507 0.000 0.000 0.064 1.00 0.0000000000 0.0000000000 0.0317501107 0.9994958381 True False True False
PassengerCar 0.00 0 -1 560.00 286.00 635.00 345.00 1.50 1.80 3.70 -1.82 2.18 61.74 -4.693 0.000 0.000 -3.123 1.00 0.0000000000 0.0000000000 -0.9999551201 0.0094740538 True True True False
Pedestrian 0.28 0 -1 1251.00 236.00 1280.00 361.00 1.67 0.58 0.34 8.13 1.35 31.32 -0.058 0.000 0.000 1.513 1.00 0.0000000000 0.0000000000 0.6863627369 0.7272593715 True True True False
Pedestrian 0.00 2 -1 1198.00 237.00 1245.00 362.00 1.68 0.48 0.58 7.50 1.36 31.45 -1.622 0.000 0.000 -0.051 1.00 0.0000000000 0.0000000000 -0.0254575563 0.9996759039 True False True False
Pedestrian 0.00 1 -1 448.00 268.00 474.00 344.00 1.71 0.53 0.51 -4.66 1.88 52.58 -1.571 0.000 0.000 0.000 1.00 0.0000000000 0.0000000000 0.0000000000 1.0000000000 True True True False
Pedestrian 0.05 0 -1 472.00 274.00 498.00 347.00 1.64 0.52 0.53 -4.10 1.93 52.31 -1.571 0.000 0.000 0.000 1.00 0.0000000000 0.0000000000 0.0000000000 1.0000000000 True True True False
