PassengerCar 0.06 0 -1 967.00 271.00 1280.00 463.00 1.40 1.98 4.01 3.65 1.49 18.91 -1.546 0.000 0.000 0.025 1.00 0.0000000000 0.0000000000 0.0125539406 0.9999211962 True True True False
PassengerCar 1.00 3 -1 1280.00 260.00 1280.00 490.00 1.37 1.81 3.77 6.30 1.43 16.95 -1.516 0.051 0.015 0.055 1.00 0.0251828370 0.0083979240 0.0273488547 0.9992734059 True False True False
PassengerCar 0.79 3 -1 1223.00 260.00 1280.00 424.00 1.38 1.64 3.56 6.85 1.45 23.43 -1.541 0.065 0.018 0.030 1.00 0.0323363335 0.0095852099 0.0145367087 0.9993253571 True False True False
PassengerCar 0.23 3 -1 1140.00 263.00 1280.00 395.00 1.45 1.35 3.36 6.91 1.54 28.77 -1.554 0.068 -0.001 0.017 1.00 0.0339252078 -0.0002887976 0.0085075643 0.9993881219 True False True False
PassengerCar 0.00 0 -1 744.31 284.87 797.29 331.89 -1.00 -1.00 -1.00 -1000.00 -1000.00 -1000.00 -1.000 -1.000 -1.000 -1.000 1.00 -1000.0000000000 -1000.0000000000 -1000.0000000000 -1000.0000000000 True True False False
PassengerCar 0.00 0 -1 820.17 286.80 861.32 321.10 -1.00 -1.00 -1.00 -1000.00 -1000.00 -1000.00 -1.000 -1.000 -1.000 -1.000 1.00 -1000.0000000000 -1000.0000000000 -1000.0000000000 -1000.0000000000 True True False False
PassengerCar 0.00 2 -1 858.63 293.27 903.76 317.43 -1.00 -1.00 -1.00 -1000.00 -1000.00 -1000.00 -1.000 -1.000 -1.000 -1.000 1.00 -1000.0000000000 -1000.0000000000 -1000.0000000000 -1000.0000000000 True True False False
PassengerCar 0.00 2 -1 907.08 282.54 952.84 322.51 -1.00 -1.00 -1.00 -1000.00 -1000.00 -1000.00 -1.000 -1.000 -1.000 -1.000 1.00 -1000.0000000000 -1000.0000000000 -1000.0000000000 -1000.0000000000 True True False False
PassengerCar 0.00 2 -1 943.00 270.00 1014.00 341.00 2.01 1.98 4.50 9.07 2.29 68.03 -1.457 0.000 0.000 0.114 1.00 0.0000000000 0.0000000000 0.0569612657 0.9983763890 True True True False
PassengerCar 0.00 2 -1 968.00 266.00 1066.00 352.00 1.94 1.75 4.14 8.43 2.11 56.26 -1.555 0.033 -0.001 0.016 1.00 0.0162702132 -0.0001264627 0.0077713896 0.9998374216 True True True False
PassengerCar 0.00 3 -1 1039.00 238.00 1199.00 371.00 1.96 1.95 4.22 7.52 1.69 39.02 -1.514 0.080 -0.002 0.057 1.00 0.0401163662 0.0001439527 0.0282938504 0.9987943304 True True True False
PassengerCar_is_group 0.00 3 -1 981.00 272.00 1149.00 366.00 1.69 2.02 9.72 8.12 1.98 48.44 -1.544 0.042 -0.001 0.026 1.00 0.0210255702 -0.0002771260 0.0131763698 0.9996920685 True True True False
DontCare 0.00 -1 -1 228.00 278.00 566.00 375.00 1.50 2.51 39.94 -5.14 1.94 56.63 -4.686 -0.008 0.000 -3.115 1.00 0.0000519123 0.0039153873 -0.9999044514 0.0132572669 False False False False
DontCare 1.00 3 -1 0.00 281.00 0.00 408.00 1.33 1.82 4.17 -10.01 1.59 27.11 -4.680 0.010 -0.000 -3.109 1.00 -0.0000827632 -0.0050787675 -0.9998543495 0.0162935280 False False False False
DontCare 0.00 -1 -1 793.21 299.03 821.41 315.45 -1.00 -1.00 -1.00 -1000.00 -1000.00 -1000.00 -1.000 -1.000 -1.000 -1.000 1.00 -1000.0000000000 -1000.0000000000 -1000.0000000000 -1000.0000000000 False False False False
Obstacle 1.00 3 -1 1280.00 225.00 1280.00 373.00 1.58 0.38 0.47 10.19 1.20 25.07 1.515 0.000 0.000 3.086 1.00 0.0000000000 0.0000000000 0.9996068483 0.0280383460 True False True False
Obstacle 1.00 3 -1 1280.00 232.00 1280.00 351.00 1.71 0.42 0.39 12.79 1.30 33.47 -1.560 0.000 0.000 0.011 1.00 0.0000000000 0.0000000000 0.0054847398 0.9999849587 True False True False
Obstacle 1.00 3 -1 1280.00 245.00 1280.00 323.00 1.16 0.27 0.31 11.96 0.93 34.79 -1.571 0.000 0.000 0.000 1.00 0.0000000000 0.0000000000 0.0000000000 1.0000000000 True False True False
Obstacle 1.00 3 -1 1280.00 240.00 1280.00 321.00 1.18 0.30 0.37 12.08 0.88 34.40 -1.571 0.017 0.000 0.000 1.00 0.0086558609 0.0000000000 0.0000000000 0.9999625373 True False True False
Obstacle 1.00 3 -1 1280.00 244.00 1280.00 340.00 1.37 0.37 0.36 10.01 1.14 33.66 -1.571 0.035 0.000 0.000 1.00 0.0173879958 0.0000000000 0.0000000000 0.9998488174 True False True False
Obstacle 0.00 3 -1 1247.00 252.00 1275.00 318.00 1.05 0.34 0.41 9.48 0.91 37.07 -1.571 0.000 0.000 0.000 1.00 0.0000000000 0.0000000000 0.0000000000 1.0000000000 True False True True
Obstacle 1.00 3 -1 1280.00 251.00 1280.00 333.00 1.36 0.89 0.66 10.92 1.21 38.99 -1.595 -0.003 -0.005 -0.024 1.00 -0.0016910382 -0.0025975608 -0.0120028316 0.9999231596 True False True False
Obstacle 1.00 3 -1 1280.00 239.00 1280.00 320.00 1.25 0.29 0.23 12.29 0.92 35.82 -1.571 0.000 0.000 0.000 1.00 0.0000000000 0.0000000000 0.0000000000 1.0000000000 True False True False
Pedestrian 0.00 0 -1 886.17 283.94 898.92 324.38 -1.00 -1.00 -1.00 -1000.00 -1000.00 -1000.00 -1.000 -1.000 -1.000 -1.000 1.00 -1000.0000000000 -1000.0000000000 -1000.0000000000 -1000.0000000000 True True False False
