PassengerCar 0.00 0 -1 479.00 198.00 972.00 629.00 1.45 1.66 4.17 0.20 1.25 9.92 -1.571 0.000 0.005 0.000 1.00 0.0000000000 0.0026021619 0.0000000000 0.9999966144 True True True False
PassengerCar 0.00 3 -1 558.00 204.00 846.00 485.00 1.83 1.88 4.02 0.23 1.48 17.22 -1.571 0.000 0.000 0.000 1.00 0.0000000000 0.0000000000 0.0000000000 1.0000000000 True True True False
PassengerCar 0.00 0 -1 160.00 243.00 440.00 457.00 1.56 1.79 3.83 -2.87 1.43 18.88 -1.605 0.001 0.007 -0.034 1.00 0.0003264389 0.0034348564 -0.0169061815 0.9998511270 True True True False
PassengerCar 0.00 1 -1 356.00 249.00 526.00 403.00 1.72 1.78 4.08 -2.66 1.61 28.08 -1.603 0.000 0.000 -0.032 1.00 0.0000000000 0.0000000000 -0.0158856518 0.9998738151 True True True False
PassengerCar 0.00 2 -1 446.00 269.00 569.00 374.00 1.60 1.77 3.82 -2.60 1.76 38.43 -1.571 0.000 0.017 0.000 1.00 0.0000000000 0.0085319416 0.0000000000 0.9999636023 True True True False
PassengerCar 0.00 3 -1 505.00 280.00 595.00 352.00 1.41 1.75 3.83 -2.38 1.81 47.94 -1.590 0.000 0.000 -0.019 1.00 0.0000000000 0.0000000000 -0.0093675782 0.9999561233 True True True False
PassengerCar 0.81 1 -1 1149.00 162.00 1280.00 604.00 1.51 1.88 2.80 3.36 1.21 10.01 -1.571 0.066 0.006 0.000 1.00 0.0330208349 0.0029235216 -0.0000965902 0.9994503830 True True True False
PassengerCar 1.00 3 -1 1280.00 26.00 1280.00 720.00 1.55 1.98 3.95 3.53 1.25 5.03 -1.551 0.015 0.011 0.020 1.00 0.0075056476 0.0056442661 0.0099700126 0.9999061988 True False True False
PassengerCar 0.25 1 -1 960.00 216.00 1280.00 500.00 1.48 1.85 3.85 3.19 1.32 15.44 -1.577 0.093 0.001 -0.006 1.00 0.0463814955 0.0001486735 -0.0032019818 0.9989186564 True True True False
PassengerCar 0.00 2 -1 915.00 246.00 1208.00 451.00 1.50 1.81 3.93 3.36 1.47 20.52 -1.571 0.078 0.000 0.000 1.00 0.0388685423 0.0000000000 0.0000000000 0.9992443327 True True True False
PassengerCar 0.00 2 -1 876.00 257.00 1090.00 408.00 1.52 1.84 3.87 3.49 1.53 26.27 -1.571 0.031 0.000 0.000 1.00 0.0155210525 0.0000000000 0.0000000000 0.9998795412 True True True False
PassengerCar 0.00 3 -1 855.00 241.00 1030.00 384.00 1.77 1.84 4.19 3.71 1.56 31.98 -1.571 0.038 0.000 0.000 1.00 0.0189848427 0.0000000000 0.0000000000 0.9998197716 True True True False
Obstacle 1.00 3 -1 1280.00 180.00 1280.00 368.00 1.85 0.87 0.56 8.33 1.06 23.19 -1.571 0.000 0.000 0.000 1.00 0.0000000000 0.0000000000 0.0000000000 1.0000000000 False False True False
Obstacle 1.00 3 -1 1280.00 194.00 1280.00 372.00 1.86 0.60 0.53 7.77 1.17 24.48 -1.571 0.000 0.000 0.000 1.00 0.0000000000 0.0000000000 0.0000000000 1.0000000000 False False True False
Obstacle 1.00 3 -1 1280.00 202.00 1280.00 363.00 1.79 0.43 0.58 7.64 1.13 26.05 -1.571 0.000 0.000 0.000 1.00 0.0000000000 0.0000000000 0.0000000000 1.0000000000 False False True False
Obstacle 1.00 3 -1 1280.00 185.00 1280.00 370.00 2.01 0.45 0.53 8.35 1.19 25.59 -1.571 0.000 0.000 0.000 1.00 0.0000000000 0.0000000000 0.0000000000 1.0000000000 True False True False
Obstacle 1.00 3 -1 1280.00 210.00 1280.00 368.00 1.87 0.56 0.52 7.72 1.27 27.60 -1.571 0.000 0.000 0.000 1.00 0.0000000000 0.0000000000 0.0000000000 1.0000000000 True False False False
Obstacle 0.00 3 -1 1161.00 227.00 1202.00 307.00 1.15 0.14 0.57 7.45 0.67 33.64 0.373 0.000 0.000 1.944 1.00 0.0000000000 0.0000000000 0.8259579928 0.5637316685 True False True False
Obstacle 0.00 3 -1 1017.00 254.00 1043.00 345.00 1.74 0.44 0.33 6.95 1.61 44.51 -4.709 0.000 0.000 -3.138 1.00 0.0000000000 0.0000000000 -0.9999983036 0.0018419614 True False True False
Obstacle 0.00 3 -1 1031.00 252.00 1063.00 341.00 1.73 0.50 0.46 7.35 1.56 44.95 1.466 0.000 0.000 3.036 1.00 0.0000000000 0.0000000000 0.9986171650 0.0525714545 True False True False
Pedestrian_is_group 0.29 3 -1 1218.00 210.00 1280.00 343.00 1.92 1.17 0.63 8.71 1.19 34.06 -4.384 0.000 0.000 -2.813 1.00 0.0000000000 0.0000000000 -0.9865359223 0.1635447156 False False True False
