PassengerCar 0.80 0 -1 0.00 236.00 188.00 720.00 1.40 1.83 3.68 -3.03 1.34 8.43 -1.571 0.000 0.000 0.000 1.00 0.0000000000 0.0000000000 0.0000000000 1.0000000000 True True True False
PassengerCar 0.00 0 -1 412.00 284.00 549.00 385.00 1.41 1.83 4.03 -2.74 1.77 34.78 -1.599 0.000 0.000 -0.028 1.00 0.0000000000 0.0000000000 -0.0141666859 0.9998996475 True True True False
PassengerCar 0.00 0 -1 535.00 290.00 610.00 347.00 1.46 1.86 4.21 -2.52 2.27 62.45 -1.571 0.000 0.000 0.000 1.00 0.0000000000 0.0000000000 0.0000000000 1.0000000000 True True True False
PassengerCar 0.00 0 -1 617.00 282.00 768.00 399.00 1.40 1.82 4.25 0.31 1.69 30.23 -1.571 0.000 0.000 0.000 1.00 0.0000000000 0.0000000000 0.0000000000 1.0000000000 True True True False
PassengerCar 0.00 0 -1 1007.00 234.00 1227.00 376.00 1.65 1.86 4.38 5.88 1.39 30.88 -1.604 0.054 0.002 -0.034 1.00 0.0267631704 0.0004511096 -0.0168471772 0.9994997258 True True True False
PassengerCar 0.00 2 -1 564.02 294.02 615.01 330.29 -1.00 -1.00 -1.00 -1000.00 -1000.00 -1000.00 -1.000 -1.000 -1.000 -1.000 1.00 -1000.0000000000 -1000.0000000000 -1000.0000000000 -1000.0000000000 True True False False
PassengerCar 0.00 2 -1 6.00 302.00 164.00 391.00 1.48 1.82 3.80 -10.29 2.23 41.32 -4.698 0.000 0.000 -3.127 1.00 0.0000000000 0.0000000000 -0.9999734271 0.0072900726 True True True False
PassengerCar 0.00 2 -1 1003.00 269.00 1173.00 342.00 1.63 1.74 3.44 9.61 1.83 53.12 -0.208 0.000 0.000 1.363 1.00 0.0000000000 0.0000000000 0.6298415114 0.7767236771 True True True False
Pedestrian 0.05 0 -1 945.00 268.00 971.00 339.00 1.80 0.51 0.43 7.41 2.00 59.24 -3.673 0.000 0.000 -2.103 1.00 0.0000000000 0.0000000000 -0.8680522369 0.4964728734 True True True False
Pedestrian 0.06 0 -1 964.00 274.00 984.00 336.00 1.57 0.45 0.49 7.81 1.91 59.19 -1.571 0.000 0.000 0.000 1.00 0.0000000000 0.0000000000 0.0000000000 1.0000000000 False True True False
Pedestrian 0.00 0 -1 934.78 273.60 950.24 330.85 -1.00 -1.00 -1.00 -1000.00 -1000.00 -1000.00 -1.000 -1.000 -1.000 -1.000 1.00 -1000.0000000000 -1000.0000000000 -1000.0000000000 -1000.0000000000 True True False False
Pedestrian 0.00 0 -1 857.75 272.13 877.69 326.81 -1.00 -1.00 -1.00 -1000.00 -1000.00 -1000.00 -1.000 -1.000 -1.000 -1.000 1.00 -1000.0000000000 -1000.0000000000 -1000.0000000000 -1000.0000000000 True True False False
