PassengerCar 0.00 0 -1 75.00 229.00 513.00 541.00 1.58 1.77 3.86 -2.02 1.43 13.70 -1.518 -0.000 -0.001 0.053 1.00 -0.0000098367 -0.0003710638 0.0265001930 0.9996487393 True True True False
PassengerCar 0.00 0 -1 811.00 282.00 916.00 368.00 1.57 1.69 3.16 3.78 1.99 44.45 -1.385 0.000 0.000 0.186 1.00 0.0000000000 0.0000000000 0.0929470795 0.9956710503 True True True False
PassengerCar 0.00 0 -1 899.25 243.00 955.51 304.20 -1.00 -1.00 -1.00 -1000.00 -1000.00 -1000.00 -1.000 -1.000 -1.000 -1.000 1.00 -1000.0000000000 -1000.0000000000 -1000.0000000000 -1000.0000000000 True True False False
DontCare 1.00 3 -1 0.00 256.00 0.00 393.00 1.56 1.90 5.04 -12.31 1.53 29.21 -4.701 0.000 0.000 -3.130 1.00 0.0000000000 0.0000000000 -0.9999828568 0.0058554379 False False False False
DontCare 1.00 3 -1 0.00 262.00 0.00 377.00 1.62 1.73 4.32 -11.80 1.66 35.08 -4.625 0.000 0.000 -3.054 1.00 0.0000000000 0.0000000000 -0.9990346665 0.0439287500 False False False False
DontCare 0.00 -1 -1 565.00 284.00 633.00 336.00 1.63 1.83 4.15 -2.23 2.43 76.92 -4.645 0.000 0.004 -3.074 1.00 0.0021128780 -0.0000712854 -0.9994291077 0.0337192740 False False False False
DontCare 0.06 -1 -1 981.00 280.00 1002.00 359.00 1.50 0.36 0.46 6.20 1.87 44.36 -4.523 0.000 0.000 -2.953 1.00 0.0000000000 0.0000000000 -0.9955400366 0.0943399996 False False False False
DontCare 0.00 3 -1 105.00 273.00 130.00 357.00 1.63 0.47 0.44 -10.75 1.88 45.41 1.330 0.000 0.000 2.901 1.00 0.0000000000 0.0000000000 0.9927592354 0.1201211911 False False False False
DontCare 1.00 3 -1 1280.00 227.00 1280.00 397.00 1.61 0.61 0.37 6.29 1.30 22.31 -4.443 0.000 0.000 -2.872 1.00 0.0000000000 0.0000000000 -0.9909136739 0.1344994085 False False False False
DontCare 1.00 3 -1 1280.00 221.00 1280.00 393.00 1.65 0.74 0.55 7.08 1.27 22.65 -4.412 0.000 0.000 -2.841 1.00 0.0000000000 0.0000000000 -0.9887192665 0.1497805462 False False False False
DontCare 0.00 -1 -1 1212.00 224.00 1275.00 403.00 1.78 0.57 0.53 5.79 1.41 23.36 -1.379 0.000 0.000 0.192 1.00 0.0000000000 0.0000000000 0.0957676899 0.9954037119 False False False False
DontCare 0.00 3 -1 1153.00 259.00 1182.00 363.00 1.75 0.47 0.39 8.47 1.72 39.31 -1.396 0.000 0.000 0.175 1.00 0.0000000000 0.0000000000 0.0874173200 0.9961717784 False False False False
DontCare 0.82 -1 -1 1275.00 255.00 1280.00 347.00 1.50 0.41 0.38 10.23 1.41 38.27 -1.331 0.000 0.000 0.240 1.00 0.0000000000 0.0000000000 0.1196796007 0.9928125670 False False False False
DontCare 1.00 3 -1 1280.00 213.00 1280.00 454.00 1.32 0.53 0.54 4.61 1.06 13.04 -1.234 0.000 0.000 0.336 1.00 0.0000000000 0.0000000000 0.1674458929 0.9858812672 False False False False
DontCare 1.00 3 -1 1280.00 165.00 1280.00 446.00 1.72 0.42 0.44 5.71 1.13 14.49 0.347 0.000 0.000 1.918 1.00 0.0000000000 0.0000000000 0.8184961744 0.5745119777 False False False False
DontCare 1.00 3 -1 1280.00 191.00 1280.00 450.00 1.66 0.48 0.58 6.05 1.22 15.20 0.326 0.000 0.000 1.897 1.00 0.0000000000 0.0000000000 0.8125211357 0.5829317319 False False False False
DontCare 0.00 -1 -1 678.67 268.30 800.50 305.83 -1.00 -1.00 -1.00 -1000.00 -1000.00 -1000.00 -1.000 -1.000 -1.000 -1.000 1.00 -1000.0000000000 -1000.0000000000 -1000.0000000000 -1000.0000000000 False False False False
