PassengerCar 1.00 3 -1 0.00 240.00 0.00 385.00 1.35 1.82 4.21 -10.77 1.17 23.80 -4.711 0.000 0.000 -3.140 1.00 0.0000000000 0.0000000000 -0.9999997010 0.0007732487 True False True False
PassengerCar 1.00 1 -1 0.00 250.00 0.00 364.00 1.37 1.83 4.36 -10.65 1.25 30.06 -4.707 0.000 0.000 -3.136 1.00 0.0000000000 0.0000000000 -0.9999966819 0.0025760729 True False True False
PassengerCar 0.67 3 -1 0.00 261.00 59.00 353.00 1.34 1.68 4.03 -10.77 1.37 36.14 1.536 0.000 0.000 3.107 1.00 0.0000000000 0.0000000000 0.9998485283 0.0174046100 True False True False
PassengerCar 0.00 1 -1 22.00 258.00 182.00 342.00 1.42 1.96 4.17 -10.30 1.39 42.60 1.553 -0.011 0.013 3.124 1.00 -0.0063580292 -0.0053480646 0.9999263130 0.0088511107 True True True False
PassengerCar 0.00 3 -1 126.00 270.00 254.00 347.00 1.52 1.83 4.16 -9.82 1.72 48.09 1.565 0.000 0.000 3.135 1.00 0.0000000000 0.0000000000 0.9999952742 0.0030743483 True False True False
PassengerCar 0.00 1 -1 536.00 266.00 645.00 354.00 1.80 1.81 4.44 -1.70 1.93 49.99 1.417 0.005 -0.001 2.988 1.00 0.0007615111 0.0025365538 0.9970532871 0.0766663466 True True True False
PassengerCar 0.00 0 -1 657.00 285.00 902.00 369.00 1.43 1.83 4.08 1.98 1.87 41.58 0.683 -0.005 -0.006 2.254 1.00 0.0015537233 -0.0032664908 0.9030422142 0.4295365822 True True True False
PassengerCar 0.00 1 -1 833.00 295.00 1064.00 370.00 1.50 1.90 4.38 5.84 2.22 48.37 -2.544 -0.010 -0.014 -0.973 1.00 -0.0074768001 -0.0039546032 -0.4675290144 0.8839372598 True True True False
PassengerCar 0.00 1 -1 404.27 277.01 478.25 309.60 -1.00 -1.00 -1.00 -1000.00 -1000.00 -1000.00 -1.000 -1.000 -1.000 -1.000 1.00 -1000.0000000000 -1000.0000000000 -1000.0000000000 -1000.0000000000 True True False False
PassengerCar 0.15 0 -1 1194.00 310.00 1280.00 369.00 1.52 1.82 4.11 15.79 2.91 63.81 -4.674 0.000 0.000 -3.103 1.00 0.0000000000 0.0000000000 -0.9998147961 0.0192450879 True True True False
PassengerCar 0.00 2 -1 1141.00 312.00 1223.00 361.00 1.50 1.86 4.19 16.90 3.22 76.45 -4.688 0.000 0.000 -3.117 1.00 0.0000000000 0.0000000000 -0.9999254289 0.0122121542 True True True False
Obstacle 1.00 3 -1 0.00 224.00 0.00 308.00 1.62 0.46 0.26 -16.16 0.92 45.26 -1.571 0.000 0.000 0.000 1.00 0.0000000000 0.0000000000 0.0000000000 1.0000000000 True False True False
Pedestrian 0.06 0 -1 1080.00 292.00 1103.00 352.00 1.67 0.58 0.54 11.84 2.55 64.80 -3.136 0.000 0.000 -1.565 1.00 0.0000000000 0.0000000000 -0.7049631690 0.7092439146 True True True False
Pedestrian 0.05 3 -1 804.00 287.00 830.00 356.00 1.91 0.65 0.50 4.16 2.63 64.62 -0.357 0.000 0.000 1.214 1.00 0.0000000000 0.0000000000 0.5703363738 0.8214112372 True True True False
Pedestrian 0.06 2 -1 845.00 282.00 864.00 352.00 1.86 0.41 0.46 5.03 2.44 62.23 -0.035 0.000 0.000 1.536 1.00 0.0000000000 0.0000000000 0.6947968342 0.7192060617 True True True False
Pedestrian 0.00 0 -1 534.52 275.76 545.62 305.59 -1.00 -1.00 -1.00 -1000.00 -1000.00 -1000.00 -1.000 -1.000 -1.000 -1.000 1.00 -1000.0000000000 -1000.0000000000 -1000.0000000000 -1000.0000000000 False True False False
Pedestrian 0.00 0 -1 518.52 277.33 533.17 306.47 -1.00 -1.00 -1.00 -1000.00 -1000.00 -1000.00 -1.000 -1.000 -1.000 -1.000 1.00 -1000.0000000000 -1000.0000000000 -1000.0000000000 -1000.0000000000 False True False False
Pedestrian 0.00 0 -1 217.00 137.00 365.00 499.00 1.63 0.47 0.60 -1.73 1.08 10.73 0.016 0.000 0.000 1.587 1.00 0.0000000000 0.0000000000 0.7127675394 0.7014003384 True True True False
Pedestrian 0.00 1 -1 323.00 171.00 398.00 432.00 1.64 0.40 0.44 -1.96 1.08 14.85 -0.036 0.000 0.000 1.535 1.00 0.0000000000 0.0000000000 0.6943075632 0.7196784058 True True True False
