PassengerCar 0.00 0 -1 683.00 232.00 982.00 457.00 1.54 1.65 3.86 1.39 1.33 17.95 -1.321 0.000 0.014 0.250 1.00 -0.0006546670 0.0069294014 0.1246162148 0.9921806054 True True True False
PassengerCar 0.46 0 -1 1201.00 262.00 1280.00 383.00 1.62 1.89 4.58 8.77 1.72 33.59 -1.315 -0.007 -0.026 0.256 1.00 -0.0017124586 -0.0132952331 0.1277356649 0.9917176535 True True True False
PassengerCar 1.00 3 -1 1280.00 239.00 1280.00 390.00 1.65 1.96 4.30 10.15 1.47 27.84 -1.260 -0.005 -0.016 0.310 1.00 -0.0012640486 -0.0080827432 0.1545053383 0.9879580820 True True True False
PassengerCar 1.00 3 -1 1280.00 278.00 1280.00 369.00 1.37 1.53 3.78 12.63 1.66 37.31 -1.379 0.000 0.000 0.192 1.00 0.0000000000 0.0000000000 0.0956140612 0.9954184805 True False True False
PassengerCar 1.00 3 -1 1280.00 246.00 1280.00 358.00 1.87 1.85 4.71 14.12 1.64 42.88 -1.315 0.007 0.027 0.256 1.00 0.0018030489 0.0140383680 0.1273780292 0.9917532510 True True True False
DontCare 0.45 -1 -1 0.00 236.00 265.00 488.00 1.60 1.71 3.73 -4.51 1.43 16.89 -4.459 0.006 0.020 -2.888 1.00 0.0105285643 -0.0015504065 -0.9919373472 0.1262816095 False False False False
DontCare 0.00 -1 -1 248.00 269.00 424.00 368.00 1.47 1.49 3.50 -5.16 1.61 36.59 -4.451 0.000 0.000 -2.880 1.00 0.0000000000 0.0000000000 -0.9914524203 0.1304687638 False False False False
DontCare 0.00 -1 -1 365.00 265.00 539.00 357.00 1.51 1.72 4.17 -3.72 1.61 40.95 -4.453 0.002 0.008 -2.882 1.00 0.0042387294 -0.0005536095 -0.9915693882 0.1295062742 False False False False
DontCare 0.00 -1 -1 631.00 276.00 766.00 351.00 1.39 1.61 3.78 0.65 1.69 45.17 -4.408 0.000 0.000 -2.837 1.00 0.0000000000 0.0000000000 -0.9884235026 0.1517200697 False False False False
DontCare 0.00 -1 -1 922.00 273.00 1020.00 339.00 1.54 1.75 3.44 7.39 1.85 56.30 -4.398 0.000 0.000 -2.828 1.00 0.0000000000 0.0000000000 -0.9876990660 0.1563667326 False False False False
