PassengerCar 0.00 3 -1 497.30 302.23 531.86 328.74 -1.00 -1.00 -1.00 -1000.00 -1000.00 -1000.00 -1.000 -1.000 -1.000 -1.000 1.00 -1000.0000000000 -1000.0000000000 -1000.0000000000 -1000.0000000000 True True False True
PassengerCar 0.00 0 -1 478.21 297.53 518.25 334.34 -1.00 -1.00 -1.00 -1000.00 -1000.00 -1000.00 -1.000 -1.000 -1.000 -1.000 1.00 -1000.0000000000 -1000.0000000000 -1000.0000000000 -1000.0000000000 True True False False
PassengerCar 0.00 0 -1 441.65 302.88 489.76 339.33 -1.00 -1.00 -1.00 -1000.00 -1000.00 -1000.00 -1.000 -1.000 -1.000 -1.000 1.00 -1000.0000000000 -1000.0000000000 -1000.0000000000 -1000.0000000000 True True False False
DontCare 1.00 3 -1 1280.00 180.00 1280.00 635.00 1.45 1.80 4.19 4.98 1.18 9.24 -2.600 -0.010 0.005 -1.029 1.00 -0.0030273397 0.0046613666 -0.4921049734 0.8705181227 False False False False
DontCare 0.00 -1 -1 850.00 225.00 1199.00 360.00 1.92 2.04 4.78 5.35 1.43 34.91 -2.631 0.000 0.000 -1.060 1.00 0.0000000000 0.0000000000 -0.5057127732 0.8627019132 False False False False
DontCare 0.00 -1 -1 913.00 261.00 1262.00 379.00 1.38 1.81 3.93 5.21 1.39 28.80 -2.722 0.000 0.000 -1.152 1.00 0.0000000000 0.0000000000 -0.5445194596 0.8387482090 False False False False
DontCare 0.00 -1 -1 897.00 238.00 1252.00 369.00 1.70 1.83 4.47 5.57 1.42 31.81 -2.706 0.000 0.000 -1.135 1.00 0.0000000000 0.0000000000 -0.5377150873 0.8431266126 False False False False
DontCare 0.12 -1 -1 925.00 261.00 1280.00 395.00 1.39 1.81 3.97 5.07 1.41 25.86 -2.596 0.000 0.000 -1.026 1.00 0.0000000000 0.0000000000 -0.4906090478 0.8713798036 False False False False
DontCare 0.28 -1 -1 960.00 251.00 1280.00 403.00 1.40 1.81 3.95 5.08 1.33 23.03 -2.703 0.000 0.000 -1.133 1.00 0.0000000000 0.0000000000 -0.5365553644 0.8438651201 False False False False
DontCare 0.37 -1 -1 941.00 229.00 1280.00 419.00 1.51 1.80 4.20 4.70 1.27 20.24 -2.616 0.000 0.000 -1.045 1.00 0.0000000000 0.0000000000 -0.4989549454 0.8666279262 False False False False
DontCare 0.83 -1 -1 1163.00 224.00 1280.00 465.00 1.51 1.85 4.24 5.91 1.30 16.60 -2.474 0.000 0.000 -0.903 1.00 0.0000000000 0.0000000000 -0.4364501549 0.8997284381 False False False False
DontCare 0.87 -1 -1 1179.00 208.00 1280.00 484.00 1.50 1.67 4.20 5.49 1.23 14.41 -2.612 0.000 0.000 -1.041 1.00 0.0000000000 0.0000000000 -0.4973844140 0.8675302558 False False False False
