PassengerCar 1.00 3 -1 1280.00 281.00 1280.00 720.00 1.33 1.81 4.05 4.11 1.42 8.98 -1.586 0.000 0.000 -0.015 1.00 0.0000000000 0.0000000000 -0.0077462223 0.9999699976 True False True False
PassengerCar 0.65 1 -1 1115.00 282.00 1280.00 540.00 1.41 1.73 4.11 4.17 1.55 14.85 -1.594 0.000 0.000 -0.024 1.00 0.0000000000 0.0000000000 -0.0117766464 0.9999306529 True True True False
PassengerCar 0.00 1 -1 986.00 286.00 1228.00 448.00 1.43 1.66 3.93 4.34 1.72 23.42 -1.575 -0.014 0.009 -0.005 1.00 -0.0068738134 0.0044627580 -0.0022991174 0.9999637736 True True True False
PassengerCar 0.00 3 -1 884.00 285.00 1037.00 385.00 1.45 1.87 3.75 4.47 1.84 35.85 -1.574 0.000 0.000 -0.003 1.00 0.0000000000 0.0000000000 -0.0014893608 0.9999988909 True True True False
PassengerCar 0.00 2 -1 850.00 286.00 991.00 372.00 1.46 1.92 4.17 4.61 1.95 42.82 -1.624 -0.011 0.006 -0.053 1.00 -0.0052229468 0.0030543306 -0.0265824449 0.9996283137 True True True False
PassengerCar 0.00 2 -1 827.00 278.00 921.00 352.00 1.61 1.80 3.98 4.83 2.06 54.69 -1.582 -0.018 0.009 -0.011 1.00 -0.0091817143 0.0046110717 -0.0056431127 0.9999312923 True True True False
PassengerCar 0.00 3 -1 824.00 284.00 907.00 352.00 1.67 1.80 4.22 5.06 2.29 59.72 -1.563 0.000 0.000 0.008 1.00 0.0000000000 0.0000000000 0.0039092832 0.9999923587 True True True False
PassengerCar 0.00 2 -1 795.00 284.00 862.00 333.00 1.50 1.75 3.97 5.14 2.27 74.54 -1.602 -0.018 -0.000 -0.032 1.00 -0.0088050331 0.0001077992 -0.0158503558 0.9998355995 True True True False
PassengerCar 1.00 3 -1 0.00 290.00 0.00 515.00 1.35 2.03 4.46 -7.45 1.58 16.56 1.562 0.000 0.000 3.132 1.00 0.0000000000 0.0000000000 0.9999894527 0.0045928715 True False True False
PassengerCar 0.22 0 -1 0.00 253.00 199.00 422.00 1.80 1.73 4.49 -6.99 1.74 27.75 -4.686 0.023 0.014 -3.115 1.00 0.0071358854 -0.0113912850 -0.9998219855 0.0132406577 True True True False
PassengerCar 0.00 0 -1 256.00 288.00 394.00 372.00 1.43 1.87 4.13 -6.24 1.95 42.75 -4.698 -0.007 0.000 -3.127 1.00 0.0001316820 0.0034034588 -0.9999680030 0.0072382327 True True True False
PassengerCar 0.00 2 -1 306.00 287.00 417.00 362.00 1.45 1.80 3.99 -6.34 2.02 48.57 1.563 -0.025 -0.000 3.134 1.00 0.0000485690 -0.0122611436 0.9999169833 0.0039608702 True True True False
PassengerCar 0.00 2 -1 366.00 286.00 459.00 351.00 1.41 1.80 3.83 -5.96 2.04 54.64 1.555 0.028 0.000 3.126 1.00 -0.0001082252 0.0137812025 0.9998741968 0.0078522229 True True True False
PassengerCar 0.00 3 -1 390.00 282.00 471.00 345.00 1.59 1.80 3.91 -6.43 2.22 63.45 1.560 0.038 -0.000 3.130 1.00 0.0002080811 0.0191349982 0.9998015197 0.0055434372 True True True False
PassengerCar 0.00 2 -1 416.00 284.00 488.00 341.00 1.54 1.72 3.75 -6.30 2.27 68.40 -4.709 0.033 -0.001 -3.139 1.00 -0.0002811645 -0.0164160312 -0.9998641481 0.0014561007 True True True False
PassengerCar 0.00 2 -1 774.30 280.39 827.95 323.82 -1.00 -1.00 -1.00 -1000.00 -1000.00 -1000.00 -1.000 -1.000 -1.000 -1.000 1.00 -1000.0000000000 -1000.0000000000 -1000.0000000000 -1000.0000000000 True True False False
PassengerCar 0.00 1 -1 747.14 278.13 793.75 316.55 -1.00 -1.00 -1.00 -1000.00 -1000.00 -1000.00 -1.000 -1.000 -1.000 -1.000 1.00 -1000.0000000000 -1000.0000000000 -1000.0000000000 -1000.0000000000 True True False False
PassengerCar 0.00 0 -1 702.77 275.63 750.31 313.54 -1.00 -1.00 -1.00 -1000.00 -1000.00 -1000.00 -1.000 -1.000 -1.000 -1.000 1.00 -1000.0000000000 -1000.0000000000 -1000.0000000000 -1000.0000000000 True True False False
DontCare 0.00 -1 -1 905.00 283.00 1132.00 414.00 1.45 2.13 4.05 4.15 1.74 28.11 -1.569 0.000 0.000 0.002 1.00 0.0000000000 0.0000000000 0.0007592865 0.9999997117 False False False False
Pedestrian 0.00 0 -1 644.52 271.43 657.22 313.40 -1.00 -1.00 -1.00 -1000.00 -1000.00 -1000.00 -1.000 -1.000 -1.000 -1.000 1.00 -1000.0000000000 -1000.0000000000 -1000.0000000000 -1000.0000000000 True True False False
Pedestrian 0.00 0 -1 236.00 276.00 268.00 355.00 1.62 0.58 0.47 -8.51 1.93 47.58 -1.609 0.000 0.000 -0.039 1.00 0.0000000000 0.0000000000 -0.0192670986 0.9998143722 True True True False
Pedestrian 0.00 1 -1 200.00 268.00 234.00 358.00 1.84 0.51 0.67 -9.26 1.99 47.76 -1.455 0.000 0.000 0.116 1.00 0.0000000000 0.0000000000 0.0577606724 0.9983304587 True True True False
Pedestrian 0.00 1 -1 225.00 264.00 257.00 350.00 2.01 0.68 0.42 -10.07 2.10 54.78 -4.706 0.000 0.000 -3.135 1.00 0.0000000000 0.0000000000 -0.9999951078 0.0031280108 True True True False
Pedestrian 0.00 1 -1 264.00 265.00 299.00 343.00 1.82 0.75 0.37 -9.06 1.92 54.53 1.545 0.000 0.000 3.116 1.00 0.0000000000 0.0000000000 0.9999189385 0.0127324954 True True True True
Pedestrian 0.00 2 -1 248.10 261.78 269.27 345.56 -1.00 -1.00 -1.00 -1000.00 -1000.00 -1000.00 -1.000 -1.000 -1.000 -1.000 1.00 -1000.0000000000 -1000.0000000000 -1000.0000000000 -1000.0000000000 True True False False
Pedestrian 0.00 3 -1 256.79 262.90 282.71 330.26 -1.00 -1.00 -1.00 -1000.00 -1000.00 -1000.00 -1.000 -1.000 -1.000 -1.000 1.00 -1000.0000000000 -1000.0000000000 -1000.0000000000 -1000.0000000000 True True False True
Pedestrian 1.00 3 -1 0.00 245.00 0.00 393.00 1.83 0.43 0.33 -9.24 1.65 29.07 -4.582 0.000 0.000 -3.011 1.00 0.0000000000 0.0000000000 -0.9978812122 0.0650621734 True False True False
Pedestrian 1.00 3 -1 0.00 252.00 0.00 383.00 1.63 0.44 0.29 -8.81 1.53 29.05 1.571 0.000 0.000 3.141 1.00 0.0000000000 0.0000000000 0.9999999941 0.0001087901 True False True False
Pedestrian 1.00 3 -1 0.00 252.00 0.00 391.00 1.69 0.49 0.46 -9.49 1.59 28.51 1.535 0.000 0.000 3.106 1.00 0.0000000000 0.0000000000 0.9998372983 0.0180382096 True False True True
