PassengerCar 0.96 3 -1 0.00 154.00 46.00 677.00 1.43 1.58 4.08 -4.17 1.13 8.14 -2.536 -0.001 0.009 -0.965 1.00 0.0015526829 0.0041620143 -0.4639530021 0.8858486770 True False True False
PassengerCar 0.89 3 -1 0.00 196.00 80.00 573.00 1.59 1.66 3.67 -4.81 1.33 11.54 -2.547 0.000 0.000 -0.976 1.00 0.0000000000 0.0000000000 -0.4690587471 0.8831669671 True False True False
PassengerCar 0.33 2 -1 0.00 221.00 414.00 492.00 1.39 1.46 3.48 -3.31 1.18 13.58 -2.572 -0.016 0.010 -1.001 1.00 -0.0044397098 0.0082256166 -0.4796990263 0.8773833098 True True True False
PassengerCar 0.29 3 -1 0.00 215.00 359.00 480.00 1.81 1.66 3.66 -4.26 1.51 17.55 -2.533 0.001 -0.000 -0.963 1.00 0.0001856094 -0.0003554122 -0.4629128129 0.8864037268 True True True False
PassengerCar 0.00 2 -1 141.00 194.00 547.00 411.00 1.61 1.51 3.23 -2.69 1.08 19.06 -2.457 -0.008 0.038 -0.886 1.00 0.0042451714 0.0187813220 -0.4285073768 0.9033330884 True True True False
PassengerCar 0.00 2 -1 203.00 175.00 655.00 397.00 1.87 1.79 4.06 -2.26 1.16 21.47 -2.473 0.000 0.000 -0.902 1.00 0.0000000000 0.0000000000 -0.4359740443 0.8999592394 True True True False
PassengerCar 0.00 3 -1 390.00 246.00 682.00 353.00 1.41 1.67 3.85 -1.86 1.23 32.47 -2.551 0.000 0.000 -0.980 1.00 0.0000000000 0.0000000000 -0.4707640818 0.8822591339 True True True False
PassengerCar 0.00 1 -1 846.00 170.00 1192.00 345.00 2.44 1.88 6.02 5.20 1.16 35.41 -2.084 0.010 0.012 -0.513 1.00 0.0061256069 0.0044404909 -0.2538268607 0.9672200803 True True True False
PassengerCar 0.00 1 -1 607.00 234.00 847.00 334.00 1.69 1.64 3.85 1.05 1.24 40.13 -2.840 0.000 0.000 -1.269 1.00 0.0000000000 0.0000000000 -0.5928567354 0.8053079481 True True True False
PassengerCar 0.23 1 -1 1096.00 197.00 1280.00 400.00 2.19 1.71 4.51 6.37 1.45 27.57 -1.575 -0.000 0.039 -0.005 1.00 -0.0000018940 0.0195609633 -0.0023164307 0.9998059826 True True True False
PassengerCar 0.50 2 -1 1150.00 241.00 1280.00 418.00 1.50 1.59 4.01 5.60 1.33 21.68 -1.507 0.001 0.010 0.064 1.00 0.0001629839 0.0050943284 0.0319764325 0.9994756270 True True True False
PassengerCar 0.87 0 -1 1227.00 240.00 1280.00 487.00 1.47 1.57 4.22 5.02 1.35 15.97 -1.503 0.001 0.004 0.067 1.00 0.0002471851 0.0018503447 0.0336993008 0.9994302738 True True True False
PassengerCar 1.00 3 -1 1280.00 240.00 1280.00 720.00 1.35 1.76 4.02 4.70 1.31 8.66 -1.477 -0.011 0.002 0.094 1.00 -0.0054430033 0.0005178684 0.0467656559 0.9988909245 True True True False
