PassengerCar 0.75 3 -1 0.00 188.00 200.00 514.00 1.54 1.80 4.19 -4.80 1.21 12.72 -2.655 0.000 0.000 -1.084 1.00 0.0000000000 0.0000000000 -0.5157417947 0.8567440698 True True True False
PassengerCar 0.00 0 -1 757.00 270.00 889.00 366.00 1.36 1.82 4.18 2.29 1.50 35.00 -1.543 0.000 0.000 0.028 1.00 0.0000000000 0.0000000000 0.0138494669 0.9999040915 True True True False
PassengerCar 0.00 1 -1 715.00 268.00 800.00 334.00 1.67 2.14 4.23 2.34 1.88 61.22 -1.552 0.000 0.000 0.019 1.00 0.0000000000 0.0000000000 0.0092769553 0.9999569681 True True True False
PassengerCar 0.51 2 -1 0.00 247.00 271.00 441.00 1.45 1.81 3.92 -5.38 1.36 18.73 -2.844 0.000 0.000 -1.273 1.00 0.0000000000 0.0000000000 -0.5943418566 0.8042125077 True True True False
PassengerCar 0.29 3 -1 0.00 248.00 307.00 394.00 1.49 1.81 4.11 -6.11 1.37 24.90 -3.025 0.000 0.000 -1.454 1.00 0.0000000000 0.0000000000 -0.6645538310 0.7472403936 True True True False
PassengerCar 0.47 2 -1 0.00 242.00 263.00 400.00 1.38 1.85 4.07 -6.06 1.23 21.79 -2.847 0.000 0.000 -1.276 1.00 0.0000000000 0.0000000000 -0.5956210117 0.8032655915 True True True True
PassengerCar 0.00 0 -1 81.15 271.99 349.33 361.50 -1.00 -1.00 -1.00 -1000.00 -1000.00 -1000.00 -1.000 -1.000 -1.000 -1.000 1.00 -1000.0000000000 -1000.0000000000 -1000.0000000000 -1000.0000000000 True True False False
PassengerCar 0.00 2 -1 34.00 261.00 328.00 357.00 1.45 1.82 4.16 -7.50 1.47 36.06 -3.116 0.000 0.000 -1.545 1.00 0.0000000000 0.0000000000 -0.6979010503 0.7161941943 True True True True
PassengerCar 0.08 0 -1 0.00 257.00 310.00 365.00 1.47 1.86 4.24 -7.38 1.44 32.92 -3.044 0.000 0.000 -1.473 1.00 0.0000000000 0.0000000000 -0.6717455978 0.7407819192 True True True True
PassengerCar 1.00 3 -1 0.00 76.00 0.00 720.00 1.37 1.81 4.20 -4.32 1.04 6.06 -2.709 0.000 0.000 -1.138 1.00 0.0000000000 0.0000000000 -0.5387271168 0.8424803224 True False True False
PassengerCar 0.00 3 -1 401.75 288.84 562.53 338.87 -1.00 -1.00 -1.00 -1000.00 -1000.00 -1000.00 -1.000 -1.000 -1.000 -1.000 1.00 -1000.0000000000 -1000.0000000000 -1000.0000000000 -1000.0000000000 True True False False
PassengerCar 0.00 2 -1 454.00 291.00 594.00 339.00 1.55 1.86 4.22 -4.72 2.55 76.75 -2.876 0.000 0.000 -1.305 1.00 0.0000000000 0.0000000000 -0.6071188300 0.7946110534 True True True False
PassengerCar 0.00 0 -1 367.00 282.00 521.00 335.00 1.36 1.69 3.65 -5.84 1.92 60.84 -2.770 0.000 0.000 -1.199 1.00 0.0000000000 0.0000000000 -0.5641340293 0.8256832304 True True True False
PassengerCar 0.00 3 -1 401.00 287.00 550.00 338.00 1.52 1.80 4.25 -5.98 2.37 72.41 -2.823 0.000 0.000 -1.252 1.00 0.0000000000 0.0000000000 -0.5860922216 0.8102443507 True True True False
Pedestrian 0.06 0 -1 683.00 274.00 704.00 339.00 1.74 0.48 0.44 0.70 2.08 61.66 -2.894 0.000 0.000 -1.323 1.00 0.0000000000 0.0000000000 -0.6144947415 0.7889209166 True True True False
