PassengerCar 0.79 0 -1 1120.00 285.00 1280.00 663.00 1.34 1.80 3.97 3.51 1.48 10.58 -1.654 0.014 0.001 -0.083 1.00 0.0072033714 0.0003008438 -0.0417268404 0.9991030436 True True True False
PassengerCar 0.00 0 -1 777.00 297.00 1007.00 451.00 1.55 1.62 3.88 2.37 1.97 25.42 -1.711 -0.012 -0.014 -0.140 1.00 -0.0063626814 -0.0066890271 -0.0700089900 0.9975036414 True True True False
PassengerCar 0.00 2 -1 716.00 313.00 887.00 426.00 1.37 1.80 3.82 1.72 2.08 30.87 -1.637 0.002 -0.010 -0.066 1.00 0.0006003009 -0.0051037606 -0.0331929599 0.9994357501 True True True False
PassengerCar 0.00 1 -1 661.00 301.00 807.00 411.00 1.66 1.80 4.04 1.03 2.33 37.73 -1.687 0.001 -0.005 -0.116 1.00 0.0002754625 -0.0025336073 -0.0580162593 0.9983123853 True True True False
PassengerCar 0.00 3 -1 640.00 311.00 763.00 402.00 1.55 1.80 3.83 0.59 2.52 43.33 -1.691 0.000 0.000 -0.120 1.00 0.0000000000 0.0000000000 -0.0600182204 0.9981972817 True True True False
PassengerCar 0.00 1 -1 578.00 319.00 673.00 387.00 1.39 1.84 4.13 -0.99 2.75 52.39 -1.664 0.000 0.000 -0.094 1.00 0.0000000000 0.0000000000 -0.0468116032 0.9989037360 True True True False
PassengerCar 0.00 2 -1 545.00 319.00 619.00 378.00 1.43 1.80 4.08 -2.28 3.02 61.48 -1.648 0.000 0.000 -0.077 1.00 0.0000000000 0.0000000000 -0.0385800974 0.9992555109 True True True False
PassengerCar 0.64 3 -1 0.00 280.00 70.00 450.00 1.90 1.84 4.92 -8.96 2.25 30.29 1.379 0.074 -0.005 2.950 1.00 0.0060256246 0.0365572606 0.9947357811 0.0955404853 True True True False
PassengerCar 0.00 0 -1 144.00 311.00 285.00 422.00 1.39 1.68 3.83 -6.17 2.10 31.94 1.432 0.014 -0.010 3.003 1.00 0.0055358249 0.0065947629 0.9975720491 0.0691076734 True True True False
PassengerCar 0.00 2 -1 16.00 315.00 151.00 407.00 1.48 1.80 4.66 -10.40 2.50 41.68 1.438 0.017 -0.006 3.009 1.00 0.0034557563 0.0084563231 0.9977543537 0.0663535834 True True True False
PassengerCar 0.00 2 -1 535.18 311.62 595.86 371.73 -1.00 -1.00 -1.00 -1000.00 -1000.00 -1000.00 -1.000 -1.000 -1.000 -1.000 1.00 -1000.0000000000 -1000.0000000000 -1000.0000000000 -1000.0000000000 True True False False
PassengerCar 0.00 2 -1 502.45 319.46 565.64 366.39 -1.00 -1.00 -1.00 -1000.00 -1000.00 -1000.00 -1.000 -1.000 -1.000 -1.000 1.00 -1000.0000000000 -1000.0000000000 -1000.0000000000 -1000.0000000000 True True False False
PassengerCar 0.00 2 -1 452.47 316.11 527.81 354.48 -1.00 -1.00 -1.00 -1000.00 -1000.00 -1000.00 -1.000 -1.000 -1.000 -1.000 1.00 -1000.0000000000 -1000.0000000000 -1000.0000000000 -1000.0000000000 True True False False
PassengerCar 0.00 0 -1 425.97 317.83 456.38 346.23 -1.00 -1.00 -1.00 -1000.00 -1000.00 -1000.00 -1.000 -1.000 -1.000 -1.000 1.00 -1000.0000000000 -1000.0000000000 -1000.0000000000 -1000.0000000000 True True False False
PassengerCar 0.00 3 -1 59.00 321.00 173.00 394.00 1.30 1.81 4.02 -11.06 2.57 46.81 1.433 0.035 -0.008 3.004 1.00 0.0050138409 0.0172800099 0.9974614576 0.0688977739 True True True False
Pedestrian 0.00 0 -1 1058.00 290.00 1101.00 390.00 1.78 0.51 0.68 7.42 2.32 41.85 -1.833 0.000 0.000 -0.262 1.00 0.0000000000 0.0000000000 -0.1308016033 0.9914085639 True True True False
Pedestrian 0.00 0 -1 1031.00 286.00 1072.00 393.00 1.92 0.49 0.65 6.94 2.38 41.91 -1.869 0.000 0.000 -0.299 1.00 0.0000000000 0.0000000000 -0.1487427201 0.9888759291 True True True False
