PassengerCar 1.00 3 -1 0.00 220.00 0.00 720.00 1.26 1.53 3.85 -4.35 1.18 6.98 -2.637 0.000 0.000 -1.067 1.00 0.0000000000 0.0000000000 -0.5083923569 0.8611255492 True False True False
PassengerCar 0.25 3 -1 0.00 240.00 347.00 413.00 1.47 1.77 3.71 -4.98 1.30 21.12 -2.780 0.000 0.000 -1.209 1.00 0.0000000000 0.0000000000 -0.5683202685 0.8228074334 True True True False
PassengerCar 0.00 2 -1 42.00 259.00 449.00 408.00 1.42 1.75 3.94 -4.37 1.42 23.93 -2.613 0.000 0.000 -1.042 1.00 0.0000000000 0.0000000000 -0.4977743546 0.8673065732 True True True False
PassengerCar 0.00 2 -1 214.00 252.00 500.00 380.00 1.45 1.51 3.09 -3.71 1.37 27.72 -2.639 0.000 0.000 -1.069 1.00 0.0000000000 0.0000000000 -0.5092232464 0.8606344667 True True True False
PassengerCar 0.00 3 -1 253.00 256.00 530.00 364.00 1.46 1.71 3.64 -3.93 1.41 33.04 -2.586 0.000 0.000 -1.016 1.00 0.0000000000 0.0000000000 -0.4862756686 0.8738054556 True True True False
PassengerCar 0.00 2 -1 335.00 260.00 616.00 364.00 1.50 1.82 3.91 -2.92 1.50 35.27 -2.616 0.000 0.000 -1.046 1.00 0.0000000000 0.0000000000 -0.4993316135 0.8664109532 True True True True
PassengerCar 0.00 3 -1 397.00 249.00 616.00 339.00 1.80 2.08 4.07 -3.37 1.59 48.65 -2.729 0.000 0.000 -1.158 1.00 0.0000000000 0.0000000000 -0.5473877888 0.8368790884 True True True True
PassengerCar 0.00 2 -1 423.00 246.00 623.00 336.00 2.05 1.81 4.32 -3.38 1.73 54.37 -2.707 0.000 0.000 -1.137 1.00 0.0000000000 0.0000000000 -0.5382164241 0.8428066687 True True True False
PassengerCar 0.00 0 -1 646.00 263.00 766.00 350.00 1.47 1.96 4.21 0.63 1.53 41.30 -1.599 0.000 0.000 -0.028 1.00 0.0000000000 0.0000000000 -0.0141589011 0.9998997577 True True True False
PassengerCar 0.62 1 -1 1087.00 293.00 1280.00 500.00 1.29 1.75 3.83 4.93 1.54 16.76 -0.736 0.000 0.000 0.835 1.00 0.0000000000 0.0000000000 0.4052745168 0.9141950372 True True True False
PassengerCar 0.37 2 -1 1040.00 284.00 1280.00 450.00 1.32 1.79 2.76 4.89 1.53 20.20 -0.583 0.000 0.000 0.988 1.00 0.0000000000 0.0000000000 0.4740397754 0.8805034306 True True True False
PassengerCar 0.05 2 -1 939.00 277.00 1280.00 431.00 1.38 1.56 3.20 4.35 1.54 22.34 -0.588 0.000 0.000 0.983 1.00 0.0000000000 0.0000000000 0.4719123423 0.8816454736 True True True False
PassengerCar 0.00 3 -1 906.00 268.00 1185.00 404.00 1.68 1.56 3.64 5.10 1.80 31.16 -0.642 -0.023 0.031 0.929 1.00 -0.0174862826 0.0087659111 0.4480588698 0.8937900413 True True True False
PassengerCar 0.00 2 -1 831.00 250.00 1131.00 374.00 1.69 1.83 4.34 4.64 1.56 33.99 -0.666 -0.010 0.013 0.905 1.00 -0.0072886856 0.0035421906 0.4370864745 0.8993829784 True True True False
PassengerCar 0.00 3 -1 123.00 257.00 442.00 411.00 1.63 1.61 3.23 -4.33 1.60 26.14 -2.648 0.000 0.000 -1.077 1.00 0.0000000000 0.0000000000 -0.5127894301 0.8585144148 True True True False
PassengerCar 0.00 3 -1 556.41 254.29 637.38 317.44 -1.00 -1.00 -1.00 -1000.00 -1000.00 -1000.00 -1.000 -1.000 -1.000 -1.000 1.00 -1000.0000000000 -1000.0000000000 -1000.0000000000 -1000.0000000000 True True False True
DontCare 0.00 -1 -1 743.00 247.00 972.00 337.00 2.25 17.83 4.21 5.05 1.96 67.02 -0.053 0.000 0.000 1.518 1.00 0.0000000000 0.0000000000 0.6880994590 0.7256163825 False False False False
Vehicle 0.10 3 -1 984.00 277.00 1280.00 409.00 1.50 1.66 4.07 5.93 1.71 28.51 -0.652 0.000 0.000 0.918 1.00 0.0000000000 0.0000000000 0.4432259113 0.8964099461 False False True True
