PassengerCar 1.00 3 -1 1280.00 0.00 1280.00 720.00 1.46 1.87 3.85 3.01 1.06 5.42 -1.571 0.000 0.000 0.000 1.00 0.0000000000 0.0000000000 0.0000000000 1.0000000000 True False True False
PassengerCar 0.61 1 -1 1037.00 256.00 1280.00 598.00 1.40 1.83 4.01 3.10 1.38 11.54 -1.587 0.000 0.007 -0.016 1.00 0.0000273104 0.0034639951 -0.0078837782 0.9999629223 True True True False
PassengerCar 1.00 3 -1 0.00 179.00 0.00 720.00 1.36 1.75 3.77 -4.70 1.17 7.50 -2.614 0.000 0.000 -1.043 1.00 0.0000000000 0.0000000000 -0.4982276670 0.8670462455 True False True False
PassengerCar 0.79 2 -1 0.00 245.00 165.00 551.00 1.16 1.73 3.71 -4.17 1.13 10.67 -2.442 0.003 -0.005 -0.871 1.00 0.0004296074 -0.0029249704 -0.4219720478 0.9066040210 True True True False
PassengerCar 0.36 1 -1 0.00 251.00 379.00 462.00 1.30 1.65 3.62 -3.96 1.27 15.77 -2.761 0.011 0.000 -1.191 1.00 0.0046855080 -0.0030505288 -0.5607627542 0.8279576522 True True True False
PassengerCar 0.00 1 -1 89.00 230.00 453.00 413.00 1.55 1.86 2.71 -3.61 1.30 21.17 -2.591 0.003 0.006 -1.020 1.00 0.0028192904 0.0019343946 -0.4883073032 0.8726650488 True True True False
Pedestrian 0.00 0 -1 901.00 253.00 950.00 381.00 1.82 0.47 0.63 3.72 1.72 33.50 -2.875 -0.003 -0.011 -1.304 1.00 -0.0047189445 -0.0032997666 -0.6067156243 0.7948981031 True True True False
Pedestrian_is_group 0.00 0 -1 933.00 260.00 982.00 382.00 1.79 0.50 0.65 4.32 1.78 34.52 -2.887 0.000 0.000 -1.316 1.00 0.0000000000 0.0000000000 -0.6114827468 0.7912577648 True True True False
Pedestrian 0.00 0 -1 985.00 260.00 1038.00 375.00 1.75 0.55 0.74 5.29 1.75 35.69 -3.126 0.000 0.000 -1.556 1.00 0.0000449465 -0.0000401335 -0.7017033893 0.7124691922 True True True False
Pedestrian 0.00 0 -1 1023.00 268.00 1072.00 378.00 1.64 0.59 0.68 5.70 1.75 34.84 -3.060 0.000 0.000 -1.490 1.00 0.0000000000 0.0000000000 -0.6778288449 0.7352197339 True True True False
Pedestrian 0.00 1 -1 1122.00 261.00 1161.00 359.00 1.51 0.58 0.58 7.38 1.52 36.18 -2.965 0.000 0.000 -1.395 1.00 0.0000000000 0.0000000000 -0.6421875151 0.7665475820 True True True False
Pedestrian 0.00 0 -1 886.00 253.00 914.00 341.00 1.87 0.54 0.56 4.97 1.71 49.62 -3.124 0.000 0.000 -1.553 1.00 0.0000000000 0.0000000000 -0.7008495225 0.7133091523 True True True False
Pedestrian 0.05 0 -1 800.00 265.00 823.00 340.00 1.59 0.51 0.46 3.08 1.68 49.57 0.002 0.000 0.000 1.573 1.00 0.0000000000 0.0000000000 0.7078215886 0.7063912504 True True True False
Pedestrian 0.00 1 -1 657.07 257.92 671.86 300.55 -1.00 -1.00 -1.00 -1000.00 -1000.00 -1000.00 -1.000 -1.000 -1.000 -1.000 1.00 -1000.0000000000 -1000.0000000000 -1000.0000000000 -1000.0000000000 True True False False
Pedestrian 0.00 1 -1 598.87 264.74 625.88 299.95 -1.00 -1.00 -1.00 -1000.00 -1000.00 -1000.00 -1.000 -1.000 -1.000 -1.000 1.00 -1000.0000000000 -1000.0000000000 -1000.0000000000 -1000.0000000000 False True False False
Pedestrian 0.00 0 -1 519.09 264.09 533.88 298.93 -1.00 -1.00 -1.00 -1000.00 -1000.00 -1000.00 -1.000 -1.000 -1.000 -1.000 1.00 -1000.0000000000 -1000.0000000000 -1000.0000000000 -1000.0000000000 False True False False
Pedestrian 0.00 0 -1 532.02 263.34 549.10 298.81 -1.00 -1.00 -1.00 -1000.00 -1000.00 -1000.00 -1.000 -1.000 -1.000 -1.000 1.00 -1000.0000000000 -1000.0000000000 -1000.0000000000 -1000.0000000000 False True False False
Pedestrian 0.00 1 -1 549.34 265.90 561.70 297.75 -1.00 -1.00 -1.00 -1000.00 -1000.00 -1000.00 -1.000 -1.000 -1.000 -1.000 1.00 -1000.0000000000 -1000.0000000000 -1000.0000000000 -1000.0000000000 False True False False
Pedestrian 0.00 1 -1 645.04 260.84 661.34 302.63 -1.00 -1.00 -1.00 -1000.00 -1000.00 -1000.00 -1.000 -1.000 -1.000 -1.000 1.00 -1000.0000000000 -1000.0000000000 -1000.0000000000 -1000.0000000000 False True False False
Pedestrian 0.07 1 -1 441.00 267.00 460.00 319.00 1.53 0.45 0.58 -6.43 1.71 68.97 -4.588 -0.001 -0.005 -3.017 1.00 -0.0023933764 0.0004541204 -0.9980519917 0.0623400950 True True True False
