PassengerCar 0.00 2 -1 362.00 289.00 644.00 407.00 1.56 1.72 3.86 -2.36 1.97 32.86 -2.453 0.000 0.000 -0.882 1.00 0.0000000000 0.0000000000 -0.4270443408 0.9042306846 True True True False
PassengerCar 0.00 3 -1 231.00 282.00 551.00 409.00 1.58 1.82 3.89 -3.66 1.86 30.64 -2.604 0.000 0.000 -1.033 1.00 0.0000000000 0.0000000000 -0.4938787708 0.8695307699 True True True False
PassengerCar 0.00 2 -1 158.00 276.00 544.00 406.00 1.49 1.81 4.37 -3.86 1.68 28.30 -2.705 0.000 0.000 -1.135 1.00 0.0000000000 0.0000000000 -0.5373932406 0.8433317882 True True True False
PassengerCar 0.00 2 -1 90.00 268.00 525.00 434.00 1.44 1.70 3.98 -3.44 1.53 21.97 -2.537 0.003 -0.002 -0.966 1.00 0.0008109700 -0.0018170531 -0.4646058622 0.8855153491 True True True False
PassengerCar 0.38 0 -1 0.00 245.00 406.00 471.00 1.44 1.77 4.40 -4.21 1.35 16.58 -2.688 -0.003 -0.001 -1.117 1.00 -0.0017170551 0.0002118161 -0.5300461942 0.8479670034 True True True False
PassengerCar 1.00 3 -1 1280.00 253.00 1280.00 720.00 1.53 1.86 3.71 4.71 1.52 9.05 -1.658 0.000 0.000 -0.087 1.00 0.0000000000 0.0000000000 -0.0434064822 0.9990574945 True False True False
PassengerCar 0.00 1 -1 882.00 295.00 1011.00 385.00 1.42 1.81 4.06 4.67 2.02 39.32 -1.538 0.000 0.000 0.033 1.00 0.0000000000 0.0000000000 0.0163791491 0.9998658527 True True True False
PassengerCar 0.00 3 -1 434.86 290.67 626.60 393.86 -1.00 -1.00 -1.00 -1000.00 -1000.00 -1000.00 -1.000 -1.000 -1.000 -1.000 1.00 -1000.0000000000 -1000.0000000000 -1000.0000000000 -1000.0000000000 True True False False
DontCare 0.34 -1 -1 922.00 195.00 1280.00 515.00 1.92 2.61 4.23 3.47 1.56 16.39 -1.632 -0.020 -0.001 -0.061 1.00 -0.0098199047 -0.0002995436 -0.0304880692 0.9994868470 False False False False
Vehicle 0.24 3 -1 0.00 255.00 380.00 437.00 1.43 1.77 3.95 -4.61 1.40 19.89 -2.679 0.000 0.000 -1.108 1.00 0.0000000000 0.0000000000 -0.5261003679 0.8504224850 False False True False
LargeVehicle 0.00 0 -1 700.00 260.00 797.00 365.00 2.19 2.02 4.47 1.73 2.19 50.66 -1.556 0.000 0.000 0.015 1.00 0.0000000000 0.0000000000 0.0076380827 0.9999708294 True True True False
Pedestrian 1.00 3 -1 1280.00 229.00 1280.00 531.00 1.82 0.66 0.59 4.86 1.63 14.34 -1.353 0.000 -0.013 0.218 1.00 0.0007161190 -0.0065574260 0.1085595186 0.9940680652 True False True False
