PassengerCar 0.12 0 -1 893.00 248.00 1280.00 378.00 1.37 1.90 4.46 5.01 1.29 26.43 -2.571 0.016 -0.010 -1.000 1.00 0.0045221224 -0.0082786336 -0.4793621018 0.8775665160 True True True False
PassengerCar 0.00 0 -1 56.00 277.00 213.00 370.00 1.74 1.77 3.62 -10.42 2.06 45.70 -4.551 -0.006 0.000 -2.981 1.00 -0.0001820156 0.0030918143 -0.9967576900 0.0804022081 True True True False
PassengerCar 0.00 1 -1 240.00 279.00 348.00 363.00 1.54 1.97 4.05 -7.24 1.92 44.93 1.404 0.003 -0.014 2.975 1.00 0.0072376904 0.0008513206 0.9964989877 0.0832866053 True True True False
PassengerCar 0.84 3 -1 0.00 291.00 28.00 367.00 1.46 1.85 3.86 -14.74 2.09 47.18 -1.382 0.000 0.000 0.189 1.00 0.0000000000 0.0000000000 0.0941652524 0.9955565806 True True True True
DontCare 0.00 -1 -1 511.73 273.70 552.86 289.99 -1.00 -1.00 -1.00 -1000.00 -1000.00 -1000.00 -1.000 -1.000 -1.000 -1.000 1.00 -1000.0000000000 -1000.0000000000 -1000.0000000000 -1000.0000000000 False False False False
Pedestrian 0.00 0 -1 387.00 158.00 544.00 558.00 1.72 0.90 0.64 -0.89 1.28 10.40 -3.160 0.000 0.000 -1.589 1.00 0.0000000000 0.0000000000 -0.7136751641 0.7004768092 True True True True
Pedestrian 0.00 2 -1 1162.00 234.00 1204.00 322.00 1.84 0.76 0.56 10.83 1.27 48.80 -1.554 0.000 0.000 0.017 1.00 0.0000000000 0.0000000000 0.0083650027 0.9999650128 True True True False
Pedestrian 0.00 2 -1 1192.00 228.00 1227.00 324.00 1.80 0.60 0.42 10.22 1.20 43.76 -1.437 0.000 0.000 0.133 1.00 0.0000000000 0.0000000000 0.0666192919 0.9977784674 True True True False
Pedestrian 0.00 2 -1 1136.00 228.00 1175.00 318.00 1.92 0.73 0.73 10.50 1.22 49.95 -1.467 0.000 0.000 0.104 1.00 0.0000000000 0.0000000000 0.0519139328 0.9986515626 True True True False
Pedestrian 0.00 2 -1 1098.00 239.00 1127.00 316.00 1.65 0.57 0.44 9.55 1.18 49.86 -1.482 0.000 0.000 0.089 1.00 0.0000000000 0.0000000000 0.0444877068 0.9990099319 True True True False
Pedestrian 0.00 2 -1 1067.00 237.00 1102.00 316.00 1.66 0.65 0.48 8.75 1.16 48.70 -1.571 0.000 0.000 0.000 1.00 0.0000000000 0.0000000000 0.0000000000 1.0000000000 True True True False
Pedestrian 0.00 2 -1 1037.00 248.00 1066.00 319.00 1.75 0.58 0.50 9.48 1.45 57.33 -1.113 0.000 0.000 0.458 1.00 0.0000000000 0.0000000000 0.2268119707 0.9739385658 True True True False
Pedestrian 0.00 2 -1 1018.00 249.00 1045.00 323.00 1.86 0.61 0.52 9.28 1.58 59.10 -1.533 0.001 -0.016 0.038 1.00 0.0004870633 -0.0078563120 0.0190362188 0.9997878092 True True True False
Pedestrian 1.00 3 -1 1280.00 206.00 1280.00 378.00 2.02 0.72 0.79 8.56 1.38 27.80 -4.509 0.002 0.015 -2.938 1.00 0.0074233814 -0.0000647168 -0.9948052385 0.1015254975 True False True False
Pedestrian_is_group 0.54 0 -1 1249.00 205.00 1280.00 319.00 1.76 0.94 0.40 9.60 0.91 36.26 1.189 0.000 0.000 2.759 1.00 0.0000000000 0.0000000000 0.9817879627 0.1899799891 True True True True
Pedestrian 0.00 2 -1 525.00 253.00 571.00 359.00 1.63 0.40 0.66 -1.86 1.52 36.21 0.147 0.000 0.000 1.718 1.00 0.0000000000 0.0000000000 0.7571022918 0.6532963491 True True True False
Pedestrian 0.00 2 -1 265.00 258.00 314.00 374.00 1.78 0.52 0.69 -5.85 1.75 35.99 -3.203 0.001 -0.016 -1.632 1.00 -0.0055967946 -0.0059509091 -0.7284237391 0.6850781845 True True True False
