PassengerCar 1.00 0 -1 1257.00 243.00 1280.00 720.00 1.33 1.91 3.88 2.79 1.34 5.07 -1.602 -0.005 -0.005 -0.031 1.00 -0.0026849337 -0.0025910756 -0.0153612256 0.9998750473 True False True False
PassengerCar 0.59 1 -1 1018.00 263.00 1280.00 633.00 1.40 1.68 3.98 2.82 1.42 10.78 -1.599 -0.000 -0.001 -0.028 1.00 -0.0000353905 -0.0003461657 -0.0139611393 0.9999024780 True True True False
PassengerCar 0.00 2 -1 927.00 271.00 1280.00 513.00 1.46 1.81 3.63 2.87 1.53 15.80 -1.570 0.000 0.000 0.001 1.00 0.0000000000 0.0000000000 0.0004568621 0.9999998956 True True True False
PassengerCar 0.63 0 -1 0.00 258.00 295.00 693.00 1.37 1.77 4.31 -2.84 1.40 9.61 -1.544 0.017 -0.004 0.026 1.00 0.0085181809 -0.0018484460 0.0132609637 0.9998740774 True True True False
PassengerCar 0.06 3 -1 0.00 278.00 416.00 535.00 1.36 1.81 4.39 -2.74 1.47 14.51 -1.557 0.000 0.000 0.014 1.00 0.0000000000 0.0000000000 0.0068680158 0.9999764149 True True True False
PassengerCar 0.00 2 -1 195.00 281.00 475.00 484.00 1.50 1.75 4.22 -2.67 1.68 19.51 -1.571 0.000 0.000 0.000 1.00 0.0000000000 0.0000000000 0.0000000000 1.0000000000 True True True False
PassengerCar 0.00 3 -1 306.00 289.00 513.00 442.00 1.51 1.81 3.80 -2.71 1.83 25.14 -1.571 0.000 0.000 0.000 1.00 0.0000000000 0.0000000000 0.0000000000 1.0000000000 True True True False
PassengerCar 0.00 3 -1 383.00 302.00 533.00 413.00 1.31 1.54 3.94 -2.58 1.84 29.37 -1.571 0.000 -0.017 0.000 1.00 0.0000000000 -0.0085013043 0.0000000000 0.9999638633 True True True True
PassengerCar 0.00 1 -1 539.00 303.00 608.00 364.00 1.41 1.53 3.84 -2.28 2.47 56.95 -1.571 0.000 0.000 0.000 1.00 0.0000000000 0.0000000000 0.0000000000 1.0000000000 True True True False
PassengerCar 0.00 2 -1 547.00 302.00 614.00 357.00 1.34 1.62 3.68 -2.24 2.46 60.81 -1.571 0.000 0.000 0.000 1.00 0.0000000000 0.0000000000 0.0000000000 1.0000000000 True True True False
PassengerCar 0.00 2 -1 575.22 287.09 628.01 333.38 -1.00 -1.00 -1.00 -1000.00 -1000.00 -1000.00 -1.000 -1.000 -1.000 -1.000 1.00 -1000.0000000000 -1000.0000000000 -1000.0000000000 -1000.0000000000 True True False False
PassengerCar 0.00 2 -1 598.39 286.27 635.79 334.20 -1.00 -1.00 -1.00 -1000.00 -1000.00 -1000.00 -1.000 -1.000 -1.000 -1.000 1.00 -1000.0000000000 -1000.0000000000 -1000.0000000000 -1000.0000000000 True True False False
PassengerCar 0.00 3 -1 607.91 296.79 643.35 334.76 -1.00 -1.00 -1.00 -1000.00 -1000.00 -1000.00 -1.000 -1.000 -1.000 -1.000 1.00 -1000.0000000000 -1000.0000000000 -1000.0000000000 -1000.0000000000 True True False False
PassengerCar 0.00 2 -1 622.19 298.59 652.03 324.39 -1.00 -1.00 -1.00 -1000.00 -1000.00 -1000.00 -1.000 -1.000 -1.000 -1.000 1.00 -1000.0000000000 -1000.0000000000 -1000.0000000000 -1000.0000000000 True True False False
PassengerCar 0.00 0 -1 663.07 293.71 699.92 327.75 -1.00 -1.00 -1.00 -1000.00 -1000.00 -1000.00 -1.000 -1.000 -1.000 -1.000 1.00 -1000.0000000000 -1000.0000000000 -1000.0000000000 -1000.0000000000 True True False False
PassengerCar 0.00 1 -1 821.00 243.00 1070.00 439.00 1.72 1.79 4.40 2.60 1.58 22.61 -1.595 0.000 0.000 -0.024 1.00 0.0000000000 0.0000000000 -0.0118939546 0.9999292644 True True True False
PassengerCar 0.00 3 -1 808.00 290.00 983.00 416.00 1.43 1.79 3.84 2.76 1.81 28.78 -1.571 0.000 0.000 0.000 1.00 0.0000000000 0.0000000000 0.0000000000 1.0000000000 True True True False
PassengerCar 0.00 3 -1 791.00 296.00 945.00 402.00 1.46 1.69 3.84 2.93 2.00 34.60 -1.649 0.000 0.000 -0.078 1.00 0.0000000000 0.0000000000 -0.0388850126 0.9992436919 True True True False
PassengerCar 0.00 2 -1 771.00 296.00 884.00 388.00 1.43 1.55 3.85 2.63 2.03 38.81 -1.593 0.000 0.000 -0.022 1.00 0.0000000000 0.0000000000 -0.0110335034 0.9999391290 True True True False
PassengerCar 0.00 2 -1 751.00 299.00 832.00 364.00 1.51 1.69 3.83 3.07 2.50 58.02 -1.606 0.000 0.000 -0.035 1.00 0.0000000000 0.0000000000 -0.0173683881 0.9998491582 True True True False
PassengerCar 0.00 2 -1 736.37 295.86 773.85 336.15 -1.00 -1.00 -1.00 -1000.00 -1000.00 -1000.00 -1.000 -1.000 -1.000 -1.000 1.00 -1000.0000000000 -1000.0000000000 -1000.0000000000 -1000.0000000000 True True False False
PassengerCar 0.00 2 -1 714.18 286.17 771.19 322.58 -1.00 -1.00 -1.00 -1000.00 -1000.00 -1000.00 -1.000 -1.000 -1.000 -1.000 1.00 -1000.0000000000 -1000.0000000000 -1000.0000000000 -1000.0000000000 True True False False
RidableVehicle 0.00 0 -1 381.00 214.00 502.00 517.00 1.76 0.62 1.29 -1.37 1.50 14.21 1.568 0.000 -0.001 3.139 1.00 0.0006642957 0.0000007964 0.9999990608 0.0011988204 True True True False
RidableVehicle 0.00 0 -1 498.00 232.00 583.00 475.00 1.75 0.60 1.01 -0.93 1.54 17.19 1.553 0.000 0.000 3.124 1.00 0.0000000000 0.0000000000 0.9999591289 0.0090410424 True True True False
Vehicle 0.00 3 -1 401.00 285.00 534.00 388.00 1.50 1.72 3.84 -3.03 1.88 35.95 -1.571 0.000 0.000 0.000 1.00 0.0000000000 0.0000000000 0.0000000000 1.0000000000 True False False True
Obstacle 1.00 3 -1 1280.00 202.00 1280.00 480.00 1.57 0.45 0.42 4.91 1.24 13.31 -1.540 0.000 0.000 0.031 1.00 0.0000000000 0.0000000000 0.0156317373 0.9998778169 True False True False
Obstacle 1.00 3 -1 1280.00 252.00 1280.00 471.00 1.27 0.29 0.29 4.46 1.23 13.68 -1.592 0.000 0.000 -0.021 1.00 0.0000000000 0.0000000000 -0.0104389280 0.9999455129 True False True False
Obstacle 0.00 3 -1 329.00 271.00 367.00 387.00 1.70 0.46 0.38 -4.75 1.86 34.55 -1.366 0.000 0.000 0.204 1.00 0.0000000000 0.0000000000 0.1020589398 0.9947783536 True False True False
