PassengerCar 0.00 3 -1 686.00 271.00 769.00 334.00 1.51 1.83 4.31 1.54 1.77 58.11 -4.629 0.000 0.000 -3.058 1.00 0.0000000000 0.0000000000 -0.9991311207 0.0416773753 True True True False
PassengerCar 0.00 1 -1 748.00 272.00 847.00 353.00 1.50 1.81 4.23 2.59 1.77 45.37 -4.629 -0.001 -0.012 -3.059 1.00 -0.0058228426 0.0002420160 -0.9991204050 0.0415265250 True True True False
PassengerCar 1.00 3 -1 1280.00 287.00 1280.00 361.00 1.50 1.87 4.19 17.64 2.09 50.43 -1.363 0.000 0.000 0.208 1.00 0.0000000000 0.0000000000 0.1039581063 0.9945816770 True False True False
PassengerCar 0.00 1 -1 1166.53 268.77 1268.40 299.53 -1.00 -1.00 -1.00 -1000.00 -1000.00 -1000.00 -1.000 -1.000 -1.000 -1.000 1.00 -1000.0000000000 -1000.0000000000 -1000.0000000000 -1000.0000000000 True True False False
PassengerCar 0.00 3 -1 850.89 273.14 905.85 313.00 -1.00 -1.00 -1.00 -1000.00 -1000.00 -1000.00 -1.000 -1.000 -1.000 -1.000 1.00 -1000.0000000000 -1000.0000000000 -1000.0000000000 -1000.0000000000 True True False False
Obstacle 1.00 3 -1 0.00 214.00 0.00 356.00 1.66 0.48 0.48 -10.81 1.11 27.35 1.563 0.000 0.000 3.134 1.00 0.0000000000 0.0000000000 0.9999922649 0.0039332009 True False True True
Pedestrian 1.00 3 -1 1280.00 269.00 1280.00 438.00 1.74 0.52 0.82 7.58 1.82 24.14 0.003 0.000 0.000 1.573 1.00 0.0000000000 0.0000000000 0.7080396839 0.7061726460 True False True False
Pedestrian 1.00 3 -1 1280.00 275.00 1280.00 434.00 1.60 0.45 0.49 8.03 1.74 23.53 0.007 -0.001 0.000 1.578 1.00 -0.0004586236 -0.0004619874 0.7096855707 0.7045182517 True False True False
Pedestrian 0.20 3 -1 1243.00 246.00 1280.00 383.00 1.54 0.57 0.38 6.83 1.38 26.51 0.055 0.000 0.000 1.626 1.00 0.0000000000 0.0000000000 0.7262373819 0.6874440087 True False True False
Pedestrian_is_group 0.00 1 -1 1185.00 259.00 1263.00 389.00 1.43 0.43 0.73 6.18 1.41 25.75 -0.082 0.004 0.000 1.489 1.00 0.0015704417 0.0014579360 0.6774797170 0.7355383343 True True True False
Pedestrian 0.00 0 -1 965.00 246.00 1026.00 402.00 1.77 0.65 0.57 3.74 1.60 26.50 -0.061 0.000 0.000 1.509 1.00 0.0000000000 0.0000000000 0.6850368453 0.7285084218 True True True True
Pedestrian 0.00 0 -1 884.00 246.00 966.00 403.00 1.71 0.50 0.84 2.82 1.55 25.47 -3.170 0.000 0.000 -1.599 1.00 0.0000000000 0.0000000000 -0.7170103306 0.6970625408 True True True False
Pedestrian 0.00 0 -1 786.00 241.00 867.00 404.00 1.74 0.65 0.83 1.71 1.53 25.05 -3.136 0.000 0.000 -1.565 1.00 0.0000000000 0.0000000000 -0.7052216558 0.7089868942 True True True False
Pedestrian 0.00 1 -1 867.00 245.00 941.00 405.00 1.89 0.61 0.78 2.83 1.70 27.76 -3.184 -0.013 -0.000 -1.613 1.00 -0.0046790433 0.0046826217 -0.7219986281 0.6918628192 True True True False
Pedestrian 0.00 0 -1 734.00 230.00 786.00 394.00 1.79 0.41 0.54 1.02 1.46 25.58 -3.151 0.000 0.000 -1.580 1.00 0.0000000000 0.0000000000 -0.7104779869 0.7037194258 True True True False
Pedestrian 0.00 0 -1 630.00 245.00 708.00 401.00 1.64 0.69 0.83 0.02 1.48 24.86 -3.143 0.000 0.000 -1.573 1.00 0.0000000000 0.0000000000 -0.7077710757 0.7064418620 True True True False
Pedestrian 0.00 0 -1 571.00 224.00 614.00 396.00 1.86 0.52 0.45 -0.81 1.47 25.35 -3.144 0.000 0.000 -1.573 1.00 0.0000000000 0.0000000000 -0.7079667579 0.7062457573 True True True False
Pedestrian 0.00 0 -1 504.00 231.00 559.00 391.00 1.79 0.53 0.59 -1.54 1.46 26.36 -3.147 0.000 0.000 -1.576 1.00 0.0000000000 0.0000000000 -0.7090829534 0.7051250706 True True True False
Pedestrian 0.00 0 -1 427.00 233.00 484.00 386.00 1.79 0.45 0.59 -2.48 1.46 27.22 -3.063 0.000 0.000 -1.492 1.00 0.0000000000 0.0000000000 -0.6787360119 0.7343823433 True True True False
Pedestrian 0.00 0 -1 397.00 236.00 440.00 379.00 1.72 0.39 0.48 -3.02 1.43 28.21 -3.148 0.000 0.000 -1.577 1.00 0.0000000000 0.0000000000 -0.7092281440 0.7049790350 True True True False
Pedestrian 0.96 3 -1 0.00 222.00 3.00 370.00 1.63 0.46 0.69 -7.83 1.21 26.03 -3.512 0.000 0.000 -1.941 1.00 0.0000000000 0.0000000000 -0.8252315368 0.5647945739 True False True False
Pedestrian 1.00 3 -1 0.00 206.00 0.00 359.00 1.72 0.75 0.92 -8.42 1.11 26.73 -3.536 0.000 0.000 -1.965 1.00 0.0000000000 0.0000000000 -0.8320020611 0.5547725393 True False True False
Pedestrian 0.00 0 -1 613.00 243.00 657.00 357.00 1.65 0.62 0.63 -0.48 1.40 33.96 1.517 0.000 0.000 3.088 1.00 0.0000000000 0.0000000000 0.9996417597 0.0267647595 True True True False
Pedestrian 0.00 3 -1 887.00 253.00 938.00 390.00 1.67 0.52 0.58 3.00 1.57 28.44 -3.113 0.000 0.000 -1.542 1.00 0.0000000000 0.0000000000 -0.6968379766 0.7172285789 True True True False
