PassengerCar 0.00 0 -1 867.00 269.00 1050.00 388.00 1.46 1.87 4.43 3.75 1.57 30.52 -1.566 0.000 0.000 0.005 1.00 0.0000000000 0.0000000000 0.0025157424 0.9999968355 True True True False
PassengerCar 0.00 2 -1 845.00 280.00 985.00 382.00 1.50 1.84 4.11 3.79 1.80 36.18 -1.545 0.000 0.000 0.026 1.00 0.0000000000 0.0000000000 0.0127509353 0.9999187035 True True True False
PassengerCar 0.00 -1 -1 829.22 279.49 923.22 352.87 -1.00 -1.00 -1.00 -1000.00 -1000.00 -1000.00 -1.000 -1.000 -1.000 -1.000 1.00 -1000.0000000000 -1000.0000000000 -1000.0000000000 -1000.0000000000 -1 -1 -1 -1
PassengerCar 0.00 3 -1 829.00 280.00 936.00 354.00 1.45 1.83 4.45 4.42 1.87 48.22 -1.571 0.000 0.000 0.000 1.00 0.0000000000 0.0000000000 0.0000000000 1.0000000000 True True True False
PassengerCar 0.00 0 -1 800.00 279.00 892.00 347.00 1.52 1.82 4.18 4.10 1.94 53.71 -1.571 0.000 0.000 0.000 1.00 0.0000000000 0.0000000000 0.0000000000 1.0000000000 True True True False
PassengerCar 0.00 0 -1 547.00 287.00 636.00 353.00 1.45 1.82 4.16 -1.82 2.08 54.27 -1.665 0.000 0.000 -0.094 1.00 0.0000000000 0.0000000000 -0.0468731919 0.9989008479 True True True False
PassengerCar 0.59 1 -1 0.00 289.00 71.00 391.00 1.52 1.83 4.22 -10.92 2.00 37.50 1.488 -0.008 0.001 3.059 1.00 -0.0006637616 -0.0040491505 0.9991413092 0.0412287296 True True True False
PassengerCar 0.00 -1 -1 647.56 287.09 693.04 321.73 -1.00 -1.00 -1.00 -1000.00 -1000.00 -1000.00 -1.000 -1.000 -1.000 -1.000 1.00 -1000.0000000000 -1000.0000000000 -1000.0000000000 -1000.0000000000 -1 -1 -1 -1
PassengerCar 0.00 -1 -1 761.31 283.63 804.42 319.81 -1.00 -1.00 -1.00 -1000.00 -1000.00 -1000.00 -1.000 -1.000 -1.000 -1.000 1.00 -1000.0000000000 -1000.0000000000 -1000.0000000000 -1000.0000000000 -1 -1 -1 -1
PassengerCar 0.00 -1 -1 754.85 285.71 790.33 317.50 -1.00 -1.00 -1.00 -1000.00 -1000.00 -1000.00 -1.000 -1.000 -1.000 -1.000 1.00 -1000.0000000000 -1000.0000000000 -1000.0000000000 -1000.0000000000 -1 -1 -1 -1
PassengerCar 0.00 -1 -1 949.77 276.33 1052.80 342.21 -1.00 -1.00 -1.00 -1000.00 -1000.00 -1000.00 -1.000 -1.000 -1.000 -1.000 1.00 -1000.0000000000 -1000.0000000000 -1000.0000000000 -1000.0000000000 -1 -1 -1 -1
Vehicle 1.00 3 -1 0.00 303.00 0.00 382.00 1.88 2.08 4.75 -21.05 2.97 58.68 -1.553 0.000 0.000 0.017 1.00 0.0000000000 0.0000000000 0.0086691665 0.9999624221 True False True False
Pedestrian 1.00 3 -1 0.00 292.00 0.00 375.00 1.59 0.59 0.61 -17.05 2.20 45.05 -1.964 0.000 0.000 -0.393 1.00 0.0000000000 0.0000000000 -0.1954769902 0.9807082881 True True True False
Pedestrian 1.00 3 -1 1280.00 159.00 1280.00 444.00 1.76 0.51 0.59 4.23 1.13 14.71 -4.306 0.000 0.000 -2.735 1.00 0.0000000000 0.0000000000 -0.9794060183 0.2019005974 True False True False
Pedestrian 1.00 3 -1 1280.00 238.00 1280.00 352.00 1.59 0.48 0.71 10.47 1.27 32.71 -1.571 0.000 0.000 0.000 1.00 0.0000000000 0.0000000000 0.0000000000 1.0000000000 True False True False
Pedestrian 0.54 0 -1 1238.00 173.00 1280.00 428.00 1.80 0.56 0.45 4.41 1.18 16.68 -1.455 0.000 0.000 0.116 1.00 0.0000000000 0.0000000000 0.0580727057 0.9983123564 True True True False
Pedestrian 0.11 1 -1 1210.00 213.00 1280.00 424.00 1.54 0.46 0.34 4.29 1.19 17.15 1.510 0.000 0.000 3.081 1.00 0.0000000000 0.0000000000 0.9995409947 0.0302952129 True True True False
