PassengerCar 1.00 3 -1 1280.00 332.00 1280.00 451.00 1.40 1.71 4.20 12.30 2.45 31.62 -0.704 0.040 -0.028 0.867 1.00 0.0239561486 -0.0043944048 0.4202229111 0.9070939847 True False True False
PassengerCar 1.00 3 -1 1280.00 349.00 1280.00 409.00 1.48 1.98 4.41 22.10 4.09 66.26 0.971 0.000 0.000 2.542 1.00 0.0000000000 0.0000000000 0.9553899610 0.2953472912 True False True False
LargeVehicle 0.00 2 -1 917.00 309.00 1201.00 413.00 3.43 2.78 16.86 13.92 5.32 85.23 1.258 0.008 -0.025 2.829 1.00 0.0130155338 0.0020516808 0.9877169744 0.1556970293 True True True False
Pedestrian 1.00 3 -1 0.00 342.00 0.00 457.00 1.50 0.59 0.34 -10.65 2.60 31.00 1.299 0.000 0.000 2.869 1.00 0.0000000000 0.0000000000 0.9907566320 0.1356513769 True False True False
Pedestrian 0.10 3 -1 0.00 322.00 47.00 455.00 1.81 0.63 0.45 -8.94 2.67 32.14 1.487 0.000 0.000 3.058 1.00 0.0000000000 0.0000000000 0.9991302795 0.0416975374 True False True False
Pedestrian 0.00 1 -1 273.00 337.00 303.00 435.00 1.58 0.41 0.32 -6.15 2.81 37.61 -4.600 0.000 0.000 -3.029 1.00 0.0000000000 0.0000000000 -0.9984077616 0.0564087013 True True True False
Pedestrian 0.00 0 -1 248.00 342.00 284.00 439.00 1.53 0.48 0.45 -6.41 2.83 37.11 -1.487 0.002 -0.000 0.084 1.00 0.0009019552 -0.0001289474 0.0417898963 0.9991260053 True True True False
Pedestrian 0.00 0 -1 351.00 323.00 390.00 437.00 1.75 0.48 0.58 -4.63 2.73 36.23 -3.217 0.000 0.000 -1.646 1.00 0.0000000000 0.0000000000 -0.7331466505 0.6800705764 True True True False
Pedestrian 0.00 0 -1 387.00 328.00 431.00 439.00 1.80 0.53 0.51 -4.28 2.94 38.51 -2.264 0.000 0.000 -0.693 1.00 0.0000000000 0.0000000000 -0.3397411606 0.9405189758 True True True False
Pedestrian 0.06 1 -1 578.00 332.00 599.00 410.00 1.70 0.39 0.34 -1.73 3.26 50.91 -0.331 0.000 0.000 1.240 1.00 0.0000000000 0.0000000000 0.5811157996 0.8138208817 True True True False
Pedestrian 0.00 0 -1 590.00 322.00 620.00 403.00 1.78 0.53 0.51 -1.38 3.14 51.45 1.221 0.000 0.000 2.791 1.00 0.0000000000 0.0000000000 0.9847041053 0.1742349706 True True True False
