PassengerCar 0.00 1 -1 615.00 273.00 743.00 350.00 1.31 1.67 3.58 0.27 1.61 44.88 -4.497 0.073 -0.013 -2.927 1.00 -0.0025491103 -0.0371923307 -0.9935119950 0.1074436988 True True True False
PassengerCar 0.00 1 -1 685.00 267.00 826.00 338.00 1.43 1.77 4.18 1.94 1.59 49.74 -4.362 0.021 -0.008 -2.791 1.00 -0.0019873920 -0.0112178740 -0.9846026763 0.1744356027 True True True False
PassengerCar 0.00 2 -1 762.00 264.00 875.00 333.00 1.50 1.81 3.90 3.70 1.65 56.28 -4.423 0.058 -0.017 -2.852 1.00 -0.0043902355 -0.0300419805 -0.9890339162 0.1445341405 True True True False
PassengerCar 0.00 1 -1 842.00 265.00 936.00 325.00 1.52 1.81 4.13 6.34 1.72 66.00 -4.430 0.070 -0.020 -2.859 1.00 -0.0051406970 -0.0360551007 -0.9893312429 0.1410577712 True True True False
PassengerCar 0.00 2 -1 886.00 269.00 968.00 321.00 1.46 1.77 4.01 8.12 1.79 72.43 -4.426 0.069 -0.020 -2.855 1.00 -0.0051401039 -0.0355577668 -0.9890737140 0.1429769663 True True True False
PassengerCar 0.00 1 -1 890.61 262.68 978.45 309.69 -1.00 -1.00 -1.00 -1000.00 -1000.00 -1000.00 -1.000 -1.000 -1.000 -1.000 1.00 -1000.0000000000 -1000.0000000000 -1000.0000000000 -1000.0000000000 True True False False
PassengerCar 0.00 1 -1 963.13 256.65 1018.79 300.87 -1.00 -1.00 -1.00 -1000.00 -1000.00 -1000.00 -1.000 -1.000 -1.000 -1.000 1.00 -1000.0000000000 -1000.0000000000 -1000.0000000000 -1000.0000000000 True True False False
PassengerCar 0.00 0 -1 1014.72 267.80 1057.83 298.20 -1.00 -1.00 -1.00 -1000.00 -1000.00 -1000.00 -1.000 -1.000 -1.000 -1.000 1.00 -1000.0000000000 -1000.0000000000 -1000.0000000000 -1000.0000000000 True True False False
PassengerCar 0.00 1 -1 1040.93 257.48 1095.87 293.18 -1.00 -1.00 -1.00 -1000.00 -1000.00 -1000.00 -1.000 -1.000 -1.000 -1.000 1.00 -1000.0000000000 -1000.0000000000 -1000.0000000000 -1000.0000000000 True True False False
Pedestrian 0.00 0 -1 359.00 185.00 495.00 430.00 1.84 0.67 0.85 -1.83 1.27 17.80 0.258 0.000 0.000 1.829 1.00 0.0000000000 0.0000000000 0.7921761862 0.6102924627 True True True False
