PassengerCar 0.00 0 -1 810.00 268.00 1148.00 370.00 1.51 1.82 4.87 4.83 1.65 35.99 -3.443 -0.009 -0.004 -1.873 1.00 -0.0042318380 0.0026712968 -0.8053416340 0.5927898517 True True True False
PassengerCar 1.00 3 -1 1280.00 271.00 1280.00 432.00 1.41 1.71 4.13 8.66 1.55 22.40 -3.646 -0.021 0.004 -2.075 1.00 -0.0038519753 0.0100762973 -0.8610619220 0.5083856774 True False True False
DontCare 0.00 -1 -1 496.00 257.00 610.00 327.00 1.77 1.41 2.56 -2.94 1.69 59.77 -2.638 0.000 0.000 -1.068 1.00 0.0000000000 0.0000000000 -0.5088421515 0.8608598404 False False False False
Pedestrian 0.00 0 -1 1206.00 207.00 1277.00 415.00 1.90 0.55 0.42 5.31 1.41 21.48 -1.571 0.000 0.000 0.000 1.00 0.0000000000 0.0000000000 0.0000000000 1.0000000000 True True True False
Pedestrian 0.00 2 -1 1152.00 218.00 1220.00 416.00 1.80 0.49 0.58 4.77 1.41 21.38 -1.571 0.000 0.000 0.000 1.00 0.0000000000 0.0000000000 0.0000000000 1.0000000000 True True True False
Pedestrian 1.00 3 -1 1280.00 191.00 1280.00 486.00 1.62 0.34 0.57 4.92 1.24 13.06 1.490 0.000 0.000 3.061 1.00 0.0000000000 0.0000000000 0.9991831748 0.0404101864 True False True False
Pedestrian 0.00 0 -1 971.00 234.00 1030.00 406.00 1.76 0.55 0.46 3.43 1.49 23.95 -4.682 0.000 0.000 -3.111 1.00 0.0000000000 0.0000000000 -0.9998859913 0.0150998158 True True True False
Pedestrian 0.00 1 -1 917.00 248.00 967.00 404.00 1.60 0.46 0.37 2.84 1.47 24.03 1.542 0.000 0.000 3.113 1.00 0.0000000000 0.0000000000 0.9998962895 0.0144017441 True True True False
Pedestrian 0.00 0 -1 524.00 247.00 559.00 362.00 1.71 0.52 0.59 -1.89 1.51 34.90 1.521 0.000 0.000 3.091 1.00 0.0000000000 0.0000000000 0.9996855320 0.0250766254 True True True False
Pedestrian 0.00 0 -1 469.00 246.00 501.00 354.00 1.59 0.45 0.65 -2.72 1.38 34.70 1.545 0.000 0.000 3.116 1.00 0.0000000000 0.0000000000 0.9999183508 0.0127785644 True True True False
Pedestrian 0.00 0 -1 416.00 241.00 458.00 360.00 1.74 0.59 0.56 -3.41 1.46 34.41 1.527 0.000 0.000 3.098 1.00 0.0000000000 0.0000000000 0.9997593384 0.0219377605 True True True False
Pedestrian 0.00 1 -1 405.00 249.00 438.00 341.00 1.68 0.45 0.40 -4.54 1.47 42.93 0.724 0.000 0.000 2.295 1.00 0.0000000000 0.0000000000 0.9116437452 0.4109813644 True True True False
Pedestrian 0.00 0 -1 266.00 265.00 304.00 342.00 1.32 0.57 0.49 -6.58 1.39 39.97 1.227 0.000 0.000 2.797 1.00 0.0000000000 0.0000000000 0.9852299343 0.1712366100 True True True False
Pedestrian 0.00 2 -1 272.00 245.00 311.00 341.00 1.69 0.58 0.54 -6.65 1.42 41.09 1.238 0.000 0.000 2.808 1.00 0.0000000000 0.0000000000 0.9861493367 0.1658598374 True True True False
Pedestrian 0.00 0 -1 235.00 238.00 273.00 340.00 1.78 0.53 0.77 -7.29 1.39 40.96 1.213 0.000 0.000 2.783 1.00 0.0000000000 0.0000000000 0.9840075081 0.1781269885 True True True False
Pedestrian 0.64 0 -1 0.00 244.00 11.00 324.00 1.66 0.40 0.58 -14.15 1.32 48.94 0.882 0.000 0.000 2.452 1.00 0.0000000000 0.0000000000 0.9412077785 0.3378282369 True False True False
Pedestrian 1.00 3 -1 0.00 237.00 0.00 325.00 1.82 0.56 0.54 -15.06 1.32 48.43 0.704 0.000 0.000 2.275 1.00 0.0000000000 0.0000000000 0.9075105167 0.4200293587 True False True True
Pedestrian 1.00 3 -1 0.00 239.00 0.00 321.00 1.82 0.59 0.54 -15.86 1.34 52.26 0.875 0.000 0.000 2.446 1.00 0.0000000000 0.0000000000 0.9400979354 0.3409044909 True False True True
