PassengerCar 0.00 0 -1 10.00 279.00 183.00 371.00 1.27 1.60 3.48 -8.31 1.55 34.07 -4.686 0.000 0.000 -3.115 1.00 0.0000000000 0.0000000000 -0.9999138126 0.0131288738 True True True False
PassengerCar 0.43 3 -1 0.00 285.00 68.00 350.00 1.50 1.63 3.67 -15.91 2.09 56.09 0.968 0.000 0.000 2.539 1.00 0.0000000000 0.0000000000 0.9549237832 0.2968510878 True False True True
PassengerCar 1.00 3 -1 0.00 281.00 0.00 358.00 1.50 1.46 3.43 -15.72 1.93 47.38 1.016 0.000 0.000 2.586 1.00 0.0000000000 0.0000000000 0.9617040491 0.2740899886 True True True True
PassengerCar 1.00 3 -1 0.00 282.00 0.00 348.00 1.14 1.36 3.44 -16.86 1.54 42.56 0.932 0.000 0.000 2.503 1.00 0.0000000000 0.0000000000 0.9494726962 0.3138496443 True True True True
PassengerCar 0.85 0 -1 1239.00 262.00 1280.00 391.00 1.38 1.54 4.67 8.15 1.42 27.32 -1.602 0.000 0.000 -0.032 1.00 0.0000000000 0.0000000000 -0.0158248704 0.9998747789 True True True False
PassengerCar 0.52 1 -1 1161.00 239.00 1280.00 376.00 1.78 1.91 4.76 8.54 1.51 32.62 -1.635 0.000 0.000 -0.065 1.00 0.0000000000 0.0000000000 -0.0322953892 0.9994783679 True True True False
PassengerCar 0.00 1 -1 865.00 266.00 997.00 350.00 1.63 1.97 4.37 5.50 1.77 48.88 -1.648 -0.001 0.015 -0.078 1.00 -0.0002844584 0.0073232096 -0.0388130921 0.9992196123 True True True False
PassengerCar 0.00 3 -1 860.90 260.32 923.92 324.51 -1.00 -1.00 -1.00 -1000.00 -1000.00 -1000.00 -1.000 -1.000 -1.000 -1.000 1.00 -1000.0000000000 -1000.0000000000 -1000.0000000000 -1000.0000000000 True True False False
PassengerCar 0.00 1 -1 627.34 255.54 697.53 291.18 -1.00 -1.00 -1.00 -1000.00 -1000.00 -1000.00 -1.000 -1.000 -1.000 -1.000 1.00 -1000.0000000000 -1000.0000000000 -1000.0000000000 -1000.0000000000 True True False False
PassengerCar 0.00 2 -1 188.00 277.03 317.91 339.64 -1.00 -1.00 -1.00 -1000.00 -1000.00 -1000.00 -1.000 -1.000 -1.000 -1.000 1.00 -1000.0000000000 -1000.0000000000 -1000.0000000000 -1000.0000000000 True True False False
Vehicle 0.00 2 -1 837.80 248.02 919.13 290.01 -1.00 -1.00 -1.00 -1000.00 -1000.00 -1000.00 -1.000 -1.000 -1.000 -1.000 1.00 -1000.0000000000 -1000.0000000000 -1000.0000000000 -1000.0000000000 True True False False
LargeVehicle 0.83 3 -1 1235.00 196.00 1280.00 353.00 3.12 2.41 11.67 15.36 1.88 51.98 -1.571 0.000 0.000 0.000 1.00 0.0000000000 0.0000000000 0.0000000000 1.0000000000 True False True False
Pedestrian 0.00 0 -1 631.00 247.00 661.00 324.00 2.04 1.00 0.76 -0.57 1.68 61.91 -3.191 0.000 0.000 -1.620 1.00 0.0000000000 0.0000000000 -0.7244480773 0.6893293722 True True True False
Pedestrian 0.00 1 -1 810.91 262.82 841.43 310.08 -1.00 -1.00 -1.00 -1000.00 -1000.00 -1000.00 -1.000 -1.000 -1.000 -1.000 1.00 -1000.0000000000 -1000.0000000000 -1000.0000000000 -1000.0000000000 True True False True
Pedestrian 0.00 0 -1 786.85 265.36 801.64 313.97 -1.00 -1.00 -1.00 -1000.00 -1000.00 -1000.00 -1.000 -1.000 -1.000 -1.000 1.00 -1000.0000000000 -1000.0000000000 -1000.0000000000 -1000.0000000000 True True False False
