PassengerCar 1.00 3 -1 0.00 185.00 0.00 718.00 1.52 2.19 4.51 -5.11 1.32 8.91 -1.571 0.000 0.000 0.000 1.00 0.0000000000 0.0000000000 0.0000000000 1.0000000000 True False True True
PassengerCar 0.00 0 -1 151.00 214.00 358.00 373.00 1.95 1.92 4.32 -5.36 1.39 30.70 -4.700 0.000 0.000 -3.129 1.00 0.0000000000 0.0000000000 -0.9999803986 0.0062611840 True True True False
PassengerCar 0.00 1 -1 302.00 241.00 454.00 348.00 1.66 2.02 4.72 -5.04 1.37 41.06 -4.701 0.000 0.039 -3.130 1.00 0.0197002870 -0.0001140343 -0.9997891746 0.0057872372 True True True False
PassengerCar 0.00 2 -1 385.00 252.00 483.00 326.00 1.50 1.82 4.26 -4.90 1.32 49.20 1.527 -0.001 0.007 3.098 1.00 -0.0037244527 -0.0001934100 0.9997559916 0.0217726491 True True True False
PassengerCar 0.00 3 -1 425.00 251.00 511.00 315.00 1.52 1.82 4.10 -4.87 1.31 57.39 1.557 0.000 0.000 3.128 1.00 0.0000000000 0.0000000000 0.9999775786 0.0066964433 True True True False
PassengerCar 0.00 0 -1 532.00 253.00 621.00 327.00 1.56 1.81 4.11 -1.97 1.42 51.41 1.562 -0.014 -0.000 3.133 1.00 0.0000297084 -0.0070931711 0.9999660721 0.0041881659 True True True False
PassengerCar 0.00 2 -1 579.03 263.47 636.46 313.98 -1.00 -1.00 -1.00 -1000.00 -1000.00 -1000.00 -1.000 -1.000 -1.000 -1.000 1.00 -1000.0000000000 -1000.0000000000 -1000.0000000000 -1000.0000000000 True True False False
PassengerCar 0.74 0 -1 1053.00 148.00 1280.00 653.00 1.52 1.78 4.20 3.01 1.22 9.54 -1.647 0.049 0.002 -0.077 1.00 0.0245756960 0.0002252332 -0.0383075536 0.9989637209 True True True False
PassengerCar 0.00 1 -1 928.00 224.00 1254.00 431.00 1.52 1.96 4.05 3.40 1.30 19.39 -1.571 0.013 -0.010 0.000 1.00 0.0065650053 -0.0049645755 0.0000325936 0.9999661257 True True True False
PassengerCar 0.00 1 -1 843.00 235.00 1046.00 370.00 1.55 2.00 4.41 3.35 1.27 28.85 -1.571 0.000 0.000 0.000 1.00 0.0000000000 0.0000000000 0.0000000000 1.0000000000 True True True False
PassengerCar 0.00 1 -1 772.00 255.00 875.00 329.00 1.53 1.84 4.12 3.34 1.42 50.29 -1.603 0.000 0.000 -0.032 1.00 0.0000000000 0.0000000000 -0.0162217719 0.9998684184 True True True False
DontCare 0.00 -1 -1 436.00 257.00 535.00 327.00 2.05 2.92 8.42 -5.62 1.98 72.97 1.511 0.000 0.000 3.082 1.00 0.0000000000 0.0000000000 0.9995555435 0.0298113317 False False False False
DontCare 0.00 -1 -1 759.87 263.70 842.47 313.02 -1.00 -1.00 -1.00 -1000.00 -1000.00 -1000.00 -1.000 -1.000 -1.000 -1.000 1.00 -1000.0000000000 -1000.0000000000 -1000.0000000000 -1000.0000000000 False False False False
Vehicle 0.00 3 -1 575.75 232.52 630.63 299.05 -1.00 -1.00 -1.00 -1000.00 -1000.00 -1000.00 -1.000 -1.000 -1.000 -1.000 1.00 -1000.0000000000 -1000.0000000000 -1000.0000000000 -1000.0000000000 True True False False
Pedestrian 0.00 2 -1 1195.00 205.00 1266.00 388.00 1.82 0.53 0.68 5.70 1.27 23.52 1.540 0.000 0.000 3.111 1.00 0.0000000000 0.0000000000 0.9998845630 0.0151940999 True True True False
