PassengerCar 0.81 0 -1 1064.00 114.00 1280.00 720.00 1.50 1.83 3.77 2.66 1.20 7.70 -1.601 0.080 0.013 -0.030 1.00 0.0400394709 0.0057356357 -0.0152046208 0.9990659452 True True True False
PassengerCar 0.35 2 -1 956.00 186.00 1280.00 535.00 1.59 1.80 3.57 2.80 1.26 12.88 -1.594 0.041 0.014 -0.023 1.00 0.0207683021 0.0065789816 -0.0115004260 0.9996965214 True True True False
PassengerCar 0.00 2 -1 737.00 257.00 953.00 408.00 1.50 1.81 4.14 1.94 1.56 26.57 -1.637 0.050 -0.014 -0.066 1.00 0.0248793278 -0.0079654471 -0.0328502918 0.9991188263 True True True False
PassengerCar 0.00 3 -1 718.00 266.00 891.00 392.00 1.41 1.80 4.12 1.77 1.57 31.17 -1.618 0.059 0.023 -0.047 1.00 0.0296610618 0.0106507510 -0.0237699092 0.9992205834 True True True False
PassengerCar 0.00 3 -1 699.00 272.00 825.00 372.00 1.43 1.80 4.17 1.48 1.67 37.75 -1.572 0.047 0.006 -0.001 1.00 0.0235941269 0.0030383362 -0.0004834282 0.9997168859 True True True False
PassengerCar 1.00 3 -1 0.00 235.00 0.00 520.00 1.72 1.93 4.52 -7.05 1.60 16.77 -4.689 -0.031 0.001 -3.118 1.00 0.0000705762 0.0155048958 -0.9998084170 0.0119466561 True False True False
PassengerCar 0.00 0 -1 15.00 294.00 203.00 414.00 1.44 1.73 3.51 -7.20 1.89 30.25 1.531 0.000 0.000 3.102 1.00 0.0000000000 0.0000000000 0.9998003566 0.0199811668 True True True False
PassengerCar 0.00 1 -1 166.00 271.00 326.00 389.00 1.77 1.97 4.93 -6.84 1.97 38.21 1.512 -0.022 0.000 3.083 1.00 -0.0003438022 -0.0110727240 0.9995132368 0.0291644666 True True True False
PassengerCar 0.00 1 -1 397.00 294.00 472.00 352.00 1.49 1.71 3.83 -6.30 2.42 63.13 1.550 -0.005 -0.000 3.121 1.00 0.0000267489 -0.0025604738 0.9999421588 0.0104461621 True True True False
PassengerCar 0.00 1 -1 435.00 282.00 506.00 348.00 1.81 1.80 4.38 -5.73 2.46 67.97 1.548 -0.007 0.008 3.119 1.00 -0.0042561595 -0.0035316671 0.9999213405 0.0112572281 True True True False
PassengerCar 0.00 3 -1 456.00 291.00 520.00 342.00 1.52 1.80 4.18 -5.60 2.49 72.94 1.547 0.000 0.000 3.118 1.00 0.0000000000 0.0000000000 0.9999282235 0.0119811419 True True True False
PassengerCar 0.00 3 -1 471.00 292.00 532.00 339.00 1.48 1.80 4.20 -5.49 2.54 77.38 1.549 0.000 0.000 3.120 1.00 0.0000000000 0.0000000000 0.9999403611 0.0109212734 True True True False
PassengerCar 0.00 0 -1 559.84 288.43 622.73 338.15 -1.00 -1.00 -1.00 -1000.00 -1000.00 -1000.00 -1.000 -1.000 -1.000 -1.000 1.00 -1000.0000000000 -1000.0000000000 -1000.0000000000 -1000.0000000000 True True False False
PassengerCar 0.00 2 -1 587.07 286.36 651.58 329.59 -1.00 -1.00 -1.00 -1000.00 -1000.00 -1000.00 -1.000 -1.000 -1.000 -1.000 1.00 -1000.0000000000 -1000.0000000000 -1000.0000000000 -1000.0000000000 True True False False
PassengerCar 0.00 2 -1 621.87 290.33 685.92 327.55 -1.00 -1.00 -1.00 -1000.00 -1000.00 -1000.00 -1.000 -1.000 -1.000 -1.000 1.00 -1000.0000000000 -1000.0000000000 -1000.0000000000 -1000.0000000000 True True False False
PassengerCar 0.00 1 -1 669.08 290.49 711.21 316.99 -1.00 -1.00 -1.00 -1000.00 -1000.00 -1000.00 -1.000 -1.000 -1.000 -1.000 1.00 -1000.0000000000 -1000.0000000000 -1000.0000000000 -1000.0000000000 True True False True
