PassengerCar 1.00 3 -1 0.00 191.00 0.00 376.00 1.52 1.81 3.79 -10.40 0.98 23.99 -2.874 -0.082 0.023 -1.303 1.00 -0.0258689821 0.0339452359 -0.6055790628 0.7946398653 True False True False
PassengerCar 1.00 3 -1 0.00 191.00 0.00 364.00 1.63 1.82 4.22 -10.76 0.99 26.94 -2.877 -0.076 0.021 -1.306 1.00 -0.0238176293 0.0311639321 -0.6067637472 0.7939139027 True False True False
PassengerCar 1.00 3 -1 0.00 220.00 0.00 348.00 1.52 1.83 3.87 -11.63 1.07 32.57 -2.843 -0.061 0.013 -1.272 1.00 -0.0206288974 0.0233225920 -0.5934781836 0.8042475682 True False True False
PassengerCar 0.92 3 -1 0.00 210.00 25.00 326.00 1.72 1.84 3.96 -12.16 0.98 35.84 -2.846 0.000 0.000 -1.275 1.00 0.0000000000 0.0000000000 -0.5951842157 0.8035892915 True False True False
PassengerCar 0.67 3 -1 0.00 204.00 67.00 288.00 1.66 1.82 3.53 -14.15 0.53 46.89 -2.748 -0.012 0.006 -1.177 1.00 -0.0035727046 0.0058834682 -0.5551513677 0.8317208544 True False True False
PassengerCar 0.00 1 -1 7.00 223.00 166.00 276.00 1.52 1.81 4.23 -16.98 0.43 68.01 -3.151 0.000 0.000 -1.580 1.00 0.0000000000 0.0000000000 -0.7104154822 0.7037825251 True True True False
PassengerCar 0.00 0 -1 161.00 186.00 360.00 274.00 2.33 2.19 6.53 -11.41 0.30 64.73 -2.334 -0.017 0.020 -0.763 1.00 -0.0042593593 0.0124595692 -0.3722481747 0.9280398232 True True True False
PassengerCar 0.00 2 -1 316.00 211.00 408.00 292.00 1.85 1.87 4.24 -7.57 0.67 57.25 -1.791 -0.009 0.044 -0.220 1.00 -0.0019800830 0.0224611316 -0.1098719253 0.9936899601 True True True True
PassengerCar 0.00 0 -1 211.00 247.00 351.00 355.00 1.36 1.84 4.26 -5.53 1.21 33.05 -1.754 -0.006 0.029 -0.183 1.00 -0.0017515702 0.0144783274 -0.0914051027 0.9957069937 True True True True
PassengerCar 0.00 1 -1 388.00 229.00 554.00 358.00 1.76 1.87 4.25 -2.92 1.30 33.78 -1.786 -0.004 0.020 -0.215 1.00 -0.0010988531 0.0101721832 -0.1073948464 0.9941638025 True True True False
PassengerCar 0.00 0 -1 403.00 234.00 627.00 369.00 1.46 1.84 4.27 -1.90 1.24 27.72 -1.835 0.016 -0.018 -0.264 1.00 0.0066724881 -0.0098749620 -0.1317716478 0.9912084523 True True True False
PassengerCar 0.00 3 -1 370.00 244.00 507.00 351.00 1.69 1.86 4.25 -3.90 1.44 38.98 -1.773 0.000 0.000 -0.202 1.00 0.0000000000 0.0000000000 -0.1007772516 0.9949090137 True True True True
PassengerCar 0.00 2 -1 313.00 237.00 417.00 330.00 1.74 1.81 4.24 -6.01 1.31 45.89 -1.757 0.000 0.000 -0.186 1.00 0.0000000000 0.0000000000 -0.0928824706 0.9956770795 True True True True
PassengerCar 0.80 3 -1 0.00 213.00 43.00 308.00 1.64 1.58 3.21 -13.01 0.83 41.52 -2.848 0.000 0.000 -1.277 1.00 0.0000000000 0.0000000000 -0.5960226199 0.8029676435 True False True False
DontCare 0.00 -1 -1 312.00 236.00 408.00 315.00 1.67 1.87 3.71 -6.84 1.17 51.41 -1.771 0.000 0.000 -0.200 1.00 0.0000000000 0.0000000000 -0.0998378729 0.9950037182 False False False False
Vehicle 0.44 3 -1 0.00 208.00 122.00 291.00 1.71 1.80 4.28 -14.05 0.61 50.00 -2.712 -0.014 0.007 -1.141 1.00 -0.0042426562 0.0066114111 -0.5400619597 0.8415885983 False False True False
Vehicle 1.00 3 -1 0.00 208.00 0.00 340.00 1.35 1.85 3.83 -11.25 0.84 29.83 -2.920 -0.078 0.018 -1.349 1.00 -0.0248098417 0.0310502000 -0.6237366050 0.7806234716 False False True False
Obstacle 0.06 3 -1 397.00 205.00 420.00 269.00 1.94 0.82 0.62 -7.88 0.27 70.60 -0.206 0.000 0.000 1.364 1.00 0.0000000000 0.0000000000 0.6304731447 0.7762110627 True False True True
Pedestrian 0.00 0 -1 340.00 230.00 395.00 352.00 1.67 0.71 0.72 -4.18 1.25 32.31 -1.774 0.000 0.000 -0.203 1.00 0.0000000000 0.0000000000 -0.1013832964 0.9948474392 True True True False
Pedestrian 0.00 0 -1 684.00 210.00 735.00 324.00 1.64 0.68 0.51 0.61 0.92 33.70 -1.684 0.000 0.000 -0.113 1.00 0.0000000000 0.0000000000 -0.0566696719 0.9983929829 True True True False
Pedestrian 0.00 0 -1 1071.00 182.00 1143.00 366.00 1.99 0.42 0.69 4.78 1.14 25.24 -0.012 0.000 0.000 1.558 1.00 0.0000000000 0.0000000000 0.7027386748 0.7114480691 True True True True
Pedestrian 0.00 0 -1 1093.00 199.00 1155.00 368.00 1.78 0.63 0.55 4.84 1.13 24.66 0.043 0.000 0.000 1.614 1.00 0.0000000000 0.0000000000 0.7222465656 0.6916356689 True True True False
Pedestrian 0.00 0 -1 918.00 204.00 965.00 330.00 1.84 0.43 0.56 4.04 1.01 34.19 -3.954 0.000 0.000 -2.383 1.00 0.0000000000 0.0000000000 -0.9289221100 0.3702751861 True True True False
Pedestrian 1.00 3 -1 1280.00 184.00 1280.00 417.00 1.81 0.47 0.68 7.02 1.22 18.47 -4.551 -0.001 -0.007 -2.980 1.00 -0.0033020056 0.0000451680 -0.9967450805 0.0805502284 True False True False
Pedestrian 1.00 3 -1 1280.00 161.00 1280.00 444.00 1.90 0.62 0.56 6.70 1.24 15.93 -4.561 0.000 0.000 -2.990 1.00 0.0000000000 0.0000000000 -0.9971218692 0.0758154206 True False True False
Pedestrian 1.00 3 -1 1280.00 189.00 1280.00 513.00 1.68 0.66 0.68 4.47 1.31 12.51 -4.276 0.000 0.000 -2.705 1.00 0.0000000000 0.0000000000 -0.9763020879 0.2164121835 True False True False
