PassengerCar 0.00 0 -1 124.00 259.00 239.00 347.00 1.50 1.92 4.04 -8.71 1.47 41.67 -1.777 -0.001 0.006 -0.206 1.00 -0.0003272038 0.0031676579 -0.1027479369 0.9947023275 True True True False
PassengerCar 0.00 0 -1 268.00 270.00 337.00 324.00 1.55 2.00 4.01 -10.87 1.84 69.30 -1.721 0.000 0.000 -0.150 1.00 0.0000000000 0.0000000000 -0.0748668100 0.9971935423 True True True False
PassengerCar 1.00 3 -1 1280.00 257.00 1280.00 444.00 1.40 1.71 4.12 8.57 1.39 18.79 -0.236 0.000 0.000 1.335 1.00 0.0000000000 0.0000000000 0.6191006941 0.7853116136 True False True False
PassengerCar 0.00 0 -1 370.95 270.18 417.99 304.17 -1.00 -1.00 -1.00 -1000.00 -1000.00 -1000.00 -1.000 -1.000 -1.000 -1.000 1.00 -1000.0000000000 -1000.0000000000 -1000.0000000000 -1000.0000000000 True True False False
PassengerCar 0.00 2 -1 356.89 271.07 385.89 299.68 -1.00 -1.00 -1.00 -1000.00 -1000.00 -1000.00 -1.000 -1.000 -1.000 -1.000 1.00 -1000.0000000000 -1000.0000000000 -1000.0000000000 -1000.0000000000 True True False False
DontCare 0.00 -1 -1 260.78 269.47 302.47 299.65 -1.00 -1.00 -1.00 -1000.00 -1000.00 -1000.00 -1.000 -1.000 -1.000 -1.000 1.00 -1000.0000000000 -1000.0000000000 -1000.0000000000 -1000.0000000000 False False False False
Obstacle 0.00 0 -1 790.53 239.88 820.39 329.79 -1.00 -1.00 -1.00 -1000.00 -1000.00 -1000.00 -1.000 -1.000 -1.000 -1.000 1.00 -1000.0000000000 -1000.0000000000 -1000.0000000000 -1000.0000000000 False False False False
Pedestrian 0.00 0 -1 533.00 243.00 573.00 366.00 1.73 0.54 0.54 -1.62 1.49 32.94 -3.249 0.000 0.000 -1.678 1.00 0.0000000000 0.0000000000 -0.7440528276 0.6681207898 True True True True
Pedestrian 0.00 0 -1 497.00 252.00 526.00 365.00 1.64 0.51 0.40 -2.28 1.52 34.05 -3.235 0.000 0.000 -1.665 1.00 0.0000000000 0.0000000000 -0.7395099297 0.6731456483 True True True False
Pedestrian 0.00 0 -1 554.00 242.00 585.00 360.00 1.89 0.68 0.44 -1.57 1.59 37.41 -3.268 0.000 0.000 -1.698 1.00 0.0000000000 0.0000000000 -0.7505004069 0.6608699867 True True True True
Pedestrian 0.00 0 -1 465.00 244.00 495.00 355.00 1.79 0.60 0.41 -3.06 1.53 37.91 -3.358 0.000 0.000 -1.787 1.00 0.0000000000 0.0000000000 -0.7792407177 0.6267247434 True True True False
Pedestrian_is_group 0.00 3 -1 506.00 243.00 551.00 359.00 1.81 0.65 0.62 -2.20 1.54 36.72 -3.347 0.000 0.000 -1.777 1.00 0.0000000000 0.0000000000 -0.7760237069 0.6307037390 True True True False
Pedestrian_is_group 0.00 3 -1 547.00 246.00 585.00 364.00 1.80 0.69 0.49 -1.56 1.57 35.66 -3.336 0.000 0.000 -1.765 1.00 0.0000000000 0.0000000000 -0.7722409136 0.6353298131 True True True False
Pedestrian 0.00 0 -1 676.00 254.00 725.00 352.00 1.63 0.60 0.74 0.56 1.53 39.10 -3.280 0.000 0.000 -1.709 1.00 0.0000000000 0.0000000000 -0.7542883518 0.6565432829 True True True False
Pedestrian 0.00 0 -1 737.00 258.00 769.00 345.00 1.70 0.57 0.65 1.67 1.64 45.37 1.519 0.000 0.000 3.089 1.00 0.0000000000 0.0000000000 0.9996591629 0.0261066649 True True True False
Pedestrian 0.00 1 -1 738.00 259.00 771.00 344.00 1.65 0.59 0.68 1.70 1.61 45.19 1.533 0.000 0.000 3.104 1.00 0.0000000000 0.0000000000 0.9998260419 0.0186516987 True True True False
Pedestrian 0.00 1 -1 1067.00 241.00 1094.00 332.00 1.60 0.68 0.45 7.40 1.26 41.54 -2.921 0.000 0.000 -1.350 1.00 0.0000000000 0.0000000000 -0.6248683768 0.7807301145 True True True False
Pedestrian_is_group 0.00 1 -1 1107.00 236.00 1179.00 335.00 1.60 0.87 1.05 7.85 1.21 38.31 -1.084 0.016 -0.009 0.487 1.00 0.0086436004 -0.0026279974 0.2412614393 0.9704181056 True True True False
Pedestrian_is_group 0.00 1 -1 1171.00 243.00 1219.00 339.00 1.51 0.55 0.60 8.34 1.23 36.66 -2.617 0.000 0.000 -1.046 1.00 0.0000000000 0.0000000000 -0.4995873057 0.8662635419 True True True False
Pedestrian 0.00 1 -1 862.00 244.00 908.00 339.00 1.84 0.83 0.59 4.25 1.52 45.36 -1.571 0.000 0.000 0.000 1.00 0.0000000000 0.0000000000 0.0000000000 1.0000000000 True True True False
Pedestrian 0.54 3 -1 0.00 249.00 14.00 367.00 1.61 0.50 0.31 -9.18 1.45 31.90 -0.096 0.000 0.000 1.475 1.00 0.0000000000 0.0000000000 0.6723498720 0.7402335102 True False True False
Pedestrian 0.00 0 -1 646.91 254.32 679.43 336.39 -1.00 -1.00 -1.00 -1000.00 -1000.00 -1000.00 -1.000 -1.000 -1.000 -1.000 1.00 -1000.0000000000 -1000.0000000000 -1000.0000000000 -1000.0000000000 True True False False
Pedestrian 0.00 0 -1 431.66 252.22 448.97 304.34 -1.00 -1.00 -1.00 -1000.00 -1000.00 -1000.00 -1.000 -1.000 -1.000 -1.000 1.00 -1000.0000000000 -1000.0000000000 -1000.0000000000 -1000.0000000000 True True False False
Pedestrian 0.00 0 -1 1209.11 244.84 1235.48 340.40 -1.00 -1.00 -1.00 -1000.00 -1000.00 -1000.00 -1.000 -1.000 -1.000 -1.000 1.00 -1000.0000000000 -1000.0000000000 -1000.0000000000 -1000.0000000000 True True False False
