PassengerCar 1.00 3 -1 0.00 255.00 0.00 444.00 1.59 1.91 4.32 -8.34 1.56 21.73 -4.636 0.000 0.000 -3.065 1.00 0.0000000000 0.0000000000 -0.9992629856 0.0383860069 True False True False
PassengerCar 0.00 1 -1 758.00 262.00 825.00 319.00 1.73 1.76 4.21 3.90 1.81 72.35 -1.442 -0.002 -0.012 0.129 1.00 -0.0004034967 -0.0062354164 0.0645741421 0.9978933495 True True True False
PassengerCar 0.00 1 -1 81.00 297.00 182.00 350.00 1.59 1.90 4.22 -16.82 2.76 73.12 -4.631 0.000 0.000 -3.060 1.00 0.0000000000 0.0000000000 -0.9991631924 0.0409012835 True True True False
PassengerCar 0.00 2 -1 208.05 293.97 279.42 337.29 -1.00 -1.00 -1.00 -1000.00 -1000.00 -1000.00 -1.000 -1.000 -1.000 -1.000 1.00 -1000.0000000000 -1000.0000000000 -1000.0000000000 -1000.0000000000 True True False False
PassengerCar 0.05 3 -1 1109.00 245.00 1280.00 326.00 1.59 1.84 3.79 10.81 1.29 47.21 -0.821 0.000 0.000 0.749 1.00 0.0000000000 0.0000000000 0.3660109639 0.9306105385 True True True False
PassengerCar 0.62 2 -1 1196.00 249.00 1280.00 334.00 1.52 1.90 3.87 11.87 1.32 43.17 0.293 0.000 0.000 1.863 1.00 0.0000000000 0.0000000000 0.8026360661 0.5964690649 True True True False
DontCare 0.00 -1 -1 310.34 283.31 525.72 321.69 -1.00 -1.00 -1.00 -1000.00 -1000.00 -1000.00 -1.000 -1.000 -1.000 -1.000 1.00 -1000.0000000000 -1000.0000000000 -1000.0000000000 -1000.0000000000 False False False False
DontCare 0.00 -1 -1 532.14 281.76 571.05 315.94 -1.00 -1.00 -1.00 -1000.00 -1000.00 -1000.00 -1.000 -1.000 -1.000 -1.000 1.00 -1000.0000000000 -1000.0000000000 -1000.0000000000 -1000.0000000000 False False False False
DontCare 0.00 -1 -1 572.79 280.43 621.63 313.41 -1.00 -1.00 -1.00 -1000.00 -1000.00 -1000.00 -1.000 -1.000 -1.000 -1.000 1.00 -1000.0000000000 -1000.0000000000 -1000.0000000000 -1000.0000000000 False False False False
DontCare 0.00 -1 -1 623.59 280.49 645.87 311.17 -1.00 -1.00 -1.00 -1000.00 -1000.00 -1000.00 -1.000 -1.000 -1.000 -1.000 1.00 -1000.0000000000 -1000.0000000000 -1000.0000000000 -1000.0000000000 False False False False
DontCare 0.00 -1 -1 652.43 279.09 674.15 308.93 -1.00 -1.00 -1.00 -1000.00 -1000.00 -1000.00 -1.000 -1.000 -1.000 -1.000 1.00 -1000.0000000000 -1000.0000000000 -1000.0000000000 -1000.0000000000 False False False False
DontCare 0.00 -1 -1 271.79 289.71 308.95 321.51 -1.00 -1.00 -1.00 -1000.00 -1000.00 -1000.00 -1.000 -1.000 -1.000 -1.000 1.00 -1000.0000000000 -1000.0000000000 -1000.0000000000 -1000.0000000000 False False False False
DontCare 0.00 -1 -1 204.70 289.58 270.01 327.07 -1.00 -1.00 -1.00 -1000.00 -1000.00 -1000.00 -1.000 -1.000 -1.000 -1.000 1.00 -1000.0000000000 -1000.0000000000 -1000.0000000000 -1000.0000000000 False False False False
DontCare 0.00 -1 -1 115.41 282.21 201.71 351.87 -1.00 -1.00 -1.00 -1000.00 -1000.00 -1000.00 -1.000 -1.000 -1.000 -1.000 1.00 -1000.0000000000 -1000.0000000000 -1000.0000000000 -1000.0000000000 False False False False
Pedestrian 0.00 0 -1 786.00 253.00 823.00 334.00 1.74 0.48 0.75 2.99 1.58 50.43 -3.208 0.000 0.000 -1.637 1.00 0.0000000000 0.0000000000 -0.7300715324 0.6833707321 True True True False
Pedestrian_is_group 0.00 0 -1 825.00 247.00 877.00 336.00 1.84 0.55 0.94 3.81 1.55 48.04 -3.372 0.002 -0.010 -1.801 1.00 -0.0031402548 -0.0039621713 -0.7836953311 0.6211248409 True True True False
Pedestrian 1.00 3 -1 1280.00 203.00 1280.00 341.00 1.76 0.34 0.63 8.42 1.03 29.96 -3.174 0.001 -0.044 -1.603 1.00 -0.0154339720 -0.0159448671 -0.7183474056 0.6953305391 True False True False
Pedestrian 1.00 3 -1 1280.00 198.00 1280.00 339.00 1.75 0.52 0.55 8.69 0.98 29.33 -1.251 -0.006 -0.017 0.320 1.00 -0.0014406765 -0.0089332728 0.1592071636 0.9872037278 True False True False
Pedestrian 1.00 3 -1 1280.00 164.00 1280.00 379.00 1.68 0.41 0.36 7.36 0.93 18.51 -0.988 0.001 -0.012 0.583 1.00 0.0023913759 -0.0054799154 0.2871961216 0.9578531409 True False True False
Pedestrian 1.00 3 -1 1280.00 167.00 1280.00 372.00 1.72 0.49 0.48 7.49 0.93 19.78 -0.911 0.000 0.000 0.660 1.00 0.0000000000 0.0000000000 0.3239286870 0.9460815006 True False True False
Pedestrian 1.00 3 -1 1280.00 176.00 1280.00 369.00 1.78 0.43 0.40 7.75 1.00 21.66 -0.839 0.000 0.000 0.732 1.00 0.0000000000 0.0000000000 0.3579779762 0.9337300298 True False True False
Pedestrian 1.00 3 -1 1280.00 174.00 1280.00 373.00 1.69 0.36 0.54 6.68 0.95 19.97 -0.461 0.004 -0.018 1.110 1.00 0.0063041332 -0.0065577500 0.5267731882 0.8499572119 True False True False
