PassengerCar 0.00 1 -1 209.00 233.00 374.00 315.00 1.52 1.92 4.12 -7.50 0.98 46.01 1.069 0.013 0.027 2.640 1.00 -0.0113397305 0.0093748597 0.9685310213 0.2484576085 True True True False
PassengerCar 0.00 3 -1 76.00 227.00 237.00 310.00 1.43 1.82 4.12 -9.55 0.83 43.22 1.066 -0.013 0.024 2.637 1.00 -0.0133239102 -0.0031678880 0.9682348414 0.2496672382 True False True False
PassengerCar 0.00 3 -1 17.00 224.00 163.00 296.00 1.42 1.81 4.07 -11.90 0.70 47.71 1.039 -0.002 0.003 2.609 1.00 -0.0018625898 -0.0005076589 0.9648040950 0.2629626045 True False True False
PassengerCar 0.31 3 -1 0.00 226.00 98.00 295.00 1.52 1.83 4.17 -14.67 0.75 53.11 0.963 -0.004 0.006 2.534 1.00 -0.0036594017 -0.0011467305 0.9542376080 0.2990248840 True False True False
PassengerCar 0.00 0 -1 487.00 241.00 655.00 314.00 1.47 1.83 4.20 -1.98 1.10 49.05 -1.132 -0.002 -0.004 0.438 1.00 -0.0004787851 -0.0020066369 0.2174590829 0.9760672576 True True True False
PassengerCar 0.00 2 -1 456.00 247.00 616.00 314.00 1.44 1.81 4.04 -2.91 1.16 52.22 -1.108 0.000 0.000 0.463 1.00 0.0000000000 0.0000000000 0.2295341641 0.9733006049 True True True False
PassengerCar 0.00 2 -1 419.00 243.00 567.00 311.00 1.57 1.81 4.12 -4.14 1.17 55.82 -1.153 0.000 0.000 0.418 1.00 0.0000000000 0.0000000000 0.2072795695 0.9782817488 True True True False
PassengerCar 0.00 2 -1 322.00 237.00 485.00 298.00 1.52 1.83 4.23 -6.87 0.95 60.95 -0.918 0.000 0.000 0.653 1.00 0.0000000000 0.0000000000 0.3206292604 0.9472047706 True True False False
Obstacle 0.00 3 -1 491.67 230.78 505.37 277.27 -1.00 -1.00 -1.00 -1000.00 -1000.00 -1000.00 -1.000 -1.000 -1.000 -1.000 1.00 -1000.0000000000 -1000.0000000000 -1000.0000000000 -1000.0000000000 True True False True
Pedestrian 0.00 0 -1 154.00 228.00 216.00 395.00 1.72 0.44 0.45 -5.01 1.38 24.14 0.497 -0.003 0.001 2.068 1.00 -0.0013001510 -0.0007738248 0.8593135503 0.5114469015 True True True False
Pedestrian 0.00 0 -1 182.00 212.00 264.00 398.00 1.95 0.69 0.53 -4.74 1.44 24.80 0.534 0.000 0.000 2.105 1.00 0.0000000000 0.0000000000 0.8685489619 0.4956033704 True True True False
Pedestrian 1.00 3 -1 0.00 182.00 0.00 309.00 1.75 0.64 0.47 -11.40 0.67 32.42 1.035 0.000 0.000 2.606 1.00 0.0000000000 0.0000000000 0.9643552611 0.2646109037 True False True False
Pedestrian 1.00 3 -1 0.00 176.00 0.00 309.00 1.80 0.57 0.38 -11.87 0.66 31.95 1.021 0.000 0.000 2.592 1.00 0.0000000000 0.0000000000 0.9625090006 0.2712497444 True False True False
Pedestrian 0.00 0 -1 947.00 232.00 1013.00 398.00 1.69 0.98 0.61 3.26 1.40 24.18 0.202 0.000 0.000 1.773 1.00 0.0000000000 0.0000000000 0.7749462476 0.6320271460 True True True False
Pedestrian 0.00 0 -1 861.00 231.00 947.00 390.00 1.69 0.65 0.82 2.57 1.38 25.15 0.228 0.012 -0.016 1.799 1.00 0.0101368457 -0.0004367621 0.7829896049 0.6219520337 True True True False
Pedestrian 0.00 1 -1 922.00 237.00 987.00 388.00 1.68 0.57 0.66 3.25 1.42 26.23 0.256 0.000 0.000 1.827 1.00 0.0000000000 0.0000000000 0.7915760655 0.6110706445 True True True False
