PassengerCar 0.80 0 -1 0.00 174.00 107.00 540.00 1.65 2.00 4.56 -4.33 1.26 12.86 -1.723 -0.001 0.006 -0.153 1.00 -0.0002468459 0.0032273436 -0.0762626369 0.9970825109 True False True False
PassengerCar 0.58 2 -1 0.00 252.00 187.00 409.00 1.55 1.90 4.01 -7.29 1.47 24.32 -2.919 0.000 0.000 -1.348 1.00 0.0000000000 0.0000000000 -0.6240372228 0.7813946151 True True True False
PassengerCar 0.00 0 -1 240.00 277.00 592.00 405.00 1.38 1.89 4.46 -3.03 1.65 28.90 -4.130 -0.045 0.014 -2.559 1.00 0.0005385281 0.0234144486 -0.9576244355 0.2870660450 True True True False
PassengerCar 0.28 3 -1 0.00 273.00 200.00 365.00 1.43 1.80 4.01 -9.81 1.63 37.70 -2.787 0.000 0.000 -1.216 1.00 0.0000000000 0.0000000000 -0.5712448970 0.8207796706 True True True True
PassengerCar 0.00 3 -1 493.00 279.00 655.00 386.00 1.48 1.84 4.13 -1.48 1.81 35.27 -1.758 0.026 -0.008 -0.187 1.00 0.0125911052 -0.0050041683 -0.0932334682 0.9955520794 True True True False
PassengerCar 0.00 1 -1 539.00 270.00 798.00 430.00 1.47 1.88 3.93 -0.08 1.62 24.21 -1.781 0.032 -0.003 -0.211 1.00 0.0155965526 -0.0030258514 -0.1051034186 0.9943343820 True True True False
PassengerCar 0.00 0 -1 601.00 262.00 925.00 469.00 1.41 1.74 3.87 0.68 1.50 19.40 -1.768 0.079 0.019 -0.197 1.00 0.0403244689 0.0056398639 -0.0987794562 0.9942759919 True True True False
PassengerCar 0.99 3 -1 1189.00 0.00 1280.00 720.00 1.51 1.90 4.38 2.70 1.27 4.49 -1.692 0.023 -0.001 -0.121 1.00 0.0113811978 -0.0011053027 -0.0606999762 0.9980905568 True False True True
PassengerCar 0.00 3 -1 22.00 284.00 214.00 358.00 1.61 1.87 3.87 -12.39 2.15 52.39 -2.717 0.000 0.000 -1.146 1.00 0.0000000000 0.0000000000 -0.5423393773 0.8401595085 True True True True
Vehicle 0.00 3 -1 476.00 271.00 610.00 364.00 1.50 1.80 4.02 -2.19 1.69 39.98 -1.751 0.000 0.000 -0.180 1.00 0.0000000000 0.0000000000 -0.0898744440 0.9959531035 False False True True
