PassengerCar 0.00 0 -1 120.00 270.00 235.00 337.00 1.50 1.85 4.20 -11.91 1.78 56.70 -4.708 -0.036 0.000 -3.137 1.00 0.0000405727 0.0179063300 -0.9998371012 0.0022655737 True True True False
PassengerCar 0.00 2 -1 165.00 270.00 258.00 329.00 1.50 1.80 4.20 -12.40 1.79 63.39 1.533 -0.043 -0.002 3.103 1.00 0.0004071852 -0.0212842173 0.9995904785 0.0191230629 True True True False
PassengerCar 0.00 2 -1 191.00 272.00 277.00 327.00 1.50 1.80 4.20 -12.73 1.88 68.53 1.544 0.036 0.001 3.114 1.00 -0.0002415761 0.0177903280 0.9997495427 0.0135756305 True True True False
PassengerCar 0.00 2 -1 240.06 276.18 301.11 324.03 -1.00 -1.00 -1.00 -1000.00 -1000.00 -1000.00 -1.000 -1.000 -1.000 -1.000 1.00 -1000.0000000000 -1000.0000000000 -1000.0000000000 -1000.0000000000 True True False False
PassengerCar 0.00 0 -1 273.11 281.62 336.36 322.61 -1.00 -1.00 -1.00 -1000.00 -1000.00 -1000.00 -1.000 -1.000 -1.000 -1.000 1.00 -1000.0000000000 -1000.0000000000 -1000.0000000000 -1000.0000000000 True True False False
Pedestrian 1.00 3 -1 1280.00 215.00 1280.00 401.00 1.56 0.63 0.62 8.33 1.18 19.92 -3.157 0.000 0.000 -1.586 1.00 0.0000000000 0.0000000000 -0.7124422983 0.7017306973 True False True False
Pedestrian 0.00 0 -1 531.00 230.00 604.00 373.00 1.70 0.64 0.87 -1.20 1.34 28.03 -3.181 0.000 0.000 -1.610 1.00 0.0000000000 0.0000000000 -0.7208304315 0.6931114550 True True True False
Pedestrian 0.00 0 -1 597.00 230.00 658.00 368.00 1.69 0.47 0.74 -0.49 1.32 28.63 -3.171 0.000 0.000 -1.600 1.00 0.0000000000 0.0000000000 -0.7173603649 0.6967023086 True True True False
Pedestrian 0.00 0 -1 619.00 226.00 661.00 366.00 1.74 0.43 0.51 -0.34 1.32 29.28 -3.160 0.000 0.000 -1.589 1.00 0.0000000000 0.0000000000 -0.7136135537 0.7005395748 True True True False
Pedestrian 0.05 0 -1 1007.00 242.00 1030.00 319.00 1.84 0.45 0.46 8.52 1.40 56.34 -1.659 0.000 0.000 -0.088 1.00 0.0000000000 0.0000000000 -0.0439046505 0.9990357259 True True True False
Pedestrian 0.00 0 -1 1058.00 239.00 1090.00 325.00 1.78 0.59 0.42 8.45 1.32 48.20 -4.685 0.000 0.000 -3.115 1.00 0.0000000000 0.0000000000 -0.9999089721 0.0134924963 True True True False
Pedestrian 0.00 0 -1 1090.00 239.00 1120.00 325.00 1.78 0.50 0.67 9.11 1.32 48.37 -4.699 0.000 0.000 -3.128 1.00 0.0000000000 0.0000000000 -0.9999776888 0.0066799573 True True True False
Pedestrian 0.00 0 -1 1122.00 241.00 1150.00 324.00 1.72 0.51 0.39 9.68 1.31 47.94 -4.708 0.000 0.000 -3.138 1.00 0.0000000000 0.0000000000 -0.9999979652 0.0020173432 True True True False
Pedestrian 0.00 0 -1 1149.00 239.00 1185.00 328.00 1.82 0.62 0.52 10.27 1.38 47.76 1.570 0.006 0.000 3.141 1.00 -0.0000007023 0.0030762588 0.9999952423 0.0002282361 True True True False
Pedestrian 1.00 3 -1 1280.00 240.00 1280.00 312.00 1.50 0.24 0.40 18.36 1.08 48.70 -4.596 0.000 0.000 -3.025 1.00 0.0000000000 0.0000000000 -0.9983051270 0.0581968499 True False False False
