PassengerCar 0.00 2 -1 540.00 232.00 599.00 283.00 1.51 1.75 3.46 -2.95 0.67 70.67 1.537 0.000 0.000 3.108 1.00 0.0000000000 0.0000000000 0.9998556253 0.0169920142 True True True False
PassengerCar 0.00 2 -1 572.41 229.05 617.09 265.00 -1.00 -1.00 -1.00 -1000.00 -1000.00 -1000.00 -1.000 -1.000 -1.000 -1.000 1.00 -1000.0000000000 -1000.0000000000 -1000.0000000000 -1000.0000000000 True True False False
PassengerCar 0.00 2 -1 689.35 227.65 732.90 260.57 -1.00 -1.00 -1.00 -1000.00 -1000.00 -1000.00 -1.000 -1.000 -1.000 -1.000 1.00 -1000.0000000000 -1000.0000000000 -1000.0000000000 -1000.0000000000 True True False False
PassengerCar 0.00 2 -1 707.86 226.41 743.02 261.41 -1.00 -1.00 -1.00 -1000.00 -1000.00 -1000.00 -1.000 -1.000 -1.000 -1.000 1.00 -1000.0000000000 -1000.0000000000 -1000.0000000000 -1000.0000000000 True True False False
PassengerCar 0.00 2 -1 715.39 225.92 757.27 261.64 -1.00 -1.00 -1.00 -1000.00 -1000.00 -1000.00 -1.000 -1.000 -1.000 -1.000 1.00 -1000.0000000000 -1000.0000000000 -1000.0000000000 -1000.0000000000 True True False False
PassengerCar 0.00 2 -1 735.82 223.17 777.26 260.31 -1.00 -1.00 -1.00 -1000.00 -1000.00 -1000.00 -1.000 -1.000 -1.000 -1.000 1.00 -1000.0000000000 -1000.0000000000 -1000.0000000000 -1000.0000000000 True True False False
Pedestrian 0.00 1 -1 868.00 213.00 1008.00 505.00 1.47 0.66 0.67 1.39 1.23 12.02 -3.107 0.000 0.000 -1.537 1.00 0.0000000000 0.0000000000 -0.6949475398 0.7190604404 True True True False
Pedestrian 0.00 1 -1 733.00 151.00 915.00 557.00 1.71 0.70 0.77 0.69 1.25 10.16 -3.051 -0.001 0.004 -1.480 1.00 0.0010882962 0.0017701996 -0.6742350203 0.7385139263 True True True False
Pedestrian 0.00 0 -1 775.00 134.00 997.00 582.00 1.75 0.78 0.81 0.91 1.25 9.52 -2.934 0.007 0.027 -1.363 1.00 0.0110880668 0.0082882053 -0.6300187015 0.7764565643 True True True False
Pedestrian 0.00 0 -1 393.00 212.00 514.00 474.00 1.50 0.49 0.63 -1.24 1.22 13.58 0.063 0.002 0.022 1.634 1.00 -0.0072645764 0.0079859540 0.7291068270 0.6843147560 True True True False
Pedestrian 0.00 0 -1 487.00 182.00 625.00 470.00 1.70 0.48 0.79 -0.66 1.24 13.98 0.025 0.000 0.000 1.596 1.00 0.0000000000 0.0000000000 0.7159609237 0.6981403553 True True True False
Pedestrian 0.00 1 -1 182.00 175.00 338.00 498.00 1.76 0.73 0.75 -2.28 1.30 13.04 -0.011 0.000 0.000 1.559 1.00 0.0000000000 0.0000000000 0.7030708462 0.7111198107 True True True False
Pedestrian 0.00 0 -1 142.00 134.00 421.00 604.00 1.71 0.58 0.89 -1.47 1.26 8.89 -2.825 0.000 0.000 -1.254 1.00 0.0000000000 0.0000000000 -0.5866811491 0.8098180223 True True True False
Pedestrian 0.00 0 -1 82.00 134.00 259.00 611.00 1.67 0.52 0.42 -1.79 1.23 8.42 -2.797 0.000 0.000 -1.227 1.00 0.0000000000 0.0000000000 -0.5755309873 0.8177799720 True True True False
Pedestrian 1.00 3 -1 0.00 185.00 0.00 511.00 1.71 0.59 0.57 -5.12 1.31 12.53 -0.286 0.000 0.000 1.284 1.00 0.0000000000 0.0000000000 0.5989874418 0.8007584184 True False True False
Pedestrian 0.95 1 -1 0.00 224.00 5.00 483.00 1.57 0.50 0.49 -4.40 1.35 14.36 -0.067 0.000 0.000 1.504 1.00 0.0000000000 0.0000000000 0.6830375541 0.7303832553 True True True False
Pedestrian 1.00 3 -1 0.00 198.00 0.00 478.00 1.63 0.32 0.63 -4.58 1.27 13.72 -0.090 0.000 0.000 1.481 1.00 0.0000000000 0.0000000000 0.6745966592 0.7381865262 True False True False
Pedestrian 1.00 3 -1 0.00 203.00 0.00 525.00 1.59 0.50 0.53 -3.91 1.31 11.74 0.072 0.000 0.000 1.642 1.00 0.0000000000 0.0000000000 0.7319821711 0.6813237859 True False True False
Pedestrian 1.00 3 -1 0.00 160.00 0.00 540.00 1.77 0.53 0.51 -4.18 1.30 11.12 0.087 0.000 0.000 1.657 1.00 0.0000000000 0.0000000000 0.7370542928 0.6758335368 True False True False
Pedestrian_is_group 0.00 0 -1 385.00 216.00 412.00 283.00 1.84 0.52 0.56 -7.41 0.62 64.12 -0.591 0.000 0.000 0.980 1.00 0.0000000000 0.0000000000 0.4705036377 0.8823980547 True True True False
Pedestrian 0.06 0 -1 405.00 215.00 426.00 285.00 1.91 0.46 0.35 -6.89 0.67 63.55 -1.065 0.000 0.000 0.505 1.00 0.0000000000 0.0000000000 0.2500543303 0.9682318069 True True True False
Pedestrian 0.06 3 -1 454.00 222.00 476.00 286.00 1.76 0.53 0.48 -5.56 0.70 63.82 0.203 0.000 0.000 1.773 1.00 0.0000000000 0.0000000000 0.7749669449 0.6320017677 True True True False
Pedestrian 0.06 0 -1 976.00 212.00 996.00 273.00 1.73 0.50 0.51 9.08 0.35 66.21 0.235 0.000 0.000 1.806 1.00 0.0000000000 0.0000000000 0.7851342980 0.6193255478 True True True False
Pedestrian 0.07 1 -1 1059.00 214.00 1077.00 282.00 1.86 0.41 0.46 10.92 0.59 63.30 -3.049 0.000 0.000 -1.478 1.00 0.0000000000 0.0000000000 -0.6736837655 0.7390197454 True True True False
Pedestrian 0.05 0 -1 1110.00 216.00 1136.00 279.00 1.74 0.63 0.68 12.68 0.50 64.63 -3.020 0.000 0.000 -1.449 1.00 0.0000000000 0.0000000000 -0.6628851570 0.7487210886 True True True False
Pedestrian 0.06 0 -1 1237.00 214.00 1257.00 277.00 1.73 0.49 0.43 15.90 0.44 63.67 -3.106 0.000 0.000 -1.535 1.00 0.0000000000 0.0000000000 -0.6944880916 0.7195041978 True True True False
Pedestrian 1.00 3 -1 1280.00 211.00 1280.00 324.00 1.73 0.48 0.43 12.53 0.97 35.61 -3.118 0.000 0.000 -1.547 1.00 0.0000000000 0.0000000000 -0.6985572595 0.7155541595 True False True False
Pedestrian 1.00 3 -1 1280.00 219.00 1280.00 332.00 1.72 0.44 0.35 11.80 1.09 35.36 -1.571 0.000 0.000 0.000 1.00 0.0000000000 0.0000000000 0.0000000000 1.0000000000 True False True False
Pedestrian 1.00 3 -1 1280.00 210.00 1280.00 331.00 1.82 0.51 0.37 12.11 1.06 34.96 -1.571 0.000 0.000 0.000 1.00 0.0000000000 0.0000000000 0.0000000000 1.0000000000 True False True True
Pedestrian 1.00 3 -1 1280.00 195.00 1280.00 343.00 1.76 0.47 0.49 10.88 0.98 28.03 -4.412 0.000 0.000 -2.841 1.00 0.0000000000 0.0000000000 -0.9887154292 0.1498058746 True False True False
Pedestrian 1.00 3 -1 1280.00 221.00 1280.00 340.00 1.60 0.53 0.43 11.66 1.07 31.56 -3.774 0.000 0.000 -2.204 1.00 0.0000000000 0.0000000000 -0.8920005448 0.4520343218 True False True False
Pedestrian 1.00 3 -1 1280.00 214.00 1280.00 336.00 1.67 0.34 0.39 11.50 1.03 32.12 -2.228 0.000 0.000 -0.657 1.00 0.0000000000 0.0000000000 -0.3227671431 0.9464784051 True False True True
Pedestrian 1.00 3 -1 1280.00 230.00 1280.00 346.00 1.62 0.36 0.37 10.28 1.20 32.53 -3.160 0.000 0.000 -1.589 1.00 0.0000000000 0.0000000000 -0.7135774525 0.7005763480 True False True False
Pedestrian 1.00 3 -1 1280.00 227.00 1280.00 350.00 1.72 0.64 0.41 9.01 1.25 32.74 -3.151 0.000 0.000 -1.581 1.00 0.0000000000 0.0000000000 -0.7105964211 0.7035998340 True False True True
Pedestrian 1.00 3 -1 1280.00 215.00 1280.00 350.00 1.84 0.47 0.53 9.09 1.22 31.95 -3.229 0.000 0.000 -1.658 1.00 0.0000000000 0.0000000000 -0.7373918457 0.6754652219 True False True False
