PassengerCar 0.00 0 -1 383.00 255.00 496.00 336.00 1.50 1.80 4.20 -4.41 1.41 45.42 -4.712 0.000 0.000 -3.142 1.00 0.0000000000 0.0000000000 -1.0000000000 0.0000002663 True True True False
PassengerCar 0.00 0 -1 122.00 269.00 235.00 336.00 1.50 1.80 4.20 -11.89 1.75 56.79 1.569 -0.050 -0.000 3.140 1.00 0.0000171256 -0.0251222788 0.9996841533 0.0006814824 True True True False
PassengerCar 0.00 3 -1 165.00 271.00 259.00 330.00 1.50 1.80 4.20 -12.14 1.80 62.16 1.537 0.019 0.001 3.108 1.00 -0.0001607084 0.0095614743 0.9998130571 0.0168048599 True True True False
PassengerCar 0.00 2 -1 226.31 273.75 294.28 333.10 -1.00 -1.00 -1.00 -1000.00 -1000.00 -1000.00 -1.000 -1.000 -1.000 -1.000 1.00 -1000.0000000000 -1000.0000000000 -1000.0000000000 -1000.0000000000 True True False False
PassengerCar 0.00 2 -1 264.13 275.41 320.50 329.89 -1.00 -1.00 -1.00 -1000.00 -1000.00 -1000.00 -1.000 -1.000 -1.000 -1.000 1.00 -1000.0000000000 -1000.0000000000 -1000.0000000000 -1000.0000000000 True True False False
PassengerCar 0.00 2 -1 284.01 276.83 337.49 327.99 -1.00 -1.00 -1.00 -1000.00 -1000.00 -1000.00 -1.000 -1.000 -1.000 -1.000 1.00 -1000.0000000000 -1000.0000000000 -1000.0000000000 -1000.0000000000 True True False False
RidableVehicle 0.00 0 -1 885.00 245.00 919.00 320.00 2.02 0.78 1.41 6.40 1.60 63.40 -1.571 0.000 0.000 0.000 1.00 0.0000000000 0.0000000000 0.0000000000 1.0000000000 True True True False
RidableVehicle 0.00 0 -1 923.00 247.00 952.00 323.00 2.07 0.64 1.39 7.51 1.71 64.50 -1.571 0.000 0.000 0.000 1.00 0.0000000000 0.0000000000 0.0000000000 1.0000000000 True True True False
RidableVehicle 0.00 0 -1 717.14 266.16 733.30 309.92 -1.00 -1.00 -1.00 -1000.00 -1000.00 -1000.00 -1.000 -1.000 -1.000 -1.000 1.00 -1000.0000000000 -1000.0000000000 -1000.0000000000 -1000.0000000000 True True False False
Pedestrian 0.07 0 -1 56.00 273.00 74.00 321.00 1.50 0.42 0.52 -19.08 1.90 73.60 -3.316 0.000 0.000 -1.745 1.00 0.0000000000 0.0000000000 -0.7660252701 0.6428104585 True True True False
Pedestrian 1.00 3 -1 1280.00 208.00 1280.00 412.00 1.63 0.56 0.54 6.79 1.21 18.77 -3.144 0.000 0.000 -1.573 1.00 0.0000000000 0.0000000000 -0.7079854878 0.7062269813 True False True False
Pedestrian 1.00 3 -1 1280.00 222.00 1280.00 413.00 1.56 0.57 0.44 6.25 1.25 19.28 -3.145 0.000 0.000 -1.575 1.00 0.0000000000 0.0000000000 -0.7084784292 0.7057324673 True False True False
Pedestrian 1.00 3 -1 1280.00 211.00 1280.00 403.00 1.65 0.54 0.58 6.94 1.22 20.25 -3.206 0.000 0.000 -1.636 1.00 0.0000000000 0.0000000000 -0.7296326433 0.6838393129 True False True False
Pedestrian 1.00 3 -1 1280.00 228.00 1280.00 411.00 1.50 0.39 0.42 7.11 1.24 19.27 -3.151 0.000 -0.006 -1.581 1.00 -0.0022700273 -0.0022478011 -0.7105732776 0.7036159545 True False True False
Pedestrian 1.00 3 -1 1280.00 216.00 1280.00 356.00 1.59 0.61 0.61 10.74 1.09 26.69 -4.640 0.000 0.000 -3.070 1.00 0.0000000000 0.0000000000 -0.9993507437 0.0360290312 True False True True
