PassengerCar 0.00 0 -1 479.00 256.00 753.00 389.00 1.60 1.89 4.28 -0.60 1.57 31.17 -1.112 0.009 0.018 0.459 1.00 0.0023096987 0.0098856650 0.2275022016 0.9737246465 True True True False
PassengerCar 0.00 0 -1 737.00 265.00 813.00 317.00 1.45 1.87 4.07 3.15 1.60 67.17 -1.440 0.000 0.000 0.130 1.00 0.0000000000 0.0000000000 0.0651537878 0.9978752347 True True True False
PassengerCar 0.00 0 -1 42.00 282.00 195.00 373.00 1.60 1.60 3.51 -10.43 2.05 44.34 -4.566 0.038 -0.006 -2.996 1.00 -0.0015061504 -0.0191115909 -0.9971526325 0.0729322016 True True True False
PassengerCar 0.00 1 -1 233.00 282.00 342.00 366.00 1.51 1.95 4.20 -7.24 1.93 44.60 1.440 0.000 0.000 3.010 1.00 0.0000000000 0.0000000000 0.9978492018 0.0655512819 True True True False
PassengerCar 0.00 1 -1 320.00 257.00 467.00 346.00 1.88 2.17 5.28 -6.05 1.83 52.08 -4.610 0.000 0.000 -3.039 1.00 0.0000000000 0.0000000000 -0.9986817072 0.0513307676 True True True False
PassengerCar 0.00 2 -1 427.00 279.00 519.00 340.00 1.49 1.82 4.23 -4.91 1.96 59.15 -4.669 0.000 0.000 -3.098 1.00 0.0000000000 0.0000000000 -0.9997659382 0.0216348978 True True True False
PassengerCar 0.00 0 -1 886.29 260.57 976.06 298.68 -1.00 -1.00 -1.00 -1000.00 -1000.00 -1000.00 -1.000 -1.000 -1.000 -1.000 1.00 -1000.0000000000 -1000.0000000000 -1000.0000000000 -1000.0000000000 True True False False
PassengerCar 0.00 1 -1 966.06 263.83 1006.77 291.29 -1.00 -1.00 -1.00 -1000.00 -1000.00 -1000.00 -1.000 -1.000 -1.000 -1.000 1.00 -1000.0000000000 -1000.0000000000 -1000.0000000000 -1000.0000000000 True True False False
PassengerCar 0.00 3 -1 224.63 290.44 313.56 346.32 -1.00 -1.00 -1.00 -1000.00 -1000.00 -1000.00 -1.000 -1.000 -1.000 -1.000 1.00 -1000.0000000000 -1000.0000000000 -1000.0000000000 -1000.0000000000 True True False False
Pedestrian 1.00 3 -1 1280.00 113.00 1280.00 590.00 1.76 0.69 0.54 3.46 1.22 8.96 -3.377 -0.000 -0.004 -1.806 1.00 -0.0015570040 -0.0011537768 -0.7853239341 0.6190820325 True False True False
Pedestrian 1.00 3 -1 1280.00 168.00 1280.00 549.00 1.58 0.60 0.50 3.24 1.20 9.99 -3.257 0.000 0.000 -1.686 1.00 0.0000000000 0.0000000000 -0.7466356046 0.6652332478 True False True False
Pedestrian 0.62 0 -1 1221.00 167.00 1280.00 523.00 1.78 0.74 0.65 3.26 1.31 11.99 -4.433 0.001 0.005 -2.863 1.00 0.0025911410 -0.0003637646 -0.9902855645 0.1390239344 True True True False
Pedestrian 0.00 1 -1 1092.00 234.00 1131.00 356.00 1.75 0.64 0.41 6.45 1.37 33.68 0.451 0.000 0.000 2.022 1.00 0.0000000000 0.0000000000 0.8472804002 0.5311458588 True True True False
Pedestrian 0.00 0 -1 1180.00 227.00 1220.00 331.00 1.79 0.54 0.56 9.32 1.22 40.60 -1.075 -0.001 -0.001 0.496 1.00 -0.0003059342 -0.0008065185 0.2452744219 0.9694533067 True True True False
Pedestrian 0.00 2 -1 1142.00 221.00 1191.00 333.00 1.96 0.74 0.55 8.80 1.27 40.91 -1.123 0.000 0.000 0.448 1.00 0.0000000000 0.0000000000 0.2220472218 0.9750359128 True True True False
Pedestrian 0.00 1 -1 1121.00 227.00 1152.00 319.00 1.71 0.57 0.57 8.81 1.09 43.61 -4.525 0.000 0.000 -2.955 1.00 0.0000000000 0.0000000000 -0.9956322707 0.0933615630 True True True False
Pedestrian 0.00 0 -1 1143.00 227.00 1181.00 334.00 2.08 0.70 0.74 9.65 1.42 45.31 -1.385 0.000 0.000 0.186 1.00 0.0000000000 0.0000000000 0.0927357671 0.9956907539 True True True False
Pedestrian 0.00 2 -1 1050.00 233.00 1081.00 317.00 1.62 0.62 0.38 7.73 1.09 45.06 -3.387 0.000 0.000 -1.816 1.00 0.0000000000 0.0000000000 -0.7882742480 0.6153240690 True True True False
Pedestrian 0.00 2 -1 1170.00 234.00 1198.00 321.00 1.75 0.46 0.45 10.40 1.22 46.73 -1.571 0.000 0.000 0.000 1.00 0.0000000000 0.0000000000 0.0000000000 1.0000000000 True True True True
Pedestrian 0.00 3 -1 1204.00 224.00 1235.00 319.00 1.87 0.45 0.64 10.95 1.16 46.01 -1.571 0.000 0.000 0.000 1.00 0.0000000000 0.0000000000 0.0000000000 1.0000000000 True True True True
Pedestrian 0.00 2 -1 1084.00 226.00 1116.00 323.00 1.89 0.60 0.58 8.53 1.21 45.82 -4.555 0.000 0.000 -2.984 1.00 0.0000000000 0.0000000000 -0.9968919257 0.0787812700 True True True False
Pedestrian_is_group 1.00 3 -1 1280.00 111.00 1280.00 531.00 1.73 0.97 2.28 4.19 1.13 10.78 -1.377 0.019 -0.004 0.194 1.00 0.0096261887 -0.0009371460 0.0968911682 0.9952479891 True False True False
