PassengerCar 0.00 0 -1 1059.00 297.00 1199.00 385.00 1.41 1.82 4.01 7.83 2.04 39.65 -1.509 -0.000 -0.007 0.061 1.00 -0.0001025713 -0.0033442664 0.0306561949 0.9995243884 True True True False
PassengerCar 0.62 0 -1 1224.00 294.00 1280.00 375.00 1.50 1.86 4.19 12.17 2.16 45.17 -1.524 0.003 -0.013 0.046 1.00 0.0014228885 -0.0066288729 0.0232160492 0.9997074815 True True True False
PassengerCar 0.00 0 -1 762.00 294.00 847.00 362.00 1.52 1.95 4.00 3.28 2.33 55.62 -1.513 -0.009 0.000 0.058 1.00 -0.0042718898 0.0001232577 0.0288409338 0.9995748778 True True True False
PassengerCar 1.00 3 -1 0.00 279.00 0.00 405.00 1.44 1.85 4.25 -11.62 1.74 29.74 1.565 -0.035 -0.020 3.136 1.00 0.0099068630 -0.0177035742 0.9997899575 0.0029117611 True False True False
PassengerCar 0.63 3 -1 0.00 293.00 61.00 387.00 1.41 1.82 4.03 -11.85 2.04 40.25 1.510 0.024 0.017 3.081 1.00 -0.0083342374 0.0121250938 0.9994326471 0.0302969713 True False True False
PassengerCar 0.06 2 -1 0.00 284.00 123.00 371.00 1.58 1.84 4.01 -12.25 2.11 46.93 1.492 -0.001 0.022 3.063 1.00 -0.0110297116 -0.0002968554 0.9991708900 0.0391891566 True True True False
PassengerCar 0.00 2 -1 69.00 294.00 180.00 363.00 1.44 1.85 3.95 -12.31 2.24 52.87 1.501 -0.001 0.011 3.071 1.00 -0.0053096258 -0.0005459387 0.9993706127 0.0350697642 True True True False
PassengerCar 0.00 2 -1 815.55 304.15 854.59 336.68 -1.00 -1.00 -1.00 -1000.00 -1000.00 -1000.00 -1.000 -1.000 -1.000 -1.000 1.00 -1000.0000000000 -1000.0000000000 -1000.0000000000 -1000.0000000000 True True False False
PassengerCar 0.00 0 -1 324.53 279.92 375.19 319.79 -1.00 -1.00 -1.00 -1000.00 -1000.00 -1000.00 -1.000 -1.000 -1.000 -1.000 1.00 -1000.0000000000 -1000.0000000000 -1000.0000000000 -1000.0000000000 True True False False
LargeVehicle 0.00 0 -1 859.00 152.00 1084.00 394.00 3.15 2.84 12.24 4.47 1.77 36.43 -1.495 0.000 0.000 0.076 1.00 0.0000000000 0.0000000000 0.0378374351 0.9992839079 True True True False
