Pedestrian 0.00 0 -1 1066.00 297.00 1120.00 423.00 1.79 0.68 0.51 6.08 2.31 33.17 -4.637 0.006 -0.025 -3.067 1.00 -0.0123326431 -0.0032313351 -0.9992141381 0.0375309275 True True True False
Pedestrian 0.00 0 -1 1174.00 337.00 1210.00 428.00 1.61 0.40 0.52 9.36 2.97 41.40 -3.210 0.000 0.000 -1.639 1.00 0.0000000000 0.0000000000 -0.7308315819 0.6825578356 True True True False
Pedestrian 0.00 1 -1 1138.00 323.00 1179.00 429.00 1.89 0.65 0.57 8.96 3.04 42.40 -0.062 0.005 0.012 1.509 1.00 -0.0022835064 0.0062489871 0.6849493457 0.7285603129 True True True True
Pedestrian 0.00 0 -1 705.99 338.95 721.18 379.03 -1.00 -1.00 -1.00 -1000.00 -1000.00 -1000.00 -1.000 -1.000 -1.000 -1.000 1.00 -1000.0000000000 -1000.0000000000 -1000.0000000000 -1000.0000000000 True True False False
Pedestrian 0.00 0 -1 696.10 333.09 712.32 370.52 -1.00 -1.00 -1.00 -1000.00 -1000.00 -1000.00 -1.000 -1.000 -1.000 -1.000 1.00 -1000.0000000000 -1000.0000000000 -1000.0000000000 -1000.0000000000 True True False True
Pedestrian 0.00 0 -1 459.36 329.69 474.83 386.66 -1.00 -1.00 -1.00 -1000.00 -1000.00 -1000.00 -1.000 -1.000 -1.000 -1.000 1.00 -1000.0000000000 -1000.0000000000 -1000.0000000000 -1000.0000000000 False True False True
Pedestrian 0.00 0 -1 745.75 337.74 763.41 379.59 -1.00 -1.00 -1.00 -1000.00 -1000.00 -1000.00 -1.000 -1.000 -1.000 -1.000 1.00 -1000.0000000000 -1000.0000000000 -1000.0000000000 -1000.0000000000 True True False False
Pedestrian 0.00 0 -1 774.48 336.49 789.64 383.13 -1.00 -1.00 -1.00 -1000.00 -1000.00 -1000.00 -1.000 -1.000 -1.000 -1.000 1.00 -1000.0000000000 -1000.0000000000 -1000.0000000000 -1000.0000000000 True True False True
Pedestrian 0.00 0 -1 861.84 344.21 881.33 391.02 -1.00 -1.00 -1.00 -1000.00 -1000.00 -1000.00 -1.000 -1.000 -1.000 -1.000 1.00 -1000.0000000000 -1000.0000000000 -1000.0000000000 -1000.0000000000 True True False False
Pedestrian 0.00 0 -1 718.16 335.25 735.30 379.91 -1.00 -1.00 -1.00 -1000.00 -1000.00 -1000.00 -1.000 -1.000 -1.000 -1.000 1.00 -1000.0000000000 -1000.0000000000 -1000.0000000000 -1000.0000000000 True True False False
