PassengerCar 0.86 0 -1 0.00 104.00 639.00 720.00 1.50 1.94 3.97 -2.26 1.30 5.06 -0.578 0.000 0.000 0.993 1.00 0.0000000000 0.0000000000 0.4764036196 0.8792267007 True True True False
PassengerCar 1.00 3 -1 1280.00 217.00 1280.00 638.00 1.41 1.84 3.81 4.67 1.27 9.51 -0.543 0.000 0.000 1.028 1.00 0.0000000000 0.0000000000 0.4916738565 0.8707794318 True False True False
PassengerCar 0.00 2 -1 608.00 304.00 748.00 369.00 1.42 1.58 3.11 0.22 2.44 53.49 -2.274 0.000 0.000 -0.703 1.00 0.0000000000 0.0000000000 -0.3444312557 0.9388115413 True True True False
Pedestrian 0.00 1 -1 833.00 264.00 876.00 399.00 1.86 0.38 0.50 2.61 1.91 32.36 -0.901 0.000 0.000 0.670 1.00 0.0000000000 0.0000000000 0.3286816846 0.9444407606 True True True False
Pedestrian 0.00 1 -1 847.00 282.00 891.00 392.00 1.48 0.58 0.45 2.75 1.78 31.68 -1.493 0.003 0.001 0.078 1.00 0.0013484433 0.0007688047 0.0389649095 0.9992393740 True True True True
Pedestrian 0.00 3 -1 860.00 274.00 903.00 385.00 1.59 0.60 0.51 3.09 1.78 33.49 -1.510 0.000 0.000 0.061 1.00 0.0000000000 0.0000000000 0.0304682942 0.9995357338 True True True False
Pedestrian 0.00 0 -1 654.00 288.00 711.00 387.00 1.42 0.53 0.67 0.22 1.81 33.76 -2.167 0.000 0.000 -0.596 1.00 0.0000000000 0.0000000000 -0.2938300719 0.9558576719 True True True False
Pedestrian 0.00 0 -1 627.00 272.00 669.00 385.00 1.62 0.41 0.46 -0.27 1.79 33.61 -2.160 0.000 0.000 -0.589 1.00 0.0000000000 0.0000000000 -0.2903820598 0.9569107897 True True True False
Pedestrian 0.00 0 -1 1035.00 273.00 1092.00 404.00 1.69 0.68 0.53 5.18 1.85 30.32 -1.311 0.000 0.000 0.260 1.00 0.0000000000 0.0000000000 0.1296023419 0.9915660507 True True True False
Pedestrian 0.00 1 -1 1010.00 282.00 1056.00 396.00 1.52 0.50 0.56 4.90 1.80 31.11 -1.221 0.000 0.000 0.349 1.00 0.0000000000 0.0000000000 0.1738582193 0.9847706939 True True True False
Pedestrian 0.00 2 -1 1003.00 277.00 1044.00 397.00 1.69 0.37 0.45 5.11 1.93 33.27 -0.741 0.000 0.000 0.830 1.00 0.0000000000 0.0000000000 0.4032184685 0.9151037464 True True True False
Pedestrian 0.00 3 -1 937.00 286.00 968.00 384.00 1.52 0.39 0.33 4.45 1.91 36.22 1.334 0.000 0.000 2.904 1.00 0.0000000000 0.0000000000 0.9929768491 0.1183088213 True True True False
Pedestrian 0.00 2 -1 971.00 285.00 1003.00 386.00 1.53 0.41 0.48 4.91 1.91 35.64 -4.411 0.000 0.000 -2.840 1.00 0.0000000000 0.0000000000 -0.9886422226 0.1502882422 True True True False
Pedestrian 0.00 0 -1 1122.00 277.00 1171.00 392.00 1.82 0.74 0.77 7.68 2.08 37.26 -4.550 0.000 0.000 -2.979 1.00 0.0000000000 0.0000000000 -0.9967139168 0.0810022717 True True True False
Pedestrian 1.00 3 -1 1280.00 273.00 1280.00 395.00 1.89 0.52 0.46 11.06 2.09 36.61 -3.906 0.000 0.000 -2.335 1.00 0.0000000000 0.0000000000 -0.9197713471 0.3924546713 True False True False
Pedestrian 1.00 3 -1 1280.00 275.00 1280.00 392.00 1.84 0.59 0.75 10.63 2.06 37.03 -4.149 0.000 0.000 -2.578 1.00 0.0000000000 0.0000000000 -0.9605922570 0.2779613565 True False True False
Pedestrian 0.87 3 -1 1273.00 269.00 1280.00 394.00 2.04 0.64 0.54 10.44 2.18 38.34 -3.886 0.000 0.000 -2.315 1.00 0.0000000000 0.0000000000 -0.9158051948 0.4016227649 True False True False
Pedestrian 1.00 3 -1 1280.00 278.00 1280.00 372.00 1.53 0.85 0.52 13.27 1.82 38.16 -3.890 0.000 0.000 -2.319 1.00 0.0000000000 0.0000000000 -0.9166373035 0.3997199692 True False True False
Pedestrian 1.00 3 -1 1280.00 263.00 1280.00 386.00 2.12 0.67 0.49 13.38 2.17 40.53 -1.809 0.000 0.000 -0.238 1.00 0.0000000000 0.0000000000 -0.1189248822 0.9929032543 True False True True
