PassengerCar 0.00 0 -1 800.00 281.00 913.00 369.00 1.52 1.75 4.22 3.44 1.91 42.86 -1.571 0.000 0.000 0.000 1.00 0.0000000000 0.0000000000 0.0000000000 1.0000000000 True True True False
PassengerCar 0.00 0 -1 307.00 306.00 397.00 361.00 1.47 1.85 5.19 -9.44 2.88 69.87 -4.694 0.038 -0.001 -3.123 1.00 -0.0001763641 -0.0191052148 -0.9997748668 0.0092290465 True True True False
PassengerCar 0.00 0 -1 386.58 309.52 441.95 350.22 -1.00 -1.00 -1.00 -1000.00 -1000.00 -1000.00 -1.000 -1.000 -1.000 -1.000 1.00 -1000.0000000000 -1000.0000000000 -1000.0000000000 -1000.0000000000 True True False False
PassengerCar 0.00 1 -1 423.44 307.63 463.30 346.49 -1.00 -1.00 -1.00 -1000.00 -1000.00 -1000.00 -1.000 -1.000 -1.000 -1.000 1.00 -1000.0000000000 -1000.0000000000 -1000.0000000000 -1000.0000000000 True True False False
PassengerCar 0.00 2 -1 449.36 305.60 532.31 341.73 -1.00 -1.00 -1.00 -1000.00 -1000.00 -1000.00 -1.000 -1.000 -1.000 -1.000 1.00 -1000.0000000000 -1000.0000000000 -1000.0000000000 -1000.0000000000 True True False False
PassengerCar 0.00 0 -1 695.16 296.30 743.32 334.07 -1.00 -1.00 -1.00 -1000.00 -1000.00 -1000.00 -1.000 -1.000 -1.000 -1.000 1.00 -1000.0000000000 -1000.0000000000 -1000.0000000000 -1000.0000000000 True True False False
PassengerCar 0.00 0 -1 753.05 294.72 795.24 332.55 -1.00 -1.00 -1.00 -1000.00 -1000.00 -1000.00 -1.000 -1.000 -1.000 -1.000 1.00 -1000.0000000000 -1000.0000000000 -1000.0000000000 -1000.0000000000 True True False False
PassengerCar 0.00 3 -1 745.59 292.61 784.47 331.59 -1.00 -1.00 -1.00 -1000.00 -1000.00 -1000.00 -1.000 -1.000 -1.000 -1.000 1.00 -1000.0000000000 -1000.0000000000 -1000.0000000000 -1000.0000000000 True True False False
LargeVehicle 0.00 1 -1 859.00 231.00 960.00 335.00 3.06 2.22 7.85 7.54 2.23 73.13 -1.584 0.017 0.000 -0.013 1.00 0.0086640999 0.0000554281 -0.0063970694 0.9999420022 True True True False
Pedestrian 0.07 0 -1 1070.00 263.00 1088.00 334.00 1.90 0.44 0.30 11.08 1.97 62.50 -1.594 0.000 0.000 -0.023 1.00 0.0000000000 0.0000000000 -0.0117071812 0.9999314686 True True True False
Pedestrian 0.06 0 -1 1090.00 260.00 1110.00 330.00 1.88 0.60 0.50 11.70 1.86 62.73 -3.015 0.000 0.000 -1.445 1.00 0.0000000000 0.0000000000 -0.6611078120 0.7502909175 True True True False
Pedestrian 0.05 0 -1 67.00 297.00 93.00 353.00 1.72 0.70 0.34 -18.23 2.86 72.07 -1.571 0.000 0.000 0.000 1.00 0.0000000000 0.0000000000 0.0000000000 1.0000000000 True True True False
Pedestrian 1.00 3 -1 1280.00 262.00 1280.00 328.00 1.35 0.21 0.42 14.00 1.37 47.64 -2.870 0.000 0.000 -1.299 1.00 0.0000000000 0.0000000000 -0.6048695829 0.7963245492 True False True False
Pedestrian 0.00 0 -1 631.34 285.13 646.56 334.57 -1.00 -1.00 -1.00 -1000.00 -1000.00 -1000.00 -1.000 -1.000 -1.000 -1.000 1.00 -1000.0000000000 -1000.0000000000 -1000.0000000000 -1000.0000000000 True True False False
Pedestrian 0.00 0 -1 268.77 291.92 289.32 348.09 -1.00 -1.00 -1.00 -1000.00 -1000.00 -1000.00 -1.000 -1.000 -1.000 -1.000 1.00 -1000.0000000000 -1000.0000000000 -1000.0000000000 -1000.0000000000 False True False False
