PassengerCar 0.89 3 -1 0.00 252.00 29.00 391.00 1.55 1.83 4.28 -9.19 1.47 27.96 -4.709 0.000 0.000 -3.138 1.00 0.0000000000 0.0000000000 -0.9999987323 0.0015922877 True False True False
PassengerCar 0.00 0 -1 61.00 247.00 278.00 380.00 1.50 1.81 4.26 -5.99 1.36 28.41 -1.588 0.000 0.000 -0.017 1.00 0.0000000000 0.0000000000 -0.0085998028 0.9999630210 True True True False
PassengerCar 0.00 1 -1 180.00 255.00 352.00 366.00 1.55 1.84 4.26 -5.92 1.49 34.74 -1.571 0.000 0.000 0.000 1.00 0.0000000000 0.0000000000 0.0000000000 1.0000000000 True True True False
PassengerCar 0.00 0 -1 361.00 275.00 451.00 349.00 1.50 1.80 4.05 -5.54 1.82 49.62 -1.660 0.000 0.000 -0.089 1.00 0.0000000000 0.0000000000 -0.0444571312 0.9990112930 True True True False
PassengerCar 0.00 2 -1 389.00 283.00 486.00 347.00 1.44 1.88 4.23 -5.41 1.98 55.21 -1.571 0.000 0.000 0.000 1.00 0.0000000000 0.0000000000 0.0000605290 0.9999999982 True True True False
PassengerCar 0.00 2 -1 429.00 271.00 512.00 330.00 1.52 1.87 4.22 -5.23 1.81 62.18 -1.571 0.000 0.000 0.000 1.00 0.0000000000 0.0000000000 0.0000000000 1.0000000000 True True True False
PassengerCar 0.00 1 -1 503.64 284.61 543.56 318.36 -1.00 -1.00 -1.00 -1000.00 -1000.00 -1000.00 -1.000 -1.000 -1.000 -1.000 1.00 -1000.0000000000 -1000.0000000000 -1000.0000000000 -1000.0000000000 True True False False
PassengerCar 0.00 2 -1 513.94 284.66 557.37 319.13 -1.00 -1.00 -1.00 -1000.00 -1000.00 -1000.00 -1.000 -1.000 -1.000 -1.000 1.00 -1000.0000000000 -1000.0000000000 -1000.0000000000 -1000.0000000000 True True False False
PassengerCar 1.00 3 -1 0.00 305.00 0.00 389.00 1.50 1.86 4.22 -18.10 2.39 45.23 1.342 0.000 0.000 2.913 1.00 0.0000000000 0.0000000000 0.9934706321 0.1140881375 True False True False
PassengerCar 0.09 1 -1 0.00 285.00 106.00 351.00 1.52 1.82 4.29 -14.92 2.11 56.21 1.526 0.000 0.000 3.096 1.00 0.0000000000 0.0000000000 0.9997456813 0.0225515557 True True True False
