PassengerCar 0.27 0 -1 0.00 233.00 505.00 502.00 1.58 1.94 4.23 -3.32 1.41 15.83 -3.971 0.001 0.006 -2.400 1.00 0.0028734290 0.0007124194 -0.9320745335 0.3622544684 True True True False
PassengerCar 0.22 0 -1 964.00 288.00 1280.00 419.00 1.52 1.88 4.56 6.22 1.91 29.11 -2.655 -0.021 -0.039 -1.084 1.00 -0.0188361908 -0.0111612463 -0.5158471939 0.8564007806 True True True False
PassengerCar 0.00 0 -1 849.00 294.00 944.00 367.00 1.48 1.63 4.10 4.93 2.23 50.39 -1.571 -0.012 0.000 0.000 1.00 -0.0062402588 0.0000000000 0.0000000000 0.9999805294 True True True False
PassengerCar 0.89 3 -1 0.00 276.00 16.00 361.00 1.41 1.67 4.07 -12.55 1.67 40.53 1.455 0.000 0.000 3.026 1.00 0.0000000000 0.0000000000 0.9983307676 0.0577553325 True False True False
PassengerCar 0.00 2 -1 820.00 295.00 911.00 357.00 1.52 1.62 4.05 5.12 2.42 60.29 -1.668 -0.012 0.000 -0.097 1.00 -0.0058987118 0.0002872278 -0.0486348397 0.9987991665 True True True False
PassengerCar 0.00 1 -1 702.00 294.00 775.00 349.00 1.46 1.54 4.02 1.96 2.42 65.17 -1.664 -0.015 0.000 -0.093 1.00 -0.0072668422 0.0003397275 -0.0466981237 0.9988825571 True True True False
PassengerCar 1.00 3 -1 1280.00 295.00 1280.00 437.00 1.52 1.83 4.18 12.76 1.93 26.49 -3.169 -0.011 -0.000 -1.598 1.00 -0.0040411271 0.0039333131 -0.7165899482 0.6974718951 True False True False
PassengerCar 0.00 0 -1 591.00 289.85 652.53 333.71 -1.00 -1.00 -1.00 -1000.00 -1000.00 -1000.00 -1.000 -1.000 -1.000 -1.000 1.00 -1000.0000000000 -1000.0000000000 -1000.0000000000 -1000.0000000000 True True False False
PassengerCar 0.00 0 -1 766.97 288.78 802.39 323.17 -1.00 -1.00 -1.00 -1000.00 -1000.00 -1000.00 -1.000 -1.000 -1.000 -1.000 1.00 -1000.0000000000 -1000.0000000000 -1000.0000000000 -1000.0000000000 True True False False
Vehicle 0.00 2 -1 761.53 268.60 799.49 317.89 -1.00 -1.00 -1.00 -1000.00 -1000.00 -1000.00 -1.000 -1.000 -1.000 -1.000 1.00 -1000.0000000000 -1000.0000000000 -1000.0000000000 -1000.0000000000 True True False False
Obstacle 0.00 3 -1 45.00 247.00 74.00 363.00 1.55 0.46 0.32 -8.18 1.37 31.29 -3.244 0.000 0.000 -1.673 1.00 0.0000000000 0.0000000000 -0.7422581432 0.6701140566 True False True False
Obstacle 0.00 3 -1 51.00 255.00 82.00 364.00 1.50 0.36 0.32 -8.26 1.42 31.95 -3.140 0.000 0.000 -1.569 1.00 0.0000000000 0.0000000000 -0.7064609465 0.7077520266 True False True True
Pedestrian 0.00 0 -1 705.00 261.00 741.00 371.00 1.72 0.38 0.53 0.88 1.72 36.49 -0.036 0.000 0.000 1.534 1.00 0.0000000000 0.0000000000 0.6941129098 0.7198661462 True True True False
Pedestrian 0.00 1 -1 687.00 269.00 720.00 369.00 1.60 0.41 0.51 0.58 1.74 37.42 -0.048 0.000 0.000 1.523 1.00 0.0000000000 0.0000000000 0.6899570906 0.7238502698 True True True False
Pedestrian 0.00 0 -1 798.32 294.02 812.06 324.44 -1.00 -1.00 -1.00 -1000.00 -1000.00 -1000.00 -1.000 -1.000 -1.000 -1.000 1.00 -1000.0000000000 -1000.0000000000 -1000.0000000000 -1000.0000000000 True True False False
