PassengerCar 0.00 0 -1 434.00 252.00 524.00 309.00 1.41 1.70 4.00 -5.44 1.25 67.62 -4.565 0.041 0.042 -2.994 1.00 0.0223438918 -0.0187324306 -0.9968825297 0.0733148584 True True True False
PassengerCar 0.00 1 -1 480.00 244.00 564.00 300.00 1.50 1.89 4.21 -4.50 1.08 72.45 -4.601 0.019 0.048 -3.030 1.00 0.0245646179 -0.0080886704 -0.9981360673 0.0552769756 True True True False
PassengerCar 0.00 1 -1 537.03 253.23 588.77 302.29 -1.00 -1.00 -1.00 -1000.00 -1000.00 -1000.00 -1.000 -1.000 -1.000 -1.000 1.00 -1000.0000000000 -1000.0000000000 -1000.0000000000 -1000.0000000000 True True False False
PassengerCar 0.00 2 -1 570.79 250.43 616.70 294.34 -1.00 -1.00 -1.00 -1000.00 -1000.00 -1000.00 -1.000 -1.000 -1.000 -1.000 1.00 -1000.0000000000 -1000.0000000000 -1000.0000000000 -1000.0000000000 True True False False
PassengerCar 0.00 2 -1 592.08 241.54 647.27 288.01 -1.00 -1.00 -1.00 -1000.00 -1000.00 -1000.00 -1.000 -1.000 -1.000 -1.000 1.00 -1000.0000000000 -1000.0000000000 -1000.0000000000 -1000.0000000000 True True False False
PassengerCar 0.00 2 -1 622.39 239.72 674.56 284.14 -1.00 -1.00 -1.00 -1000.00 -1000.00 -1000.00 -1.000 -1.000 -1.000 -1.000 1.00 -1000.0000000000 -1000.0000000000 -1000.0000000000 -1000.0000000000 True True False False
PassengerCar 0.00 2 -1 664.99 240.22 712.57 279.20 -1.00 -1.00 -1.00 -1000.00 -1000.00 -1000.00 -1.000 -1.000 -1.000 -1.000 1.00 -1000.0000000000 -1000.0000000000 -1000.0000000000 -1000.0000000000 True True False False
PassengerCar 0.00 2 -1 678.02 231.95 734.56 275.58 -1.00 -1.00 -1.00 -1000.00 -1000.00 -1000.00 -1.000 -1.000 -1.000 -1.000 1.00 -1000.0000000000 -1000.0000000000 -1000.0000000000 -1000.0000000000 True True False False
PassengerCar 0.00 1 -1 852.00 238.00 916.00 287.00 1.45 1.77 4.10 6.92 0.76 73.80 -1.419 -0.005 0.036 0.152 1.00 -0.0037417190 0.0178035958 0.0759737016 0.9969438440 True True True False
DontCare 0.00 -1 -1 899.75 237.04 975.92 284.17 -1.00 -1.00 -1.00 -1000.00 -1000.00 -1000.00 -1.000 -1.000 -1.000 -1.000 1.00 -1000.0000000000 -1000.0000000000 -1000.0000000000 -1000.0000000000 False False False False
LargeVehicle 0.89 3 -1 0.00 60.00 78.00 455.00 2.98 3.02 7.88 -8.20 1.34 21.52 -4.650 0.003 0.040 -3.079 1.00 0.0202408950 -0.0006317410 -0.9993083219 0.0311895002 True False True True
Pedestrian 0.00 0 -1 898.00 218.00 933.00 300.00 1.61 0.66 0.50 4.92 0.77 45.94 -4.650 -0.000 0.005 -3.079 1.00 0.0026311793 0.0001392326 -0.9995100945 0.0311869923 True True True False
Pedestrian 0.00 1 -1 934.00 212.00 964.00 299.00 1.71 0.54 0.52 5.55 0.76 45.75 -4.640 0.000 0.000 -3.069 1.00 0.0000000000 0.0000000000 -0.9993463946 0.0361494608 True True True False
