PassengerCar 0.00 0 -1 862.00 243.00 1224.00 435.00 1.59 2.16 4.13 3.63 1.49 21.79 -4.252 0.040 -0.014 -2.681 1.00 -0.0024682941 -0.0209871618 -0.9733651169 0.2282844623 True True True False
PassengerCar 1.00 3 -1 1280.00 233.00 1280.00 470.00 1.47 1.91 4.33 7.71 1.28 16.82 -4.104 0.011 0.015 -2.533 1.00 0.0087772298 -0.0027550533 -0.9540622723 0.2994671110 True False True False
PassengerCar 0.00 3 -1 1020.00 269.00 1274.00 384.00 1.35 1.44 3.31 5.95 1.47 29.12 1.142 0.000 0.000 2.713 1.00 0.0000000000 0.0000000000 0.9770852177 0.2128484844 True False True False
PassengerCar 1.00 3 -1 1280.00 248.00 1280.00 357.00 1.50 2.07 4.20 13.78 1.43 40.14 -4.181 0.039 0.066 -2.610 1.00 0.0370852553 -0.0100674441 -0.9643589983 0.2617920028 True False True False
PassengerCar 0.81 0 -1 1249.00 256.00 1280.00 350.00 1.51 1.89 4.01 12.30 1.51 43.01 -4.182 0.025 0.036 -2.611 1.00 0.0204751830 -0.0072125684 -0.9648310993 0.2619727002 True True True False
PassengerCar 0.00 3 -1 1084.00 254.00 1230.00 339.00 1.71 1.61 4.05 10.42 1.62 49.19 -4.116 -0.006 -0.009 -2.545 1.00 -0.0050108386 0.0015394784 -0.9558900333 0.2936779967 True False True False
PassengerCar 0.00 2 -1 859.00 274.00 977.00 360.00 1.90 1.86 3.79 6.10 2.28 56.09 -4.329 0.016 0.020 -2.758 1.00 0.0112770046 -0.0057870430 -0.9816275314 0.1903857370 True True True False
PassengerCar 0.00 2 -1 795.00 276.00 915.00 338.00 1.52 1.43 2.74 4.77 1.92 59.00 -3.327 0.008 0.011 -1.756 1.00 0.0066973032 0.0003817380 -0.7696063891 0.6384833641 True True True False
Vehicle 0.00 3 -1 906.00 273.00 1069.00 355.00 1.70 1.95 4.07 7.28 2.01 52.49 -4.079 0.012 0.015 -2.508 1.00 0.0092071313 -0.0034895635 -0.9502128630 0.3114459289 False False True True
Pedestrian 1.00 3 -1 0.00 264.00 0.00 448.00 1.74 0.66 0.55 -8.86 1.77 22.34 -2.470 0.000 0.000 -0.899 1.00 0.0000000000 0.0000000000 -0.4344214201 0.9007097367 True False True False
Pedestrian 1.00 3 -1 0.00 261.00 0.00 455.00 1.89 0.62 0.50 -8.38 1.89 22.92 -2.876 0.000 0.000 -1.305 1.00 0.0000000000 0.0000000000 -0.6073260986 0.7944526481 True False True False
Pedestrian_is_group 0.00 1 -1 683.00 224.00 812.00 395.00 1.93 1.28 1.63 0.92 1.52 27.05 -1.682 0.000 0.000 -0.111 1.00 0.0000000000 0.0000000000 -0.0554180300 0.9984632402 True True True False
Pedestrian_is_group 0.00 3 -1 507.00 226.00 618.00 396.00 1.98 0.99 0.87 -1.24 1.57 27.53 -0.952 0.000 0.000 0.619 1.00 0.0000000000 0.0000000000 0.3044213501 0.9525374752 True True True False
