PassengerCar 0.95 0 -1 0.00 144.00 219.00 720.00 1.39 1.85 4.96 -2.44 1.27 5.33 -4.707 0.000 0.000 -3.137 1.00 0.0000000000 0.0000000000 -0.9999969184 0.0024825962 True True True False
PassengerCar 0.00 1 -1 83.00 241.00 525.00 542.00 1.51 1.86 4.21 -2.01 1.45 14.13 -4.679 0.031 -0.000 -3.109 1.00 0.0000550626 -0.0152996588 -0.9997470992 0.0164819616 True True True False
PassengerCar 0.00 1 -1 335.00 264.00 586.00 450.00 1.46 1.83 4.21 -1.70 1.50 20.39 1.570 0.000 0.000 3.141 1.00 0.0000000000 0.0000000000 0.9999998787 0.0004925387 True True True False
PassengerCar 0.00 2 -1 441.00 249.00 622.00 407.00 1.61 1.83 4.15 -1.46 1.50 25.65 1.531 0.000 0.000 3.102 1.00 0.0000000000 0.0000000000 0.9998025206 0.0198725904 True True True False
PassengerCar 0.00 3 -1 557.00 266.00 683.00 367.00 1.76 2.01 4.20 -0.81 1.86 42.45 -4.667 0.000 0.000 -3.096 1.00 0.0000000000 0.0000000000 -0.9997373432 0.0229182177 True True True False
PassengerCar 0.00 1 -1 606.00 274.00 692.00 346.00 1.54 1.85 4.21 -0.39 1.84 51.93 1.571 0.000 0.000 3.142 1.00 0.0000000000 0.0000000000 1.0000000000 0.0000000000 True True True False
PassengerCar 0.00 1 -1 659.56 266.45 727.77 327.51 -1.00 -1.00 -1.00 -1000.00 -1000.00 -1000.00 -1.000 -1.000 -1.000 -1.000 1.00 -1000.0000000000 -1000.0000000000 -1000.0000000000 -1000.0000000000 True True False False
PassengerCar 0.00 0 -1 725.21 285.54 802.91 313.04 -1.00 -1.00 -1.00 -1000.00 -1000.00 -1000.00 -1.000 -1.000 -1.000 -1.000 1.00 -1000.0000000000 -1000.0000000000 -1000.0000000000 -1000.0000000000 True True False False
PassengerCar 0.82 0 -1 1084.00 199.00 1280.00 720.00 1.48 1.81 4.21 2.87 1.33 8.36 -1.613 0.000 0.000 -0.042 1.00 0.0000000000 0.0000000000 -0.0211855118 0.9997755619 True True True False
PassengerCar 0.48 1 -1 1011.00 198.00 1280.00 563.00 1.69 1.80 4.21 3.09 1.41 12.83 -1.557 0.000 0.000 0.013 1.00 0.0000000000 0.0000000000 0.0067319992 0.9999773398 True True True False
PassengerCar 0.00 1 -1 844.00 275.00 947.00 352.00 1.52 1.80 4.20 4.63 1.82 47.60 -1.544 0.000 -0.006 0.027 1.00 0.0001888517 -0.0029896119 0.0135494683 0.9999037146 True True True False
PassengerCar 0.00 1 -1 829.00 276.00 921.00 347.00 1.58 1.81 4.21 4.75 1.93 53.47 -1.555 0.000 0.000 0.016 1.00 0.0000000000 0.0000000000 0.0081070531 0.9999671373 True True True False
PassengerCar 0.00 1 -1 804.00 274.00 882.00 322.00 1.52 1.81 4.20 5.70 1.97 75.79 -1.671 0.000 0.000 -0.100 1.00 0.0000000000 0.0000000000 -0.0498707169 0.9987556816 True True True False
PassengerCar 0.00 1 -1 806.84 273.77 860.85 326.35 -1.00 -1.00 -1.00 -1000.00 -1000.00 -1000.00 -1.000 -1.000 -1.000 -1.000 1.00 -1000.0000000000 -1000.0000000000 -1000.0000000000 -1000.0000000000 True True False False
PassengerCar 0.00 1 -1 788.74 286.58 821.86 323.62 -1.00 -1.00 -1.00 -1000.00 -1000.00 -1000.00 -1.000 -1.000 -1.000 -1.000 1.00 -1000.0000000000 -1000.0000000000 -1000.0000000000 -1000.0000000000 True True False False
Obstacle 0.00 3 -1 147.00 245.00 242.00 382.00 1.44 0.74 0.76 -5.05 1.28 24.85 -2.911 0.000 0.000 -1.340 1.00 0.0000000000 0.0000000000 -0.6211059017 0.7837266481 False False False False
Obstacle 0.00 3 -1 265.00 250.00 289.00 350.00 1.41 0.25 0.25 -5.55 1.26 33.03 -2.814 0.000 0.000 -1.243 1.00 0.0000000000 0.0000000000 -0.5824507996 0.8128659582 False False False False
Obstacle 0.00 3 -1 318.00 258.00 351.00 355.00 1.39 0.35 0.35 -4.81 1.36 33.57 -2.811 0.000 0.000 -1.241 1.00 0.0000000000 0.0000000000 -0.5812842975 0.8137005379 True False True False
