PassengerCar 0.00 0 -1 481.00 285.00 598.00 377.00 1.42 1.86 4.31 -2.15 1.87 39.59 -1.612 0.019 0.001 -0.041 1.00 0.0094590004 0.0004484241 -0.0204759890 0.9997454977 True True True False
PassengerCar 0.00 0 -1 647.00 282.00 735.00 358.00 1.53 1.79 3.96 0.46 1.99 49.17 -1.578 0.000 0.000 -0.007 1.00 0.0000000000 0.0000000000 -0.0034448762 0.9999940664 True True True False
PassengerCar 0.57 0 -1 1157.00 305.00 1280.00 480.00 1.58 1.80 4.19 6.16 2.03 23.18 -1.533 -0.004 -0.011 0.037 1.00 -0.0016589455 -0.0054081382 0.0187141680 0.9998088717 False False False False
PassengerCar 1.00 3 -1 1280.00 329.00 1280.00 477.00 1.50 1.73 4.05 8.87 2.28 26.01 -1.474 -0.000 -0.018 0.096 1.00 0.0002867219 -0.0088209784 0.0482155834 0.9987979604 True False True False
PassengerCar 1.00 3 -1 1280.00 317.00 1280.00 531.00 1.55 1.90 4.42 8.53 2.03 19.31 -1.578 0.000 -0.013 -0.007 1.00 -0.0000228012 -0.0066526724 -0.0034272796 0.9999719972 True False True False
PassengerCar 0.00 1 -1 151.00 290.00 262.00 353.00 1.33 1.60 3.74 -10.24 2.00 51.86 -4.678 0.000 0.001 -3.107 1.00 0.0003658863 -0.0000063375 -0.9998499571 0.0173184685 True True True False
PassengerCar 0.00 2 -1 634.40 284.00 688.44 327.54 -1.00 -1.00 -1.00 -1000.00 -1000.00 -1000.00 -1.000 -1.000 -1.000 -1.000 1.00 -1000.0000000000 -1000.0000000000 -1000.0000000000 -1000.0000000000 True True False False
PassengerCar 0.00 2 -1 626.94 282.20 661.03 314.10 -1.00 -1.00 -1.00 -1000.00 -1000.00 -1000.00 -1.000 -1.000 -1.000 -1.000 1.00 -1000.0000000000 -1000.0000000000 -1000.0000000000 -1000.0000000000 True True False False
PassengerCar 0.00 1 -1 365.86 275.70 398.86 304.44 -1.00 -1.00 -1.00 -1000.00 -1000.00 -1000.00 -1.000 -1.000 -1.000 -1.000 1.00 -1000.0000000000 -1000.0000000000 -1000.0000000000 -1000.0000000000 True True False False
PassengerCar 0.00 1 -1 921.03 272.19 1058.71 347.57 -1.00 -1.00 -1.00 -1000.00 -1000.00 -1000.00 -1.000 -1.000 -1.000 -1.000 1.00 -1000.0000000000 -1000.0000000000 -1000.0000000000 -1000.0000000000 True True False False
PassengerCar 0.00 1 -1 917.22 299.44 1017.03 352.84 -1.00 -1.00 -1.00 -1000.00 -1000.00 -1000.00 -1.000 -1.000 -1.000 -1.000 1.00 -1000.0000000000 -1000.0000000000 -1000.0000000000 -1000.0000000000 True True False False
PassengerCar 1.00 3 -1 0.00 275.00 0.00 449.00 1.39 1.82 4.15 -9.67 1.52 20.68 1.514 0.000 0.000 3.085 1.00 0.0000000000 0.0000000000 0.9995992201 0.0283089937 True False True False
PassengerCar 0.00 0 -1 822.57 295.82 921.21 346.22 -1.00 -1.00 -1.00 -1000.00 -1000.00 -1000.00 -1.000 -1.000 -1.000 -1.000 1.00 -1000.0000000000 -1000.0000000000 -1000.0000000000 -1000.0000000000 True True False True
PassengerCar 0.00 0 -1 1132.00 310.00 1218.00 361.00 1.51 1.81 4.12 16.13 3.12 73.96 -1.571 0.000 0.000 0.000 1.00 0.0000000000 0.0000000000 0.0000000000 1.0000000000 True True True False
DontCare 1.00 3 -1 0.00 280.00 0.00 368.00 1.41 2.64 4.12 -16.13 1.74 39.30 -2.838 0.000 0.000 -1.267 1.00 0.0000000000 0.0000000000 -0.5919838468 0.8059498279 False False False False
DontCare 1.00 3 -1 0.00 277.00 0.00 349.00 1.44 1.83 3.71 -16.84 1.79 48.23 -2.646 0.000 0.000 -1.075 1.00 0.0000000000 0.0000000000 -0.5120127780 0.8589778316 False False False False
DontCare 0.94 -1 -1 0.00 282.00 12.00 352.00 1.51 1.82 4.12 -16.81 1.99 51.83 -2.631 0.000 0.000 -1.060 1.00 0.0000000000 0.0000000000 -0.5054547174 0.8628531327 False False False False
Pedestrian 0.00 0 -1 798.00 260.00 833.00 376.00 1.76 0.47 0.52 2.26 1.75 35.47 -3.124 0.000 0.000 -1.553 1.00 0.0000000000 0.0000000000 -0.7007910582 0.7133665907 True True True False
Pedestrian 0.00 1 -1 817.00 252.00 851.00 369.00 1.81 0.57 0.50 2.59 1.68 36.02 -3.112 0.000 0.000 -1.541 1.00 0.0000000000 0.0000000000 -0.6964969071 0.7175597943 True True True False
Pedestrian 0.00 0 -1 1126.00 298.00 1169.00 401.00 1.73 0.47 0.69 8.17 2.36 39.49 -2.998 0.000 0.000 -1.427 1.00 0.0000000000 0.0000000000 -0.6544807711 0.7560786469 True True True False
Pedestrian_is_group 0.00 3 -1 75.00 274.00 105.00 345.00 1.58 0.52 0.45 -13.03 1.89 52.42 -1.478 0.000 0.000 0.092 1.00 0.0000000000 0.0000000000 0.0461861754 0.9989328492 True False True True
Pedestrian 0.00 0 -1 1067.47 307.82 1087.34 372.81 -1.00 -1.00 -1.00 -1000.00 -1000.00 -1000.00 -1.000 -1.000 -1.000 -1.000 1.00 -1000.0000000000 -1000.0000000000 -1000.0000000000 -1000.0000000000 False True False False
Pedestrian 0.00 1 -1 396.00 264.00 423.00 339.00 1.95 0.77 0.60 -6.71 2.03 60.45 -3.141 0.000 0.000 -1.570 1.00 0.0000000000 0.0000000000 -0.7069666691 0.7072468655 True True True False
