PassengerCar 0.70 0 -1 0.00 249.00 315.00 720.00 1.39 1.85 4.39 -2.65 1.43 8.70 -1.545 0.034 -0.010 0.026 1.00 0.0171179405 -0.0049340866 0.0130420530 0.9997562382 True True True False
PassengerCar 0.00 2 -1 0.00 273.00 453.00 562.00 1.35 1.75 3.67 -2.35 1.45 13.14 -1.527 0.027 0.005 0.044 1.00 0.0132950659 0.0027202243 0.0219635920 0.9996666656 True True True False
PassengerCar 0.00 2 -1 231.00 270.00 533.00 469.00 1.41 1.90 4.27 -2.15 1.50 18.60 -1.571 0.000 -0.002 0.000 1.00 0.0000000000 -0.0008453666 0.0000000000 0.9999996427 True True True False
PassengerCar 0.00 3 -1 333.00 279.00 566.00 444.00 1.56 1.90 3.83 -2.16 1.75 24.08 -1.532 -0.010 -0.000 0.039 1.00 -0.0051911675 -0.0003317847 0.0192753696 0.9998006810 True True True False
PassengerCar 0.00 3 -1 398.00 280.00 584.00 415.00 1.53 1.87 4.25 -2.08 1.79 28.51 -1.549 -0.000 -0.009 0.021 1.00 -0.0000380867 -0.0044670807 0.0106873853 0.9999329095 True True True False
PassengerCar 0.00 3 -1 475.00 290.00 612.00 399.00 1.50 1.83 3.85 -1.79 1.96 34.62 -1.571 -0.007 0.000 0.000 1.00 -0.0036779541 0.0000000000 0.0000000000 0.9999932363 True True True False
PassengerCar 0.00 3 -1 505.00 298.00 624.00 388.00 1.48 1.80 3.88 -1.78 2.17 41.15 -1.544 0.023 -0.013 0.027 1.00 0.0116079868 -0.0062362117 0.0136386646 0.9998201594 True True True False
PassengerCar 0.00 3 -1 529.00 297.00 634.00 375.00 1.41 1.84 3.87 -1.66 2.16 46.01 -1.559 0.029 0.000 0.012 1.00 0.0146908870 0.0000898362 0.0061143217 0.9998733844 True True True False
PassengerCar 1.00 3 -1 1280.00 80.00 1280.00 720.00 1.51 2.00 3.92 3.00 1.36 4.00 -1.579 -0.007 0.005 -0.008 1.00 -0.0033197124 0.0027459345 -0.0039565971 0.9999828922 True False True False
PassengerCar 0.78 0 -1 1108.00 237.00 1280.00 682.00 1.47 1.80 3.86 3.14 1.41 9.62 -1.597 0.000 0.000 -0.026 1.00 0.0000000000 0.0000000000 -0.0132066657 0.9999127882 True True True False
PassengerCar 0.30 2 -1 1000.00 250.00 1280.00 524.00 1.51 1.71 3.53 3.17 1.46 14.52 -1.554 0.000 0.000 0.017 1.00 0.0000000000 0.0000000000 0.0084407862 0.9999643759 True True True False
PassengerCar 0.00 1 -1 888.00 236.00 1184.00 448.00 1.75 1.97 4.40 3.28 1.57 21.51 -1.587 0.000 0.000 -0.016 1.00 0.0000000000 0.0000000000 -0.0080292705 0.9999677649 True True True False
PassengerCar 0.00 3 -1 875.00 294.00 1061.00 424.00 1.40 1.66 3.83 3.48 1.81 27.51 -1.584 0.000 0.000 -0.013 1.00 0.0000000000 0.0000000000 -0.0066873720 0.9999776393 True True True False
PassengerCar 0.00 3 -1 859.00 294.00 1021.00 406.00 1.51 1.87 3.85 3.84 1.99 33.30 -1.571 0.000 -0.008 0.000 1.00 0.0000000000 -0.0041522022 0.0000000000 0.9999913796 True True True False
PassengerCar 0.00 2 -1 832.00 295.00 960.00 386.00 1.39 1.71 3.87 3.67 1.97 37.82 -1.571 0.000 -0.014 0.000 1.00 0.0000000000 -0.0069484953 0.0000000000 0.9999758589 True True True False
PassengerCar 0.00 3 -1 830.67 292.89 892.20 364.65 -1.00 -1.00 -1.00 -1000.00 -1000.00 -1000.00 -1.000 -1.000 -1.000 -1.000 1.00 -1000.0000000000 -1000.0000000000 -1000.0000000000 -1000.0000000000 True True False False
PassengerCar 0.00 3 -1 820.32 294.13 912.00 357.26 -1.00 -1.00 -1.00 -1000.00 -1000.00 -1000.00 -1.000 -1.000 -1.000 -1.000 1.00 -1000.0000000000 -1000.0000000000 -1000.0000000000 -1000.0000000000 True True False False
PassengerCar 0.00 3 -1 813.00 294.00 898.00 355.00 1.40 1.76 3.86 4.52 2.24 56.21 -1.571 0.000 -0.017 0.000 1.00 0.0000000000 -0.0084569581 0.0000000000 0.9999642393 True True True False
PassengerCar 0.00 3 -1 827.92 286.95 901.71 342.01 -1.00 -1.00 -1.00 -1000.00 -1000.00 -1000.00 -1.000 -1.000 -1.000 -1.000 1.00 -1000.0000000000 -1000.0000000000 -1000.0000000000 -1000.0000000000 True True False False
PassengerCar 0.00 2 -1 798.00 288.00 860.00 336.00 1.50 1.80 3.85 5.35 2.44 77.09 -1.571 0.000 0.000 0.000 1.00 0.0000000000 0.0000000000 0.0000000000 1.0000000000 True True True False
PassengerCar 0.00 3 -1 789.88 283.38 839.89 331.56 -1.00 -1.00 -1.00 -1000.00 -1000.00 -1000.00 -1.000 -1.000 -1.000 -1.000 1.00 -1000.0000000000 -1000.0000000000 -1000.0000000000 -1000.0000000000 True True False False
PassengerCar 0.00 3 -1 784.84 286.46 834.41 330.31 -1.00 -1.00 -1.00 -1000.00 -1000.00 -1000.00 -1.000 -1.000 -1.000 -1.000 1.00 -1000.0000000000 -1000.0000000000 -1000.0000000000 -1000.0000000000 True True False False
PassengerCar 0.00 2 -1 776.44 281.42 816.93 318.83 -1.00 -1.00 -1.00 -1000.00 -1000.00 -1000.00 -1.000 -1.000 -1.000 -1.000 1.00 -1000.0000000000 -1000.0000000000 -1000.0000000000 -1000.0000000000 True True False False
PassengerCar 0.00 3 -1 559.00 295.00 650.00 369.00 1.52 1.80 3.87 -1.31 2.27 50.21 -1.557 0.000 0.000 0.014 1.00 0.0000000000 0.0000000000 0.0069596306 0.9999757815 True True True False
PassengerCar 0.00 3 -1 588.00 298.00 665.00 363.00 1.50 1.75 3.94 -0.95 2.41 56.03 -1.563 0.000 -0.012 0.008 1.00 0.0000241961 -0.0062413231 0.0038766493 0.9999730081 True True True False
PassengerCar 0.00 3 -1 621.19 297.69 677.20 348.82 -1.00 -1.00 -1.00 -1000.00 -1000.00 -1000.00 -1.000 -1.000 -1.000 -1.000 1.00 -1000.0000000000 -1000.0000000000 -1000.0000000000 -1000.0000000000 True True False False
PassengerCar 0.00 3 -1 617.54 288.32 681.56 344.66 -1.00 -1.00 -1.00 -1000.00 -1000.00 -1000.00 -1.000 -1.000 -1.000 -1.000 1.00 -1000.0000000000 -1000.0000000000 -1000.0000000000 -1000.0000000000 True True False False
PassengerCar 0.00 2 -1 630.43 281.16 693.60 336.22 -1.00 -1.00 -1.00 -1000.00 -1000.00 -1000.00 -1.000 -1.000 -1.000 -1.000 1.00 -1000.0000000000 -1000.0000000000 -1000.0000000000 -1000.0000000000 True True False False
PassengerCar 0.00 3 -1 664.04 281.44 707.73 328.09 -1.00 -1.00 -1.00 -1000.00 -1000.00 -1000.00 -1.000 -1.000 -1.000 -1.000 1.00 -1000.0000000000 -1000.0000000000 -1000.0000000000 -1000.0000000000 True True False False
PassengerCar 0.00 2 -1 692.88 287.60 719.09 313.53 -1.00 -1.00 -1.00 -1000.00 -1000.00 -1000.00 -1.000 -1.000 -1.000 -1.000 1.00 -1000.0000000000 -1000.0000000000 -1000.0000000000 -1000.0000000000 True True False False
