PassengerCar 1.00 0 -1 0.00 0.00 31.00 720.00 1.40 1.83 3.66 -3.15 1.18 4.03 -0.996 0.000 0.000 0.575 1.00 0.0000000000 0.0000000000 0.2835943424 0.9589443409 True True True False
PassengerCar 0.12 2 -1 669.00 283.00 1280.00 623.00 1.28 1.68 3.57 1.74 1.38 10.72 -0.941 0.000 0.000 0.629 1.00 0.0000000000 0.0000000000 0.3095476349 0.9508839370 True True True False
PassengerCar 0.87 0 -1 1054.00 246.00 1280.00 720.00 1.32 1.61 4.03 2.62 1.31 6.04 -0.967 0.000 0.000 0.604 1.00 0.0000000000 0.0000000000 0.2972894578 0.9547873995 True True True False
PassengerCar 1.00 3 -1 1280.00 282.00 1280.00 512.00 1.62 1.72 4.50 7.36 1.80 18.79 -0.930 0.000 0.000 0.641 1.00 0.0000000000 0.0000000000 0.3151197514 0.9490519176 False False True False
PassengerCar 0.00 3 -1 723.00 297.00 1108.00 468.00 1.71 2.06 4.20 2.83 2.13 25.88 -3.913 0.000 0.000 -2.342 1.00 0.0000000000 0.0000000000 -0.9212183462 0.3890459594 True True True False
DontCare 0.00 -1 -1 628.00 287.00 662.00 383.00 1.50 0.49 0.29 -0.34 1.91 36.46 -4.529 0.000 0.000 -2.958 1.00 0.0000000000 0.0000000000 -0.9957972795 0.0915848143 False False False False
DontCare 0.00 -1 -1 785.00 280.00 866.00 388.00 1.72 1.23 0.58 2.55 2.04 37.35 -1.362 0.000 0.000 0.209 1.00 0.0000000000 0.0000000000 0.1043710760 0.9945384248 False False False False
DontCare 0.00 -1 -1 649.00 282.00 693.00 381.00 1.50 0.64 0.38 0.06 1.82 35.23 1.486 0.000 0.000 3.057 1.00 0.0000000000 0.0000000000 0.9991068810 0.0422544707 False False False False
DontCare 0.00 -1 -1 83.00 271.00 147.00 418.00 1.73 0.69 0.58 -6.58 1.85 27.65 -0.495 0.000 0.000 1.076 1.00 0.0000000000 0.0000000000 0.5122376201 0.8588437696 False False False False
DontCare 0.00 -1 -1 173.00 279.00 291.00 396.00 1.50 0.81 1.28 -5.67 1.73 30.24 -2.636 0.000 0.000 -1.065 1.00 0.0000000000 0.0000000000 -0.5078939629 0.8614195972 False False False False
DontCare 0.00 -1 -1 359.00 285.00 538.00 400.00 1.50 2.24 0.88 -2.94 1.83 31.20 -1.259 0.000 0.000 0.312 1.00 0.0000000000 0.0000000000 0.1553903730 0.9878531429 False False False False
DontCare 0.00 -1 -1 26.00 278.00 131.00 420.00 1.81 0.60 1.22 -7.65 2.03 30.19 -0.490 0.000 0.000 1.081 1.00 0.0000000000 0.0000000000 0.5145338724 0.8574700544 False False False False
DontCare 0.00 -1 -1 114.00 271.00 195.00 406.00 1.82 1.00 0.46 -7.00 1.97 31.68 -1.159 0.000 0.000 0.412 1.00 0.0000000000 0.0000000000 0.2044142444 0.9788844757 False False False False
DontCare 0.00 -1 -1 119.00 272.00 322.00 410.00 1.93 0.75 2.82 -6.47 2.10 33.74 -0.580 0.000 0.000 0.991 1.00 0.0000000000 0.0000000000 0.4754426916 0.8797466948 False False False False
DontCare 0.00 -1 -1 478.00 265.00 666.00 391.00 1.86 1.02 3.08 -1.44 1.93 35.90 -3.970 0.000 0.000 -2.400 1.00 0.0000000000 0.0000000000 -0.9319629707 0.3625534737 False False False False
DontCare 0.00 -1 -1 393.00 274.00 512.00 382.00 1.50 2.20 0.52 -3.09 1.69 33.23 -0.710 0.000 0.000 0.861 1.00 0.0000000000 0.0000000000 0.4171317795 0.9088460148 False False False False
DontCare 0.00 -1 -1 1009.00 279.00 1194.00 374.00 1.79 2.62 2.60 8.57 2.15 45.83 -0.828 0.000 0.000 0.742 1.00 0.0000000000 0.0000000000 0.3627426979 0.9318893363 False False False False
DontCare 0.00 -1 -1 1168.00 280.00 1262.00 370.00 1.80 0.93 2.25 11.32 2.21 47.95 -0.850 0.000 0.000 0.721 1.00 0.0000000000 0.0000000000 0.3526617671 0.9357508632 False False False False
DontCare 0.00 -1 -1 907.00 282.00 950.00 388.00 1.77 0.63 0.36 4.43 2.13 39.34 -0.947 0.000 0.000 0.623 1.00 0.0000000000 0.0000000000 0.3066560062 0.9518204105 False False False False
DontCare 1.00 3 -1 0.00 276.00 0.00 444.00 2.16 0.83 0.68 -9.72 2.36 30.40 -4.358 0.000 0.000 -2.787 1.00 0.0000000000 0.0000000000 -0.9843274682 0.1763503197 False False False False
DontCare 1.00 3 -1 1280.00 294.00 1280.00 395.00 1.60 1.82 4.22 12.59 2.19 39.87 -4.047 0.000 0.000 -2.476 1.00 0.0000000000 0.0000000000 -0.9451650377 0.3265930978 False False False False
