PassengerCar 1.00 3 -1 1280.00 31.00 1280.00 720.00 1.69 1.80 4.24 3.42 1.26 6.85 -1.577 -0.010 -0.009 -0.006 1.00 -0.0048332428 -0.0046877282 -0.0032551617 0.9999720341 True False True False
PassengerCar 0.17 0 -1 1011.00 281.00 1280.00 455.00 1.23 1.76 3.75 3.90 1.40 18.52 -1.569 0.000 0.000 0.002 1.00 0.0000000000 0.0000000000 0.0009438803 0.9999995545 True True True False
PassengerCar 0.92 3 -1 1258.00 282.00 1280.00 428.00 1.40 1.48 4.21 7.52 1.63 24.55 -1.571 0.000 0.000 0.000 1.00 0.0000000000 0.0000000000 0.0000000000 1.0000000000 True False True False
PassengerCar 0.00 0 -1 855.00 285.00 1000.00 388.00 1.51 1.81 4.11 4.04 1.92 36.64 -1.570 -0.010 -0.012 0.001 1.00 -0.0048143854 -0.0059368638 0.0002694696 0.9999707509 True True True False
PassengerCar 0.00 1 -1 966.00 304.00 1054.00 362.00 1.24 1.44 3.96 7.86 2.26 53.58 -1.571 0.000 0.000 0.000 1.00 0.0000000000 0.0000000000 0.0000000000 1.0000000000 True True True False
PassengerCar 0.00 0 -1 791.00 296.00 868.00 354.00 1.51 1.85 4.30 4.45 2.51 64.28 -1.571 0.000 0.000 0.000 1.00 0.0000000000 0.0000000000 0.0000000000 1.0000000000 True True True False
PassengerCar 0.00 1 -1 594.00 303.00 652.00 348.00 1.26 1.68 4.22 -1.31 2.57 70.04 1.565 0.000 0.000 3.136 1.00 0.0000000000 0.0000000000 0.9999963029 0.0027192173 True True True False
PassengerCar 0.00 1 -1 447.00 284.00 525.00 341.00 1.50 1.81 4.06 -4.91 2.14 63.40 1.569 0.000 0.000 3.140 1.00 0.0000000000 0.0000000000 0.9999995920 0.0009032742 True True True False
PassengerCar 0.00 0 -1 507.00 281.00 615.00 365.00 1.50 1.81 4.40 -1.94 1.88 43.59 -4.711 0.000 0.000 -3.140 1.00 0.0000000000 0.0000000000 -0.9999996477 0.0008394283 True True True False
PassengerCar 0.00 1 -1 253.71 283.94 394.46 378.91 -1.00 -1.00 -1.00 -1000.00 -1000.00 -1000.00 -1.000 -1.000 -1.000 -1.000 1.00 -1000.0000000000 -1000.0000000000 -1000.0000000000 -1000.0000000000 True True False False
PassengerCar 0.00 0 -1 13.18 246.72 281.09 570.27 -1.00 -1.00 -1.00 -1000.00 -1000.00 -1000.00 -1.000 -1.000 -1.000 -1.000 1.00 -1000.0000000000 -1000.0000000000 -1000.0000000000 -1000.0000000000 True True False False
Pedestrian 0.00 2 -1 379.38 286.71 393.90 328.18 -1.00 -1.00 -1.00 -1000.00 -1000.00 -1000.00 -1.000 -1.000 -1.000 -1.000 1.00 -1000.0000000000 -1000.0000000000 -1000.0000000000 -1000.0000000000 False True False False
