PassengerCar 0.00 0 -1 790.00 240.00 1067.00 414.00 1.50 1.82 4.49 2.46 1.32 23.01 -1.669 0.006 0.023 -0.099 1.00 0.0034117625 0.0113783771 -0.0493229416 0.9987122408 True True True False
PassengerCar 0.00 0 -1 126.00 273.00 232.00 339.00 1.50 1.80 4.20 -11.89 1.83 56.79 1.540 -0.029 -0.001 3.111 1.00 0.0002193579 -0.0144452405 0.9997803720 0.0151820540 True True True False
PassengerCar 0.00 2 -1 168.00 271.00 259.00 333.00 1.57 1.80 4.20 -12.09 1.86 62.08 1.519 -0.012 0.001 3.090 1.00 -0.0008577241 -0.0059376750 0.9996522321 0.0256792360 True True True False
PassengerCar 0.00 2 -1 235.30 285.45 286.36 329.29 -1.00 -1.00 -1.00 -1000.00 -1000.00 -1000.00 -1.000 -1.000 -1.000 -1.000 1.00 -1000.0000000000 -1000.0000000000 -1000.0000000000 -1000.0000000000 True True False False
PassengerCar 0.00 2 -1 249.64 282.56 302.69 326.62 -1.00 -1.00 -1.00 -1000.00 -1000.00 -1000.00 -1.000 -1.000 -1.000 -1.000 1.00 -1000.0000000000 -1000.0000000000 -1000.0000000000 -1000.0000000000 True True False False
PassengerCar 0.00 2 -1 289.38 284.87 352.99 321.41 -1.00 -1.00 -1.00 -1000.00 -1000.00 -1000.00 -1.000 -1.000 -1.000 -1.000 1.00 -1000.0000000000 -1000.0000000000 -1000.0000000000 -1000.0000000000 True True False False
PassengerCar 0.00 1 -1 372.83 280.73 441.06 311.65 -1.00 -1.00 -1.00 -1000.00 -1000.00 -1000.00 -1.000 -1.000 -1.000 -1.000 1.00 -1000.0000000000 -1000.0000000000 -1000.0000000000 -1000.0000000000 True True False False
PassengerCar 0.00 0 -1 467.11 275.67 512.16 315.88 -1.00 -1.00 -1.00 -1000.00 -1000.00 -1000.00 -1.000 -1.000 -1.000 -1.000 1.00 -1000.0000000000 -1000.0000000000 -1000.0000000000 -1000.0000000000 True True False False
PassengerCar 0.00 2 -1 159.57 282.40 242.87 334.78 -1.00 -1.00 -1.00 -1000.00 -1000.00 -1000.00 -1.000 -1.000 -1.000 -1.000 1.00 -1000.0000000000 -1000.0000000000 -1000.0000000000 -1000.0000000000 True True False False
RidableVehicle 0.00 0 -1 1155.00 206.00 1230.00 344.00 1.99 0.73 1.72 7.79 1.21 34.48 -1.565 0.000 0.000 0.006 1.00 0.0000000000 0.0000000000 0.0030217498 0.9999954345 True True True False
RidableVehicle 0.17 0 -1 1215.00 223.00 1280.00 349.00 1.83 0.70 1.69 8.69 1.29 34.46 -1.571 0.000 0.000 0.000 1.00 0.0000000000 0.0000000000 0.0000000000 1.0000000000 True True True False
Pedestrian 1.00 3 -1 1280.00 232.00 1280.00 333.00 1.62 0.60 0.51 10.30 1.17 37.50 1.551 0.000 0.000 3.122 1.00 0.0000000000 0.0000000000 0.9999508499 0.0099145200 True False True True
Pedestrian 1.00 3 -1 1280.00 232.00 1280.00 333.00 1.61 0.38 0.61 10.88 1.16 37.40 1.546 -0.000 0.015 3.117 1.00 -0.0076685609 -0.0000950599 0.9998937717 0.0123947350 True False True True
Pedestrian 1.00 3 -1 1280.00 232.00 1280.00 331.00 1.55 0.47 0.24 11.37 1.10 36.69 1.548 0.000 0.000 3.119 1.00 0.0000000000 0.0000000000 0.9999347663 0.0114220495 True False True True
Pedestrian 1.00 3 -1 1280.00 218.00 1280.00 329.00 1.75 0.50 0.45 11.95 1.07 36.71 1.522 0.000 0.000 3.092 1.00 0.0000000000 0.0000000000 0.9996975232 0.0245939432 True False True True
Pedestrian 1.00 3 -1 1280.00 213.00 1280.00 407.00 1.67 0.45 0.57 6.75 1.26 20.35 -3.456 0.000 0.000 -1.885 1.00 0.0000000000 0.0000000000 -0.8090516658 0.5877375282 True False True False
Pedestrian 1.00 3 -1 1280.00 220.00 1280.00 412.00 1.54 0.49 0.48 7.73 1.22 18.92 -3.122 0.000 0.000 -1.552 1.00 0.0000000000 0.0000000000 -0.7002701811 0.7138779121 True False True False
