PassengerCar 1.00 3 -1 0.00 71.00 0.00 720.00 1.51 1.78 3.87 -3.46 1.06 6.20 -1.889 -0.021 0.063 -0.318 1.00 -0.0052325988 0.0326707784 -0.1580593300 0.9868751128 True False True False
PassengerCar 0.60 3 -1 0.00 250.00 116.00 364.00 1.47 1.65 3.34 -9.33 1.35 31.24 -2.841 0.000 0.000 -1.270 1.00 0.0000000000 0.0000000000 -0.5932224329 0.8050385985 True False True False
PassengerCar 0.59 3 -1 0.00 240.00 123.00 361.00 1.73 1.54 4.04 -10.24 1.44 34.40 -2.814 0.000 0.000 -1.244 1.00 0.0000000000 0.0000000000 -0.5824827299 0.8128430780 True True True False
PassengerCar 0.40 3 -1 0.00 265.00 138.00 352.00 1.59 1.70 3.93 -12.11 1.68 43.76 -2.745 0.000 0.000 -1.174 1.00 0.0000000000 0.0000000000 -0.5537452806 0.8326861139 True True True False
PassengerCar 0.00 1 -1 437.00 270.00 571.00 360.00 1.50 1.81 3.90 -2.91 1.67 40.64 -1.782 0.000 0.000 -0.211 1.00 0.0000000000 0.0000000000 -0.1054059275 0.9944292788 True True True False
PassengerCar 0.00 1 -1 509.00 264.00 733.00 379.00 1.49 1.55 2.83 -0.65 1.54 31.22 -3.288 0.000 0.000 -1.717 1.00 0.0000000000 0.0000000000 -0.7569365048 0.6534884297 True True True False
PassengerCar 0.00 1 -1 668.00 235.00 1021.00 464.00 1.61 1.72 3.66 1.27 1.44 18.24 -1.809 0.000 0.000 -0.238 1.00 0.0000000000 0.0000000000 -0.1187497067 0.9929242202 True True True False
PassengerCar 0.31 1 -1 852.00 252.00 1280.00 552.00 1.32 1.77 4.28 2.37 1.29 12.44 -1.738 0.000 0.000 -0.167 1.00 0.0000000000 0.0000000000 -0.0834996081 0.9965078100 True True True False
PassengerCar 0.93 0 -1 1187.00 190.00 1280.00 720.00 1.43 1.97 3.67 2.59 1.29 6.73 -1.385 -0.011 0.006 0.185 1.00 -0.0055545343 0.0023641930 0.0926297006 0.9956823270 True True True False
Obstacle 0.00 3 -1 665.00 245.00 700.00 350.00 1.75 0.56 0.60 0.26 1.49 39.05 1.524 0.000 0.000 3.095 1.00 0.0000000000 0.0000000000 0.9997311981 0.0231847247 True False True False
Obstacle 0.00 3 -1 693.00 248.00 720.00 345.00 1.56 0.36 0.33 0.63 1.35 37.31 1.272 0.000 0.000 2.842 1.00 0.0000000000 0.0000000000 0.9888287083 0.1490563173 True False True False
Obstacle 0.00 3 -1 996.00 229.00 1044.00 374.00 1.08 0.23 0.36 2.66 0.84 17.50 1.322 0.000 0.000 2.893 1.00 0.0000000000 0.0000000000 0.9922917960 0.1239233295 True False True True
Pedestrian 0.00 0 -1 219.00 252.00 250.00 322.00 1.74 0.76 0.68 -10.88 1.53 58.36 -1.760 0.000 0.000 -0.189 1.00 0.0000000000 0.0000000000 -0.0945291946 0.9955220898 True True True False
Pedestrian 0.05 1 -1 279.00 256.00 304.00 323.00 1.64 0.44 0.41 -9.28 1.52 57.30 -0.903 0.000 0.000 0.668 1.00 0.0000000000 0.0000000000 0.3276128808 0.9448120450 True True True False
Pedestrian 0.00 2 -1 275.00 255.00 302.00 322.00 1.68 0.58 0.61 -9.65 1.55 59.24 -4.703 0.000 0.000 -3.132 1.00 0.0000000000 0.0000000000 -0.9999891099 0.0046669066 True True True True
Pedestrian 0.00 0 -1 387.00 254.00 415.00 328.00 1.79 0.67 0.66 -6.50 1.64 56.74 -1.635 0.000 0.000 -0.064 1.00 0.0000000000 0.0000000000 -0.0322392680 0.9994801797 True True True False
Pedestrian 0.05 2 -1 436.00 254.00 460.00 319.00 1.65 0.61 0.66 -5.59 1.48 59.18 -1.689 0.000 0.000 -0.118 1.00 0.0000000000 0.0000000000 -0.0591563411 0.9982487302 True True True True
Pedestrian_is_group 0.00 3 -1 491.00 257.00 557.00 323.00 1.72 1.66 1.81 -3.75 1.62 60.70 1.472 0.000 0.000 3.043 1.00 0.0000000000 0.0000000000 0.9987905836 0.0491667573 True False True False
