PassengerCar 0.00 0 -1 89.00 278.00 434.00 404.00 1.51 1.83 4.02 -5.19 1.74 29.66 -3.558 0.000 0.000 -1.987 1.00 0.0000000000 0.0000000000 -0.8380306268 0.5456231928 True True True False
PassengerCar 0.00 0 -1 541.00 279.00 787.00 370.00 1.60 1.89 4.30 -0.10 1.95 43.05 -2.482 0.000 0.000 -0.911 1.00 0.0000000000 0.0000000000 -0.4399052149 0.8980442093 True True True False
PassengerCar 0.00 1 -1 888.00 282.00 1160.00 379.00 1.50 1.99 4.05 5.89 1.86 38.31 -3.634 0.000 0.000 -2.063 1.00 0.0000000000 0.0000000000 -0.8581842562 0.5133417794 True True True False
PassengerCar 0.00 3 -1 899.00 295.00 1060.00 353.00 1.51 1.82 4.12 8.59 2.48 63.88 -0.504 0.000 0.000 1.067 1.00 0.0000000000 0.0000000000 0.5084957818 0.8610644807 True False True True
DontCare 1.00 3 -1 1280.00 289.00 1280.00 360.00 1.42 1.83 2.77 17.68 2.00 48.14 -0.533 0.000 0.000 1.037 1.00 0.0000000000 0.0000000000 0.4957740087 0.8684515716 False False False False
DontCare 0.00 -1 -1 847.47 271.52 930.82 327.25 -1.00 -1.00 -1.00 -1000.00 -1000.00 -1000.00 -1.000 -1.000 -1.000 -1.000 1.00 -1000.0000000000 -1000.0000000000 -1000.0000000000 -1000.0000000000 False False False False
LargeVehicle 0.00 1 -1 490.00 217.00 716.00 360.00 3.66 2.79 13.65 -1.58 2.47 68.29 -1.317 0.049 0.013 0.254 1.00 0.0234129846 0.0093141364 0.1263575771 0.9916646821 True True True False
LargeVehicle 0.00 2 -1 647.00 232.00 810.00 338.00 3.46 3.34 12.41 2.38 2.57 82.54 -1.339 0.000 0.000 0.231 1.00 0.0000000000 0.0000000000 0.1154591916 0.9933122244 True True True False
Obstacle 0.00 3 -1 1057.99 272.62 1084.37 357.37 -1.00 -1.00 -1.00 -1000.00 -1000.00 -1000.00 -1.000 -1.000 -1.000 -1.000 1.00 -1000.0000000000 -1000.0000000000 -1000.0000000000 -1000.0000000000 True True False True
Obstacle 0.00 3 -1 1084.40 271.00 1111.08 357.08 -1.00 -1.00 -1.00 -1000.00 -1000.00 -1000.00 -1.000 -1.000 -1.000 -1.000 1.00 -1000.0000000000 -1000.0000000000 -1000.0000000000 -1000.0000000000 True True False True
Pedestrian 0.00 0 -1 765.00 275.00 804.00 360.00 1.94 0.67 0.71 2.71 2.28 53.64 0.449 0.000 0.000 2.019 1.00 0.0000000000 0.0000000000 0.8466474356 0.5321542255 True True True False
Pedestrian 1.00 3 -1 1280.00 200.00 1280.00 602.00 1.59 0.62 0.37 3.16 1.35 9.53 -0.076 0.000 0.000 1.494 1.00 0.0000000000 0.0000000000 0.6796087761 0.7335747484 True False True False
Pedestrian 1.00 3 -1 1280.00 233.00 1280.00 442.00 1.72 0.68 0.75 7.78 1.50 19.65 -0.908 0.000 0.000 0.663 1.00 0.0000000000 0.0000000000 0.3252357493 0.9456329665 True False True False
Pedestrian 0.00 0 -1 409.90 270.81 432.06 335.38 -1.00 -1.00 -1.00 -1000.00 -1000.00 -1000.00 -1.000 -1.000 -1.000 -1.000 1.00 -1000.0000000000 -1000.0000000000 -1000.0000000000 -1000.0000000000 False True False False
