PassengerCar 0.00 0 -1 397.00 148.00 1060.00 659.00 1.53 1.99 4.22 0.16 1.20 9.08 -1.586 0.000 0.000 -0.015 1.00 0.0000000000 0.0000000000 -0.0077245129 0.9999701655 True True True False
PassengerCar 0.77 0 -1 0.00 45.00 325.00 674.00 1.52 1.82 4.40 -3.42 1.01 7.47 -2.628 0.000 0.000 -1.057 1.00 0.0000000000 0.0000000000 -0.5042658356 0.8635484741 True True True False
PassengerCar 0.59 3 -1 0.00 133.00 408.00 525.00 1.54 1.85 4.09 -3.45 1.05 10.74 -2.763 0.000 0.000 -1.193 1.00 0.0000000000 0.0000000000 -0.5615479276 0.8274442126 True True True False
PassengerCar 0.63 3 -1 0.00 149.00 273.00 443.00 1.56 1.85 4.19 -4.66 0.98 14.17 -2.655 0.000 0.000 -1.084 1.00 0.0000000000 0.0000000000 -0.5158650075 0.8566698863 True True True False
PassengerCar 0.32 3 -1 0.00 181.00 386.00 403.00 1.52 1.86 4.02 -4.32 0.99 17.68 -2.611 0.000 0.000 -1.040 1.00 0.0000000000 0.0000000000 -0.4970009590 0.8677499909 True True True False
PassengerCar 0.00 3 -1 14.00 187.00 540.00 384.00 1.51 1.84 4.11 -3.32 0.96 19.65 -2.629 -0.026 -0.018 -1.058 1.00 -0.0159396692 -0.0011869744 -0.5046768028 0.8631603807 True False True False
PassengerCar 0.00 3 -1 114.00 206.00 563.00 373.00 1.51 1.82 4.12 -3.25 1.03 22.82 -2.624 0.000 0.000 -1.053 1.00 0.0000000000 0.0000000000 -0.5025466526 0.8645500922 True False True False
PassengerCar 0.92 0 -1 1156.00 85.00 1280.00 720.00 1.55 1.92 3.20 2.59 1.21 6.27 -1.547 0.000 0.000 0.023 1.00 0.0000000000 0.0000000000 0.0117265947 0.9999312411 True True True False
PassengerCar 0.56 1 -1 980.00 164.00 1280.00 601.00 1.52 1.74 4.34 2.55 1.19 10.24 -1.576 0.000 0.000 -0.005 1.00 0.0000000000 0.0000000000 -0.0024094772 0.9999970972 True True True False
PassengerCar 0.08 2 -1 923.00 207.00 1280.00 464.00 1.54 1.84 4.12 2.90 1.20 15.92 -1.571 0.000 0.015 0.000 1.00 0.0000000007 0.0076396071 -0.0000000000 0.9999708178 True True True False
PassengerCar 0.00 3 -1 882.00 228.00 1136.00 404.00 1.50 1.79 4.07 3.11 1.23 21.84 -1.571 0.000 0.000 0.000 1.00 0.0000000000 0.0000000000 0.0000000000 1.0000000000 True True True False
PassengerCar 0.00 3 -1 841.00 238.00 1043.00 387.00 1.57 1.83 4.10 3.05 1.34 26.53 -1.571 0.000 0.000 0.000 1.00 0.0000000000 0.0000000000 0.0000000000 1.0000000000 True False True False
Vehicle 0.00 3 -1 827.00 236.00 993.00 369.00 1.69 1.81 4.17 3.23 1.39 31.55 -1.571 0.000 0.000 0.000 1.00 0.0000000000 0.0000000000 0.0000000000 1.0000000000 False False True False
Vehicle 0.00 3 -1 803.00 248.00 928.00 351.00 1.70 1.82 4.12 3.40 1.50 40.41 -1.571 0.000 0.000 0.000 1.00 0.0000000000 0.0000000000 0.0000000000 1.0000000000 False False True False
Vehicle 0.00 3 -1 818.00 255.00 958.00 359.00 1.53 1.81 3.90 3.38 1.46 36.29 -1.571 0.000 0.000 0.000 1.00 0.0000000000 0.0000000000 0.0000000000 1.0000000000 False False True False
Pedestrian 1.00 3 -1 1280.00 179.00 1280.00 409.00 1.87 0.53 0.42 5.87 1.21 19.11 -1.571 0.000 0.000 0.000 1.00 0.0000000000 0.0000000000 0.0000000000 1.0000000000 True False True False
Pedestrian 0.00 3 -1 1123.00 174.00 1195.00 397.00 2.01 0.58 0.30 4.45 1.23 21.01 -1.563 0.000 0.000 0.008 1.00 0.0000000000 0.0000000000 0.0040902703 0.9999916348 True False True False
Pedestrian 0.00 3 -1 1095.00 202.00 1135.00 390.00 1.85 0.23 0.35 4.43 1.27 22.99 -0.003 0.000 0.000 1.568 1.00 0.0000000000 0.0000000000 0.7062080584 0.7080043632 True False True False
Pedestrian 0.00 3 -1 1185.00 190.00 1250.00 392.00 1.97 0.55 0.38 5.42 1.28 22.88 -1.571 0.000 0.000 0.000 1.00 0.0000000000 0.0000000000 0.0000000000 1.0000000000 True False True False
