PassengerCar 0.00 0 -1 386.00 224.00 984.00 701.00 1.31 1.69 3.72 0.21 1.20 8.46 -1.481 -0.019 0.024 0.090 1.00 -0.0101326222 0.0115921706 0.0450272680 0.9988671066 True True True False
PassengerCar 0.00 1 -1 770.00 255.00 1141.00 432.00 1.54 1.81 4.13 2.91 1.52 22.67 -0.946 -0.017 0.007 0.625 1.00 -0.0090404574 0.0005435241 0.3072868155 0.9515738478 True True True False
PassengerCar 1.00 3 -1 1280.00 281.00 1280.00 369.00 1.52 1.78 4.05 17.65 1.90 42.20 -3.560 0.000 0.000 -1.989 1.00 0.0000000000 0.0000000000 -0.8384932046 0.5449120533 True False True False
PassengerCar 0.00 3 -1 768.00 255.00 1131.00 416.00 1.71 1.83 4.14 3.44 1.72 28.06 -3.765 0.036 -0.001 -2.194 1.00 0.0078775916 -0.0163015616 -0.8897335149 0.4561211189 True True True True
Vehicle 0.00 3 -1 532.00 248.00 812.00 499.00 1.64 1.81 4.18 0.16 1.58 17.39 -1.500 0.000 0.000 0.071 1.00 0.0000000000 0.0000000000 0.0355148823 0.9993691476 False False True False
LargeVehicle 0.00 3 -1 549.00 210.00 741.00 347.00 3.79 2.86 11.45 -0.45 2.41 70.05 -1.312 0.001 0.003 0.259 1.00 0.0002328720 0.0017841506 0.1291163243 0.9916278220 True False True False
Pedestrian 0.41 2 -1 1218.00 208.00 1280.00 500.00 1.63 0.61 0.43 3.43 1.34 13.24 -3.133 0.002 -0.002 -1.563 1.00 -0.0001021836 -0.0013649893 -0.7042254017 0.7099751474 True True True False
Pedestrian 1.00 3 -1 1280.00 186.00 1280.00 442.00 1.66 0.44 0.65 5.14 1.17 15.35 -4.679 0.007 0.025 -3.109 1.00 0.0127410679 -0.0031490646 -0.9997783930 0.0164594468 True False True True
Pedestrian 1.00 3 -1 1280.00 237.00 1280.00 442.00 1.53 0.43 0.54 5.46 1.36 17.76 -4.227 0.001 -0.000 -2.656 1.00 -0.0001643047 -0.0003102497 -0.9706741703 0.2403986935 True False True False
Pedestrian 0.65 3 -1 1256.00 240.00 1280.00 439.00 1.53 0.46 0.48 4.87 1.37 18.16 -4.366 0.000 0.000 -2.795 1.00 0.0000000000 0.0000000000 -0.9850100509 0.1724969555 True False True False
Pedestrian 1.00 3 -1 1280.00 258.00 1280.00 382.00 1.67 0.39 0.56 11.65 1.64 31.48 1.431 0.000 0.000 3.002 1.00 0.0000000000 0.0000000000 0.9975648115 0.0697455867 True False True True
Pedestrian 1.00 3 -1 1280.00 210.00 1280.00 419.00 1.83 0.48 0.38 6.57 1.39 20.56 -3.220 0.000 0.000 -1.650 1.00 0.0000000000 0.0000000000 -0.7344430452 0.6786703274 True False True False
