PassengerCar 0.94 0 -1 0.00 183.00 145.00 720.00 1.34 1.83 3.87 -2.59 1.23 5.72 -1.600 0.004 0.000 -0.029 1.00 0.0017749353 0.0000257676 -0.0145159110 0.9998930629 True True True False
PassengerCar 0.00 0 -1 140.00 263.00 443.00 421.00 1.42 1.90 4.26 -3.95 1.47 23.80 -2.023 -0.019 0.008 -0.453 1.00 -0.0084130934 0.0058401895 -0.2243215073 0.9744613761 True True True False
PassengerCar 0.82 0 -1 954.00 56.00 1280.00 720.00 1.68 1.92 4.08 2.22 1.30 6.61 -1.670 0.000 0.000 -0.099 1.00 0.0000000000 0.0000000000 -0.0496232187 0.9987680092 True True True False
PassengerCar 0.21 1 -1 890.00 265.00 1280.00 586.00 1.37 1.64 3.25 2.17 1.41 11.62 -1.620 -0.015 -0.000 -0.049 1.00 -0.0073007753 -0.0000175805 -0.0247058699 0.9996681041 True True True False
PassengerCar 0.00 1 -1 688.00 253.00 1157.00 499.00 1.48 1.86 4.25 1.60 1.45 16.22 -1.828 -0.002 -0.000 -0.257 1.00 -0.0007928227 -0.0001023923 -0.1280852069 0.9917628450 True True True False
PassengerCar 0.00 0 -1 607.00 258.00 874.00 445.00 1.52 1.52 2.69 0.59 1.51 20.45 -1.892 0.000 0.000 -0.321 1.00 0.0000000000 0.0000000000 -0.1598297070 0.9871446018 True True True False
PassengerCar 0.00 1 -1 458.00 267.00 735.00 415.00 1.42 1.83 3.71 -0.83 1.53 24.39 -1.921 0.006 -0.016 -0.350 1.00 0.0014976752 -0.0084749478 -0.1740150947 0.9847053768 True True True False
PassengerCar 0.00 1 -1 375.00 278.00 486.00 354.00 1.39 1.74 3.86 -4.47 1.72 44.32 -1.571 0.000 0.000 0.000 1.00 0.0000000000 0.0000000000 0.0000000000 1.0000000000 True True True False
DontCare 1.00 3 -1 0.00 258.00 0.00 325.00 1.79 0.79 0.70 -19.71 1.71 61.84 -1.571 0.000 0.000 0.000 1.00 0.0000000000 0.0000000000 0.0000000000 1.0000000000 False False False False
DontCare 1.00 3 -1 0.00 252.00 0.00 325.00 1.89 0.40 0.79 -22.10 1.68 60.59 -1.571 0.000 0.000 0.000 1.00 0.0000000000 0.0000000000 0.0000000000 1.0000000000 False False False False
DontCare 1.00 3 -1 0.00 251.00 0.00 326.00 1.91 0.58 0.76 -21.40 1.68 60.33 -1.571 0.000 0.000 0.000 1.00 0.0000000000 0.0000000000 0.0000000000 1.0000000000 False False False False
DontCare 0.07 -1 -1 0.00 258.00 17.00 323.00 1.89 0.56 0.39 -19.08 1.80 67.21 -3.156 0.000 0.000 -1.586 1.00 0.0000000000 0.0000000000 -0.7123345839 0.7018400392 False False False False
DontCare 1.00 3 -1 0.00 247.00 0.00 315.00 1.87 0.64 0.43 -20.12 1.50 64.94 -1.571 0.000 0.000 0.000 1.00 0.0000000000 0.0000000000 0.0000000000 1.0000000000 False False False False
Obstacle 0.06 3 -1 251.00 255.00 270.00 335.00 1.87 0.40 0.40 -9.51 1.74 54.30 1.479 0.000 0.000 3.050 1.00 0.0000000000 0.0000000000 0.9989502803 0.0458076134 True False True True
Obstacle 0.06 3 -1 281.00 263.00 301.00 339.00 1.80 0.45 0.46 -8.88 1.85 54.83 1.477 0.000 0.000 3.048 1.00 0.0000000000 0.0000000000 0.9989002531 0.0468858654 True False True False
Obstacle 0.06 3 -1 337.00 262.00 357.00 339.00 1.80 0.46 0.39 -7.50 1.83 54.37 1.492 0.000 0.000 3.063 1.00 0.0000000000 0.0000000000 0.9992221674 0.0394342508 True False True False
Pedestrian 0.00 3 -1 94.00 262.00 125.00 346.00 1.84 0.51 0.43 -12.33 1.88 51.34 -4.124 0.000 0.000 -2.554 1.00 0.0000000000 0.0000000000 -0.9571004291 0.2897563953 True True True False
Pedestrian 0.00 3 -1 145.00 263.00 175.00 345.00 1.94 0.64 0.27 -11.97 2.00 54.81 1.498 0.000 0.000 3.069 1.00 0.0000000000 0.0000000000 0.9993459421 0.0361619694 True False True False
Pedestrian 0.00 3 -1 186.00 266.00 215.00 344.00 1.86 0.66 0.48 -11.17 1.99 55.62 1.438 0.000 0.000 3.009 1.00 0.0000000000 0.0000000000 0.9977918616 0.0664183774 True False True True
Pedestrian 0.05 3 -1 181.00 258.00 205.00 335.00 1.72 0.49 0.27 -10.62 1.67 52.02 1.544 0.000 0.000 3.115 1.00 0.0000000000 0.0000000000 0.9999102914 0.0133943676 True False True False
