PassengerCar 0.42 3 -1 1026.00 260.00 1280.00 523.00 1.48 1.65 4.42 3.75 1.51 15.88 -1.624 -0.018 0.019 -0.054 1.00 -0.0085421997 0.0095497083 -0.0266842403 0.9995617966 True True True True
PassengerCar 0.00 0 -1 859.00 293.00 931.00 357.00 1.66 1.91 4.22 6.34 2.58 64.78 -1.476 -0.026 -0.000 0.095 1.00 -0.0130105780 -0.0008473461 0.0475519284 0.9987836708 True True True False
PassengerCar 0.00 1 -1 250.91 288.27 367.50 393.84 -1.00 -1.00 -1.00 -1000.00 -1000.00 -1000.00 -1.000 -1.000 -1.000 -1.000 1.00 -1000.0000000000 -1000.0000000000 -1000.0000000000 -1000.0000000000 True True False False
PassengerCar 0.00 -1 -1 563.37 300.50 676.14 334.59 -1.00 -1.00 -1.00 -1000.00 -1000.00 -1000.00 -1.000 -1.000 -1.000 -1.000 1.00 -1000.0000000000 -1000.0000000000 -1000.0000000000 -1000.0000000000 -1 -1 -1 -1
PassengerCar 0.00 -1 -1 771.08 300.90 867.62 334.17 -1.00 -1.00 -1.00 -1000.00 -1000.00 -1000.00 -1.000 -1.000 -1.000 -1.000 1.00 -1000.0000000000 -1000.0000000000 -1000.0000000000 -1000.0000000000 -1 -1 -1 -1
PassengerCar 0.00 3 -1 206.00 291.00 368.00 401.00 1.57 1.79 4.08 -5.75 2.04 35.57 -4.708 0.000 0.000 -3.138 1.00 0.0000000000 0.0000000000 -0.9999979796 0.0020101912 True True True False
PassengerCar 0.00 2 -1 163.00 287.00 350.00 412.00 1.52 1.81 3.99 -5.34 1.88 30.67 1.558 -0.000 0.000 3.128 1.00 -0.0000538541 -0.0000003556 0.9999780532 0.0066249642 True True True False
LargeVehicle 0.48 1 -1 0.00 12.00 321.00 483.00 3.38 2.93 10.64 -5.53 1.63 22.09 1.565 0.009 0.000 3.135 1.00 -0.0000133896 0.0043336493 0.9999858367 0.0030896153 True True True False
Pedestrian 0.00 -1 -1 554.18 288.99 571.59 346.17 -1.00 -1.00 -1.00 -1000.00 -1000.00 -1000.00 -1.000 -1.000 -1.000 -1.000 1.00 -1000.0000000000 -1000.0000000000 -1000.0000000000 -1000.0000000000 -1 -1 -1 -1
Pedestrian 0.07 0 -1 550.00 291.00 568.00 345.00 1.72 0.46 0.53 -3.40 2.66 73.19 0.055 0.000 0.000 1.626 1.00 0.0000000000 0.0000000000 0.7262010808 0.6874823563 True True True False
Pedestrian 0.00 -1 -1 420.58 289.97 438.51 347.52 -1.00 -1.00 -1.00 -1000.00 -1000.00 -1000.00 -1.000 -1.000 -1.000 -1.000 1.00 -1000.0000000000 -1000.0000000000 -1000.0000000000 -1000.0000000000 -1 -1 -1 -1
Pedestrian 0.07 0 -1 419.00 290.00 436.00 338.00 1.48 0.48 0.46 -7.45 2.39 72.18 -1.743 0.000 0.000 -0.172 1.00 0.0000000000 0.0000000000 -0.0859944373 0.9962956171 True True True False
Pedestrian 0.00 0 -1 368.16 284.41 388.68 336.06 -1.00 -1.00 -1.00 -1000.00 -1000.00 -1000.00 -1.000 -1.000 -1.000 -1.000 1.00 -1000.0000000000 -1000.0000000000 -1000.0000000000 -1000.0000000000 True True False False
