PassengerCar 0.80 0 -1 0.00 287.00 23.00 370.00 1.36 1.74 4.02 -12.34 1.84 40.70 -1.910 -0.007 -0.003 -0.339 1.00 -0.0038531896 -0.0008657912 -0.1686585715 0.9856666219 True False True False
PassengerCar 0.44 0 -1 1102.00 253.00 1280.00 483.00 1.49 1.81 4.11 4.25 1.46 17.24 -1.430 -0.006 0.000 0.141 1.00 -0.0027758933 -0.0001416593 0.0704411140 0.9975120670 True True True False
PassengerCar 1.00 3 -1 1280.00 277.00 1280.00 432.00 1.87 1.86 3.98 11.80 2.10 30.37 -1.454 -0.002 0.003 0.117 1.00 -0.0010881350 0.0016008646 0.0583494370 0.9982943436 True False True False
PassengerCar 1.00 3 -1 1280.00 293.00 1280.00 379.00 1.50 1.81 3.62 14.04 2.10 42.87 -1.435 0.012 -0.005 0.136 1.00 0.0061110340 -0.0021869652 0.0680512148 0.9976607162 True False True False
PassengerCar 1.00 3 -1 0.00 273.00 0.00 338.00 1.77 1.84 4.21 -25.82 2.13 65.53 1.138 0.000 0.000 2.709 1.00 0.0000000000 0.0000000000 0.9767040010 0.2145909934 True False False False
PassengerCar 1.00 3 -1 1280.00 294.00 1280.00 369.00 1.51 1.81 3.71 15.12 2.23 49.25 -1.433 0.000 0.000 0.138 1.00 0.0000000000 0.0000000000 0.0690581168 0.9976126385 True False True True
PassengerCar 0.00 2 -1 1062.32 248.24 1242.14 383.24 -1.00 -1.00 -1.00 -1000.00 -1000.00 -1000.00 -1.000 -1.000 -1.000 -1.000 1.00 -1000.0000000000 -1000.0000000000 -1000.0000000000 -1000.0000000000 True True True False
PassengerCar 1.00 3 -1 1280.00 281.00 1280.00 441.00 1.58 1.85 4.45 10.78 1.81 25.42 -1.422 0.000 0.000 0.149 1.00 0.0000000000 0.0000000000 0.0743186667 0.9972345440 True False True True
DontCare 0.00 -1 -1 1071.00 264.00 1222.00 367.00 1.81 2.61 8.78 9.25 1.91 45.38 -1.393 0.000 0.000 0.178 1.00 0.0000000000 0.0000000000 0.0888377943 0.9960461065 False False False False
Pedestrian 0.00 1 -1 231.00 246.00 298.00 378.00 1.75 0.58 0.68 -5.42 1.56 31.28 0.442 0.000 0.000 2.013 1.00 0.0000000000 0.0000000000 0.8449467027 0.5348505114 True True True True
Pedestrian 0.00 1 -1 396.00 232.00 442.00 365.00 2.06 0.72 0.70 -3.88 1.62 36.39 -0.072 0.000 0.000 1.499 1.00 0.0000000000 0.0000000000 0.6813053015 0.7319993758 True True False False
Pedestrian_is_group 0.00 1 -1 420.00 240.00 488.00 364.00 1.89 0.97 0.58 -3.30 1.59 35.93 -1.505 0.000 0.000 0.066 1.00 0.0000000000 0.0000000000 0.0327804690 0.9994625760 True True True False
