PassengerCar 0.00 0 -1 690.00 226.00 861.00 375.00 1.87 2.13 4.17 1.41 1.46 31.97 -1.569 0.019 -0.000 0.002 1.00 0.0093051728 -0.0000093957 0.0010096822 0.9999561961 True True True False
PassengerCar 0.00 0 -1 418.00 257.00 583.00 390.00 1.49 1.85 4.20 -2.13 1.51 30.75 -1.573 0.028 0.031 -0.002 1.00 0.0138265091 0.0153466897 -0.0012675176 0.9997858271 True True True False
PassengerCar 0.00 0 -1 886.00 237.00 1046.00 291.00 1.43 1.80 4.14 8.12 0.79 62.97 -2.924 -0.002 0.023 -1.353 1.00 0.0065811953 0.0094811168 -0.6259506677 0.7797772489 True True True False
PassengerCar 1.00 3 -1 1280.00 235.00 1280.00 296.00 1.56 1.80 3.97 18.35 0.91 60.49 -2.886 0.000 0.000 -1.315 1.00 0.0000000000 0.0000000000 -0.6111515394 0.7915136107 True False True False
PassengerCar 0.00 0 -1 63.00 261.00 180.00 324.00 1.43 1.80 3.90 -14.66 1.54 62.30 1.011 0.052 0.059 2.581 1.00 -0.0212632019 0.0330072981 0.9600764713 0.2769685248 True True True False
PassengerCar 0.00 1 -1 136.00 253.00 273.00 314.00 1.54 1.88 4.20 -13.12 1.41 65.66 0.864 0.061 0.052 2.434 1.00 -0.0138132568 0.0373308045 0.9371115572 0.3467528432 True True True False
PassengerCar 1.00 3 -1 0.00 259.00 0.00 317.00 1.50 1.93 3.96 -22.32 1.52 66.61 0.614 0.037 0.053 2.185 1.00 -0.0147938874 0.0284955127 0.8870621931 0.4605320969 True False True False
PassengerCar 1.00 3 -1 0.00 302.00 0.00 450.00 1.25 1.88 4.34 -9.70 1.68 22.67 -4.514 0.000 0.000 -2.943 1.00 0.0000000000 0.0000000000 -0.9950739545 0.0991353880 True False True False
Pedestrian 1.00 3 -1 1280.00 230.00 1280.00 322.00 1.88 0.37 0.75 17.40 1.25 47.85 -2.614 0.002 -0.002 -1.043 1.00 0.0003356891 -0.0011290817 -0.4982225800 0.8670483685 True False True False
Pedestrian 1.00 3 -1 1280.00 236.00 1280.00 318.00 1.69 0.27 0.54 16.90 1.19 48.47 -2.400 0.004 0.000 -0.829 1.00 0.0019900401 -0.0008752564 -0.4025984399 0.9153741147 True True True False
Pedestrian 0.00 0 -1 403.00 245.00 434.00 319.00 1.77 0.54 0.60 -6.03 1.40 56.33 -0.480 0.000 0.000 1.091 1.00 0.0000000000 0.0000000000 0.5187810845 0.8549071215 True True True False
Pedestrian 0.00 0 -1 385.00 251.00 414.00 318.00 1.64 0.55 0.68 -6.58 1.39 57.00 -0.164 0.000 0.000 1.407 1.00 0.0000000000 0.0000000000 0.6468855540 0.7625870967 True True True False
Pedestrian 0.00 0 -1 429.40 234.86 451.70 315.45 -1.00 -1.00 -1.00 -1000.00 -1000.00 -1000.00 -1.000 -1.000 -1.000 -1.000 1.00 -1000.0000000000 -1000.0000000000 -1000.0000000000 -1000.0000000000 True True False False
