PassengerCar 0.00 0 -1 575.00 270.00 850.00 486.00 1.36 1.73 4.09 0.26 1.43 16.68 -1.586 0.000 0.000 -0.015 1.00 0.0000000000 0.0000000000 -0.0075493871 0.9999715030 True True True False
PassengerCar 0.00 3 -1 584.00 268.00 742.00 418.00 1.56 1.59 3.89 0.02 1.65 26.09 -1.525 0.000 0.000 0.046 1.00 0.0000000000 0.0000000000 0.0231044159 0.9997330574 True True True False
PassengerCar 0.00 2 -1 765.00 289.00 898.00 365.00 1.51 1.82 3.68 3.52 2.13 49.18 -1.212 -0.009 0.003 0.359 1.00 -0.0048857726 0.0004749983 0.1786311297 0.9839038688 True True True False
PassengerCar 0.00 0 -1 174.00 293.00 311.00 361.00 1.50 1.67 4.03 -9.97 2.31 54.26 -2.157 0.017 -0.018 -0.587 1.00 0.0052936121 -0.0111566105 -0.2890574439 0.9572321045 True True True False
PassengerCar 0.25 1 -1 958.00 239.00 1280.00 427.00 1.39 1.92 4.54 4.15 1.40 20.01 -1.760 0.015 -0.071 -0.189 1.00 0.0040420778 -0.0362754002 -0.0941078505 0.9948926924 True True True False
PassengerCar 0.93 0 -1 1241.00 89.00 1280.00 524.00 1.86 1.93 4.71 4.34 1.12 12.47 -1.430 0.026 0.012 0.141 1.00 0.0125453725 0.0068025153 0.0702594831 0.9974266612 True True True False
Obstacle 0.00 2 -1 1013.03 267.51 1039.01 348.33 -1.00 -1.00 -1.00 -1000.00 -1000.00 -1000.00 -1.000 -1.000 -1.000 -1.000 1.00 -1000.0000000000 -1000.0000000000 -1000.0000000000 -1000.0000000000 True True False False
Pedestrian 0.00 2 -1 910.00 276.00 946.00 379.00 1.79 0.43 0.58 4.52 2.05 40.33 -3.095 0.004 0.001 -1.524 1.00 0.0016917643 -0.0012258369 -0.6903412228 0.7234809129 True True True False
Pedestrian 0.00 0 -1 966.00 278.00 995.00 349.00 1.71 0.69 0.64 7.63 2.15 56.64 -4.589 0.004 0.000 -3.018 1.00 0.0001217743 -0.0017624579 -0.9980834325 0.0618574221 True True True False
Pedestrian 0.05 0 -1 411.00 297.00 439.00 346.00 1.62 0.68 0.65 -8.01 2.81 76.65 -3.855 0.000 0.000 -2.284 1.00 0.0000000000 0.0000000000 -0.9095207678 0.4156584810 True True True False
