PassengerCar 0.49 0 -1 0.00 220.00 407.00 662.00 1.35 1.87 4.42 -2.26 1.20 9.32 -1.556 0.000 0.018 0.015 1.00 0.0000686631 0.0091488129 0.0075046096 0.9999299852 True True True False
PassengerCar 1.00 3 -1 0.00 0.00 0.00 720.00 1.51 1.86 4.16 -2.60 1.32 3.63 -1.579 0.025 -0.000 -0.008 1.00 0.0123327251 -0.0001878922 -0.0039463005 0.9999161441 True False True False
PassengerCar 0.00 2 -1 110.00 248.00 479.00 486.00 1.28 1.59 3.56 -2.16 1.22 14.31 -1.538 0.000 0.003 0.033 1.00 0.0000228429 0.0014023244 0.0162871523 0.9998663719 True True True False
PassengerCar 0.00 2 -1 296.00 260.00 549.00 426.00 1.38 1.76 3.71 -2.17 1.38 21.50 -1.515 0.000 0.015 0.056 1.00 -0.0000627953 0.0072884616 0.0279919995 0.9995815736 True True True False
PassengerCar 0.00 3 -1 375.00 260.00 571.00 412.00 1.54 1.82 3.73 -2.09 1.56 25.96 -1.554 0.000 0.014 0.017 1.00 0.0000599183 0.0072068451 0.0083135741 0.9999394693 True True True False
PassengerCar 0.00 2 -1 536.00 262.00 631.00 341.00 1.52 1.75 4.08 -1.65 1.58 46.99 -1.565 -0.000 -0.006 0.005 1.00 -0.0000082673 -0.0030615719 0.0027003195 0.9999916675 True True True False
PassengerCar_is_group 0.00 3 -1 607.00 274.00 666.00 329.00 1.71 1.82 4.28 -0.95 2.14 74.09 -1.571 0.000 0.000 0.000 1.00 0.0000000000 0.0000000000 0.0000000000 1.0000000000 True True True False
PassengerCar 0.00 3 -1 861.00 251.00 1160.00 349.00 1.33 1.82 4.09 4.97 1.21 33.41 -0.588 0.004 -0.005 0.983 1.00 0.0029655716 -0.0013959075 0.4717691458 0.8817160143 True True True False
PassengerCar 0.00 2 -1 840.00 233.00 975.00 335.00 1.90 1.97 4.29 4.62 1.42 45.20 -1.623 0.001 -0.010 -0.053 1.00 0.0002825512 -0.0049203391 -0.0262908744 0.9996421862 True True True False
PassengerCar 0.40 3 -1 964.00 194.00 1280.00 412.00 1.61 1.85 3.99 4.60 1.17 18.98 -0.534 0.006 -0.025 1.037 1.00 0.0086287901 -0.0093196053 0.4955604411 0.8684805917 True True True False
PassengerCar 0.62 3 -1 1036.00 213.00 1280.00 429.00 1.39 1.69 3.92 4.72 1.09 16.08 -0.188 0.005 -0.012 1.383 1.00 0.0060095273 -0.0029559404 0.6375463275 0.7703829102 True True True False
PassengerCar 0.87 2 -1 1176.00 165.00 1280.00 531.00 1.53 1.72 3.83 4.51 1.11 11.49 -0.614 -0.021 0.030 0.957 1.00 -0.0162194599 0.0084165002 0.4605166706 0.8874629501 True True True True
PassengerCar 0.95 3 -1 1226.00 170.00 1280.00 615.00 1.20 1.60 3.69 3.84 0.95 7.95 -0.572 0.024 -0.004 0.999 1.00 0.0113064914 0.0039387762 0.4790768943 0.8776912775 True False True True
PassengerCar 0.00 0 -1 733.33 269.07 772.69 303.85 -1.00 -1.00 -1.00 -1000.00 -1000.00 -1000.00 -1.000 -1.000 -1.000 -1.000 1.00 -1000.0000000000 -1000.0000000000 -1000.0000000000 -1000.0000000000 True True False False
PassengerCar 0.00 2 -1 527.00 231.00 643.00 330.00 2.12 2.41 5.95 -1.79 1.50 52.75 -1.571 0.000 0.000 0.000 1.00 0.0000000000 0.0000000000 0.0000000000 1.0000000000 True True True False
PassengerCar 0.00 3 -1 431.00 259.00 592.00 379.00 1.45 1.80 3.47 -1.93 1.44 29.76 -1.564 0.000 0.000 0.007 1.00 0.0000000191 0.0000056469 0.0033891500 0.9999942568 True True True False
PassengerCar 0.00 2 -1 924.00 256.00 1238.00 375.00 1.50 1.86 3.89 5.55 1.45 31.08 -0.564 0.000 0.000 1.007 1.00 0.0000000000 0.0000000000 0.4824150794 0.8759427442 True True True True
PassengerCar 0.00 2 -1 779.95 268.25 829.22 307.53 -1.00 -1.00 -1.00 -1000.00 -1000.00 -1000.00 -1.000 -1.000 -1.000 -1.000 1.00 -1000.0000000000 -1000.0000000000 -1000.0000000000 -1000.0000000000 True True False False
LargeVehicle 0.00 1 -1 796.00 184.00 927.00 325.00 3.35 2.48 7.12 4.84 1.55 59.12 -1.603 -0.014 0.000 -0.033 1.00 -0.0068736993 0.0001122218 -0.0163237025 0.9998431259 True True True True
