PassengerCar 0.00 1 -1 879.00 168.00 1264.00 420.00 1.79 1.69 4.44 3.11 1.14 18.82 -1.740 0.000 0.000 -0.169 1.00 0.0000000000 0.0000000000 -0.0844251028 0.9964298279 True True True True
PassengerCar 0.32 1 -1 970.00 211.00 1280.00 534.00 1.48 1.40 4.07 2.71 1.27 12.72 -1.614 0.000 0.000 -0.043 1.00 0.0000000000 0.0000000000 -0.0214985968 0.9997688785 True True True False
PassengerCar 0.92 3 -1 1142.00 116.00 1280.00 720.00 1.50 1.81 4.56 2.89 1.20 7.19 -1.584 0.030 0.015 -0.013 1.00 0.0148136701 0.0075285761 -0.0067016837 0.9998394687 True False True False
PassengerCar 0.26 1 -1 0.00 239.00 314.00 392.00 1.39 1.83 3.77 -5.56 1.21 22.81 -2.656 0.000 0.000 -1.085 1.00 0.0000000000 0.0000000000 -0.5163044451 0.8564051144 True True True False
PassengerCar 0.50 0 -1 0.00 231.00 254.00 413.00 1.48 1.74 4.25 -5.91 1.25 20.60 -2.659 0.000 0.000 -1.088 1.00 0.0000000000 0.0000000000 -0.5175294093 0.8556654197 True True True False
PassengerCar 0.77 3 -1 0.00 238.00 157.00 450.00 1.26 1.70 3.83 -5.47 1.14 15.16 -2.866 0.000 0.000 -1.295 1.00 0.0000000000 0.0000000000 -0.6031416927 0.7976340631 True True True False
PassengerCar 0.83 3 -1 0.00 86.00 136.00 513.00 1.85 2.01 4.41 -5.17 0.99 12.52 -2.524 -0.045 0.053 -0.953 1.00 -0.0077269834 0.0335387768 -0.4579831232 0.8882943786 True False True True
PassengerCar 1.00 3 -1 0.00 81.00 0.00 581.00 1.71 1.66 4.17 -5.67 1.11 9.70 -2.607 0.000 0.000 -1.036 1.00 0.0000000000 0.0000000000 -0.4953371688 0.8687008054 True False True False
LargeVehicle 0.00 0 -1 553.00 125.00 1057.00 376.00 2.45 2.39 6.47 1.37 1.09 26.78 -2.126 0.052 0.043 -0.555 1.00 0.0310614535 0.0132688171 -0.2742858389 0.9610548388 True True True False
LargeVehicle 0.00 1 -1 197.00 109.00 644.00 388.00 2.63 2.34 5.43 -2.77 1.22 24.73 -2.201 0.000 0.000 -0.631 1.00 0.0000000000 0.0000000000 -0.3100594108 0.9507171828 True True True False
