PassengerCar 0.00 0 -1 673.00 277.00 832.00 413.00 1.42 1.69 4.04 0.92 1.63 26.87 -1.571 0.000 0.008 0.000 1.00 0.0000000000 0.0037945297 0.0000000000 0.9999928007 True True True False
PassengerCar 0.00 0 -1 509.00 279.00 618.00 380.00 1.61 1.66 3.97 -1.70 1.93 39.22 -1.571 0.000 0.000 0.000 1.00 0.0000000000 0.0000000000 0.0000000000 1.0000000000 True True True False
PassengerCar 1.00 3 -1 1280.00 168.00 1280.00 720.00 1.38 1.82 3.76 3.28 1.24 6.89 -1.542 0.046 -0.002 0.029 1.00 0.0231242018 -0.0007973461 0.0143683077 0.9996290248 True False True False
PassengerCar 0.66 1 -1 1082.00 236.00 1280.00 584.00 1.49 1.72 4.33 3.44 1.42 12.28 -1.565 0.013 -0.003 0.006 1.00 0.0067189640 -0.0014654740 0.0028397434 0.9999723215 True True True False
PassengerCar 0.14 2 -1 979.00 251.00 1280.00 471.00 1.53 1.84 3.96 3.72 1.49 18.49 -1.593 0.018 0.001 -0.023 1.00 0.0088130684 0.0002593069 -0.0113520564 0.9998966914 True True True False
PassengerCar 0.00 2 -1 909.00 268.00 1151.00 423.00 1.38 1.75 3.98 3.68 1.54 24.19 -1.591 0.055 -0.013 -0.020 1.00 0.0274539922 -0.0068760086 -0.0097237429 0.9995521235 True True True False
PassengerCar 0.00 3 -1 907.00 276.00 1071.00 394.00 1.55 1.67 3.73 4.49 1.78 32.86 -1.602 0.016 -0.001 -0.031 1.00 0.0078857013 -0.0003863761 -0.0157345755 0.9998450328 True True True False
PassengerCar 0.00 3 -1 859.00 278.00 966.00 361.00 1.56 1.83 4.02 4.89 1.93 46.74 -1.541 0.014 -0.000 0.030 1.00 0.0070214336 -0.0001042211 0.0148412737 0.9998652035 True True True False
PassengerCar 0.00 3 -1 841.00 286.00 918.00 354.00 1.44 1.31 3.42 4.67 2.01 51.35 -1.589 0.003 -0.001 -0.018 1.00 0.0013835603 -0.0003770510 -0.0091245206 0.9999573424 True True True False
PassengerCar_is_group 0.00 3 -1 833.00 285.00 919.00 349.00 1.50 1.82 5.84 5.16 2.11 58.00 -1.537 0.000 0.000 0.034 1.00 0.0000000000 0.0000000000 0.0170904827 0.9998539470 True True True False
PassengerCar 0.00 1 -1 576.00 284.00 659.00 358.00 1.75 1.96 4.30 -1.21 2.34 57.68 -1.571 0.000 0.000 0.000 1.00 0.0000000000 0.0000000000 0.0000000000 1.0000000000 True True True False
PassengerCar 0.00 3 -1 890.00 265.00 1179.00 395.00 1.38 1.80 3.20 4.46 1.52 28.54 -3.136 0.054 -0.000 -1.566 1.00 0.0189059907 -0.0190040077 -0.7050227356 0.7086778912 True True True True
PassengerCar 0.00 3 -1 678.00 276.00 778.00 366.00 1.60 1.76 4.17 1.09 1.89 43.30 -1.571 0.000 0.000 0.000 1.00 0.0000000000 0.0000000000 0.0000000000 1.0000000000 True True True True
PassengerCar 0.00 3 -1 879.00 277.00 1028.00 384.00 1.57 1.85 4.02 4.55 1.86 37.37 -1.571 0.038 0.000 0.000 1.00 0.0187971085 0.0000000000 0.0000000000 0.9998233187 True True True False
DontCare 1.00 3 -1 0.00 298.00 0.00 357.00 1.50 1.96 4.04 -21.46 2.55 63.11 -0.022 0.018 0.000 1.549 1.00 0.0061215661 0.0062589615 0.6991896690 0.7148826188 False False False False
DontCare 0.34 3 -1 0.00 276.00 152.00 358.00 1.87 3.43 7.79 -15.19 2.24 56.83 -1.571 0.000 0.000 0.000 1.00 0.0000000000 0.0000000000 0.0000000000 1.0000000000 False False False False
DontCare 0.00 -1 -1 623.00 293.00 686.00 345.00 1.50 1.89 4.81 -0.38 2.53 71.63 -1.571 0.000 0.000 0.000 1.00 0.0000000000 0.0000000000 0.0000000000 1.0000000000 False False False False
Obstacle 0.26 3 -1 1248.00 242.00 1280.00 374.00 1.55 0.31 0.51 7.16 1.33 27.63 1.563 0.031 0.000 3.134 1.00 -0.0000578418 0.0156070641 0.9998713343 0.0037055363 True False True False
Obstacle 1.00 3 -1 1280.00 220.00 1280.00 362.00 1.67 0.35 0.42 7.82 1.19 27.54 1.551 0.029 0.001 3.122 1.00 -0.0001428165 0.0146286704 0.9998453375 0.0097612873 True False True False
Obstacle 1.00 3 -1 1280.00 183.00 1280.00 406.00 1.48 0.58 0.42 6.56 0.97 15.72 -4.692 0.019 -0.000 -3.121 1.00 -0.0000985027 -0.0095990034 -0.9999012778 0.0102607996 True False True False
Obstacle 1.00 3 -1 1280.00 195.00 1280.00 374.00 1.47 0.42 0.43 6.84 0.94 19.35 1.520 0.000 0.000 3.090 1.00 0.0000000000 0.0000000000 0.9996713239 0.0256367743 True False False False
Obstacle 0.88 3 -1 1277.00 231.00 1280.00 329.00 1.36 0.28 0.25 8.70 0.95 32.49 -4.664 0.000 0.000 -3.094 1.00 0.0000000000 0.0000000000 -0.9997111278 0.0240345785 True False True False
Obstacle 0.00 3 -1 1147.00 232.00 1232.00 369.00 1.64 0.91 0.50 6.31 1.30 28.05 -1.571 0.000 0.000 0.000 1.00 0.0000000000 0.0000000000 0.0000000000 1.0000000000 True False True True
Obstacle 0.00 3 -1 1104.00 251.00 1133.00 354.00 1.41 0.31 0.38 6.16 1.27 31.67 -1.571 0.000 0.000 0.000 1.00 0.0000000000 0.0000000000 0.0000000000 1.0000000000 True False True False
Pedestrian 0.00 0 -1 406.00 244.00 445.00 358.00 1.77 0.62 0.50 -3.76 1.51 36.13 0.059 0.000 0.000 1.629 1.00 0.0000000000 0.0000000000 0.7275102534 0.6860968089 True True True False
