PassengerCar 0.94 0 -1 0.00 62.00 186.00 720.00 1.40 1.82 4.10 -2.41 1.17 5.24 -1.588 0.035 -0.001 -0.018 1.00 0.0173099959 -0.0006260339 -0.0088268886 0.9998110112 True True True False
PassengerCar 0.12 1 -1 0.00 236.00 434.00 579.00 1.42 1.62 3.82 -2.21 1.35 11.65 -1.556 -0.015 -0.005 0.014 1.00 -0.0075704800 -0.0025913230 0.0072237249 0.9999418936 True True True False
PassengerCar 0.00 1 -1 257.00 269.00 528.00 472.00 1.33 1.61 3.48 -1.91 1.42 17.03 -1.583 0.000 -0.009 -0.012 1.00 0.0000273460 -0.0046646730 -0.0058621942 0.9999719370 True True True False
PassengerCar 0.00 2 -1 396.00 263.00 572.00 430.00 1.46 1.56 3.69 -1.77 1.52 22.94 -1.630 0.029 0.002 -0.059 1.00 0.0142738718 0.0004032133 -0.0295720898 0.9994606473 True True True False
PassengerCar 0.00 3 -1 435.00 264.00 593.00 404.00 1.62 1.83 3.82 -1.87 1.68 28.97 -1.619 -0.004 0.000 -0.048 1.00 -0.0022267197 0.0000981489 -0.0239829509 0.9997098830 True True True False
Obstacle 0.00 2 -1 791.88 259.38 819.33 354.51 -1.00 -1.00 -1.00 -1000.00 -1000.00 -1000.00 -1.000 -1.000 -1.000 -1.000 1.00 -1000.0000000000 -1000.0000000000 -1000.0000000000 -1000.0000000000 True False False False
Pedestrian 0.00 0 -1 719.00 250.00 776.00 388.00 1.73 0.41 0.71 1.01 1.60 29.28 -3.141 0.000 0.000 -1.570 1.00 0.0000000000 0.0000000000 -0.7068483202 0.7073651477 True True True False
Pedestrian 0.00 0 -1 659.00 250.00 738.00 388.00 1.77 0.62 1.00 0.41 1.64 30.14 -3.165 0.000 0.000 -1.594 1.00 0.0000000000 0.0000000000 -0.7152519219 0.6988667171 True True True False
Pedestrian 0.00 2 -1 705.00 264.00 748.00 386.00 1.61 0.53 0.56 0.78 1.65 30.91 -3.145 0.000 0.000 -1.575 1.00 0.0000000000 0.0000000000 -0.7084533527 0.7057576405 True True True False
Pedestrian 0.00 0 -1 770.00 251.00 821.00 382.00 1.74 0.52 0.66 1.72 1.62 31.10 -3.122 0.000 0.000 -1.551 1.00 0.0000000000 0.0000000000 -0.7001309545 0.7140144582 True True True False
Pedestrian 0.00 0 -1 966.00 229.00 1021.00 371.00 1.73 0.54 0.56 4.07 1.36 28.94 -1.541 0.045 -0.001 0.030 1.00 0.0223798040 -0.0003347821 0.0149536962 0.9996376440 True True True False
Pedestrian 0.00 0 -1 931.00 232.00 981.00 366.00 1.72 0.52 0.58 3.78 1.36 30.41 -1.563 0.037 -0.000 0.007 1.00 0.0182738752 -0.0000678099 0.0037101139 0.9998261329 True True True False
Pedestrian 0.00 1 -1 889.00 231.00 945.00 370.00 1.76 0.60 0.43 3.21 1.39 29.90 -1.546 0.047 -0.001 0.025 1.00 0.0233168717 -0.0002886850 0.0123766355 0.9996514688 True True True False
