PassengerCar 0.00 1 -1 146.00 234.00 346.00 308.00 1.57 1.79 4.18 -9.48 1.02 52.48 -3.142 0.019 -0.000 -1.571 1.00 0.0068721479 -0.0068721479 -0.7070733863 0.7070733863 True True True False
PassengerCar 0.00 0 -1 222.00 250.00 398.00 389.00 1.36 1.70 3.90 -3.81 1.25 24.73 1.410 -0.006 0.014 2.980 1.00 -0.0071700876 -0.0026752796 0.9967276296 0.0804702750 True True True False
PassengerCar 0.00 1 -1 803.00 233.00 970.00 294.00 1.48 1.70 3.85 5.48 0.82 58.20 -2.502 0.000 0.000 -0.932 1.00 0.0000000000 0.0000000000 -0.4491834211 0.8934395638 True True True False
PassengerCar 0.00 0 -1 928.00 229.00 1136.00 295.00 1.52 1.88 4.54 8.62 0.80 55.09 -3.246 0.000 0.000 -1.675 1.00 0.0000000000 0.0000000000 -0.7429673119 0.6693277026 True True True False
PassengerCar 0.40 1 -1 1154.00 233.00 1280.00 311.00 1.47 1.45 3.60 11.31 0.96 44.61 0.000 0.000 0.000 1.571 1.00 0.0000000000 0.0000000000 0.7072630174 0.7069505104 True True True False
PassengerCar 0.00 0 -1 538.00 226.00 597.00 278.00 1.54 1.74 3.36 -3.04 0.53 70.57 1.507 0.000 0.000 3.078 1.00 0.0000000000 0.0000000000 0.9994959373 0.0317469903 True True False False
PassengerCar 0.00 2 -1 741.54 223.55 788.02 264.39 -1.00 -1.00 -1.00 -1000.00 -1000.00 -1000.00 -1.000 -1.000 -1.000 -1.000 1.00 -1000.0000000000 -1000.0000000000 -1000.0000000000 -1000.0000000000 True True False False
PassengerCar 0.00 2 -1 729.32 224.38 765.63 263.07 -1.00 -1.00 -1.00 -1000.00 -1000.00 -1000.00 -1.000 -1.000 -1.000 -1.000 1.00 -1000.0000000000 -1000.0000000000 -1000.0000000000 -1000.0000000000 True True False False
PassengerCar 0.00 2 -1 716.97 226.33 752.84 261.55 -1.00 -1.00 -1.00 -1000.00 -1000.00 -1000.00 -1.000 -1.000 -1.000 -1.000 1.00 -1000.0000000000 -1000.0000000000 -1000.0000000000 -1000.0000000000 True True False False
PassengerCar 0.00 1 -1 696.25 225.89 738.49 260.04 -1.00 -1.00 -1.00 -1000.00 -1000.00 -1000.00 -1.000 -1.000 -1.000 -1.000 1.00 -1000.0000000000 -1000.0000000000 -1000.0000000000 -1000.0000000000 True True False False
Obstacle 1.00 3 -1 0.00 228.00 0.00 357.00 1.60 0.38 0.37 -10.97 1.19 28.97 -3.140 0.000 0.000 -1.569 1.00 0.0000000000 0.0000000000 -0.7065734164 0.7076397439 False False False False
Pedestrian 1.00 3 -1 0.00 226.00 0.00 358.00 1.61 0.35 0.40 -10.56 1.19 28.64 -3.139 0.000 0.001 -1.568 1.00 0.0002690020 0.0002682321 -0.7060927347 0.7081192736 True False True False
Pedestrian 0.00 0 -1 22.00 222.00 58.00 287.00 1.73 0.41 0.83 -16.66 0.70 61.70 -3.147 0.000 0.000 -1.576 1.00 0.0000000000 0.0000000000 -0.7089979750 0.7052105157 True True True True
Pedestrian 0.06 0 -1 101.00 227.00 124.00 283.00 1.50 0.39 0.54 -14.78 0.60 61.88 -3.141 0.000 0.000 -1.570 1.00 0.0000000000 0.0000000000 -0.7069653745 0.7072481596 True True True True
Pedestrian 0.00 0 -1 392.00 230.00 420.00 296.00 1.69 0.54 0.67 -6.71 0.92 59.71 -3.145 0.000 0.000 -1.575 1.00 0.0000000000 0.0000000000 -0.7084563130 0.7057546689 True True True False
Pedestrian 0.07 2 -1 416.00 226.00 434.00 282.00 1.50 0.49 0.42 -6.42 0.57 61.62 -3.135 0.000 0.000 -1.564 1.00 0.0000000000 0.0000000000 -0.7048487439 0.7093576307 True True True False
Pedestrian 0.07 0 -1 509.00 220.00 528.00 266.00 1.52 0.62 0.41 -4.93 0.17 77.13 -4.712 0.000 0.000 -3.141 1.00 0.0000000000 0.0000000000 -0.9999999711 0.0002402171 True True True False
Pedestrian 0.07 1 -1 477.00 222.00 498.00 267.00 1.47 0.53 0.50 -5.88 0.20 75.95 -4.377 0.000 0.000 -2.806 1.00 0.0000000000 0.0000000000 -0.9859738093 0.1669001121 True True True False
Pedestrian 0.00 0 -1 447.61 208.78 466.91 263.75 -1.00 -1.00 -1.00 -1000.00 -1000.00 -1000.00 -1.000 -1.000 -1.000 -1.000 1.00 -1000.0000000000 -1000.0000000000 -1000.0000000000 -1000.0000000000 True True False False
Pedestrian 0.00 0 -1 464.02 211.89 479.62 263.05 -1.00 -1.00 -1.00 -1000.00 -1000.00 -1000.00 -1.000 -1.000 -1.000 -1.000 1.00 -1000.0000000000 -1000.0000000000 -1000.0000000000 -1000.0000000000 True True False False
Pedestrian_is_group 0.00 2 -1 230.00 218.00 266.00 272.00 1.51 0.95 0.56 -11.68 0.32 64.75 -1.663 0.000 0.000 -0.092 1.00 0.0000000000 0.0000000000 -0.0460734046 0.9989380568 True True True False
Pedestrian 0.06 0 -1 584.00 227.00 603.00 290.00 1.70 0.41 0.50 -1.98 0.79 62.74 0.004 0.000 0.000 1.575 1.00 0.0000000000 0.0000000000 0.7085819019 0.7056285767 True True True False
Pedestrian 0.08 2 -1 810.00 221.00 825.00 282.00 1.70 0.43 0.39 4.21 0.60 64.88 -3.139 0.000 0.000 -1.568 1.00 0.0000000000 0.0000000000 -0.7060632243 0.7081488003 True True True False
Pedestrian 0.08 2 -1 821.00 223.00 836.00 280.00 1.60 0.36 0.39 4.46 0.55 64.40 -3.131 0.000 0.000 -1.561 1.00 0.0000000000 0.0000000000 -0.7034731717 0.7107218138 True True True False
Pedestrian 0.05 2 -1 968.00 214.00 994.00 281.00 1.90 0.52 0.66 8.97 0.57 66.44 -3.142 0.000 0.000 -1.572 1.00 0.0000000000 0.0000000000 -0.7073947016 0.7068187435 True True True False
Pedestrian 0.06 0 -1 1135.00 211.00 1156.00 287.00 1.99 0.49 0.45 12.58 0.70 61.13 -3.132 0.000 0.000 -1.562 1.00 0.0000000000 0.0000000000 -0.7038677524 0.7103310405 True True True False
Pedestrian 0.06 0 -1 1157.00 222.00 1179.00 287.00 1.72 0.51 0.47 13.30 0.69 61.68 -3.133 0.000 0.000 -1.562 1.00 0.0000000000 0.0000000000 -0.7041664954 0.7100348912 True True True False
Pedestrian 0.06 1 -1 1182.00 210.00 1203.00 282.00 2.06 0.46 0.51 14.94 0.61 66.02 0.000 0.000 0.000 1.571 1.00 0.0000000000 0.0000000000 0.7071067812 0.7071067812 True True True False
Pedestrian 0.06 1 -1 1208.00 212.00 1227.00 288.00 2.05 0.43 0.44 14.91 0.74 62.92 -3.072 0.000 0.000 -1.501 1.00 0.0000000000 0.0000000000 -0.6821696325 0.7311939500 True True True False
Pedestrian 0.06 1 -1 1226.00 212.00 1247.00 289.00 2.06 0.48 0.43 15.30 0.76 62.43 -3.192 0.000 0.000 -1.621 1.00 0.0000000000 0.0000000000 -0.7246354494 0.6891324005 True True True False
Pedestrian 1.00 3 -1 1280.00 206.00 1280.00 319.00 1.72 0.34 0.37 12.29 0.89 35.77 -4.043 0.000 0.000 -2.472 1.00 0.0000000000 0.0000000000 -0.9444382918 0.3286887782 True True True False
Pedestrian 1.00 3 -1 1280.00 208.00 1280.00 321.00 1.71 0.41 0.38 11.81 0.92 35.45 0.661 0.000 0.000 2.232 1.00 0.0000000000 0.0000000000 0.8982798378 0.4394238648 True True True False
Pedestrian 1.00 3 -1 1280.00 210.00 1280.00 323.00 1.70 0.38 0.48 12.34 0.94 35.15 -2.477 0.000 0.000 -0.906 1.00 0.0000000000 0.0000000000 -0.4377521990 0.8990956636 True True True False
Pedestrian 1.00 3 -1 1280.00 221.00 1280.00 324.00 1.71 0.48 0.57 14.16 1.06 38.85 -4.241 0.000 0.000 -2.670 1.00 0.0000000000 0.0000000000 -0.9723049148 0.2337159657 False False False False
Pedestrian 0.00 1 -1 933.22 213.68 960.64 273.89 -1.00 -1.00 -1.00 -1000.00 -1000.00 -1000.00 -1.000 -1.000 -1.000 -1.000 1.00 -1000.0000000000 -1000.0000000000 -1000.0000000000 -1000.0000000000 True True False False
Pedestrian 0.00 2 -1 965.39 213.13 982.47 270.82 -1.00 -1.00 -1.00 -1000.00 -1000.00 -1000.00 -1.000 -1.000 -1.000 -1.000 1.00 -1000.0000000000 -1000.0000000000 -1000.0000000000 -1000.0000000000 True True False False
Pedestrian 0.00 2 -1 899.70 217.73 917.79 266.90 -1.00 -1.00 -1.00 -1000.00 -1000.00 -1000.00 -1.000 -1.000 -1.000 -1.000 1.00 -1000.0000000000 -1000.0000000000 -1000.0000000000 -1000.0000000000 True True False False
Pedestrian 0.00 2 -1 891.46 217.89 906.58 266.70 -1.00 -1.00 -1.00 -1000.00 -1000.00 -1000.00 -1.000 -1.000 -1.000 -1.000 1.00 -1000.0000000000 -1000.0000000000 -1000.0000000000 -1000.0000000000 True True False False
Pedestrian 0.00 1 -1 1072.04 207.24 1100.49 274.98 -1.00 -1.00 -1.00 -1000.00 -1000.00 -1000.00 -1.000 -1.000 -1.000 -1.000 1.00 -1000.0000000000 -1000.0000000000 -1000.0000000000 -1000.0000000000 True True False False
Pedestrian 0.00 2 -1 1050.62 210.17 1069.47 275.45 -1.00 -1.00 -1.00 -1000.00 -1000.00 -1000.00 -1.000 -1.000 -1.000 -1.000 1.00 -1000.0000000000 -1000.0000000000 -1000.0000000000 -1000.0000000000 True True False False
Pedestrian 0.00 2 -1 859.20 211.00 875.58 260.00 -1.00 -1.00 -1.00 -1000.00 -1000.00 -1000.00 -1.000 -1.000 -1.000 -1.000 1.00 -1000.0000000000 -1000.0000000000 -1000.0000000000 -1000.0000000000 True True False False
Pedestrian 0.00 2 -1 1003.75 211.29 1020.82 269.20 -1.00 -1.00 -1.00 -1000.00 -1000.00 -1000.00 -1.000 -1.000 -1.000 -1.000 1.00 -1000.0000000000 -1000.0000000000 -1000.0000000000 -1000.0000000000 True True False False
Pedestrian 0.20 3 -1 1263.00 220.00 1280.00 283.00 1.72 0.51 0.42 16.46 0.61 63.09 -3.144 0.000 0.000 -1.573 1.00 0.0000000000 0.0000000000 -0.7079980936 0.7062143438 True False True False
Pedestrian 0.07 2 -1 1243.00 216.00 1262.00 277.00 1.71 0.41 0.42 16.35 0.47 64.88 -3.142 0.000 0.000 -1.571 1.00 0.0000000000 0.0000000000 -0.7072243250 0.7069892178 True True True False
