PassengerCar 1.00 3 -1 1280.00 75.00 1280.00 720.00 1.44 1.77 4.30 3.16 1.22 5.29 -1.488 0.006 -0.005 0.083 1.00 0.0028606267 -0.0026096933 0.0414123094 0.9991346390 True False True False
PassengerCar 0.64 1 -1 1080.00 150.00 1280.00 554.00 1.88 1.99 4.81 3.64 1.39 13.29 -1.506 0.000 0.000 0.065 1.00 0.0000000000 0.0000000000 0.0324517000 0.9994733049 True True True False
PassengerCar 0.00 0 -1 1009.00 227.00 1270.00 439.00 1.86 1.81 4.19 4.46 1.54 22.53 -1.537 0.001 0.021 0.034 1.00 0.0003750568 0.0105326919 0.0167473531 0.9998042048 True True True False
PassengerCar 0.00 0 -1 977.00 282.00 1121.00 381.00 1.48 1.81 3.67 6.01 1.83 36.88 -1.532 0.000 0.002 0.039 1.00 0.0000195580 0.0009983767 0.0195860051 0.9998076771 True True True False
PassengerCar 0.00 0 -1 946.00 282.00 1016.00 340.00 1.64 1.81 4.02 9.11 2.27 67.67 -1.487 0.000 0.000 0.084 1.00 0.0000000000 0.0000000000 0.0419231416 0.9991208386 True True True False
PassengerCar 0.00 0 -1 956.00 280.00 1058.00 362.00 1.53 1.81 3.80 6.83 1.96 47.03 -1.487 0.000 0.011 0.084 1.00 -0.0000187330 0.0056938592 0.0420066565 0.9991011062 True True True False
PassengerCar 0.00 0 -1 917.66 288.78 992.31 344.51 -1.00 -1.00 -1.00 -1000.00 -1000.00 -1000.00 -1.000 -1.000 -1.000 -1.000 1.00 -1000.0000000000 -1000.0000000000 -1000.0000000000 -1000.0000000000 True True False False
Pedestrian 0.00 0 -1 666.00 261.00 709.00 350.00 1.61 0.57 0.76 0.37 1.63 42.46 -0.021 0.000 0.000 1.550 1.00 0.0000000000 0.0000000000 0.6996455527 0.7144900983 True True True False
Pedestrian 0.00 0 -1 775.86 289.69 792.93 336.26 -1.00 -1.00 -1.00 -1000.00 -1000.00 -1000.00 -1.000 -1.000 -1.000 -1.000 1.00 -1000.0000000000 -1000.0000000000 -1000.0000000000 -1000.0000000000 False True False False
Pedestrian 0.00 0 -1 839.46 292.35 855.27 331.84 -1.00 -1.00 -1.00 -1000.00 -1000.00 -1000.00 -1.000 -1.000 -1.000 -1.000 1.00 -1000.0000000000 -1000.0000000000 -1000.0000000000 -1000.0000000000 False True False False
