PassengerCar 1.00 3 -1 1280.00 0.00 1280.00 720.00 1.49 1.89 3.84 2.85 1.29 3.53 -1.565 0.000 0.000 0.005 1.00 0.0000000000 0.0000000000 0.0026802169 0.9999964082 True False True True
PassengerCar 0.83 0 -1 1104.00 182.00 1280.00 720.00 1.61 1.85 4.07 2.89 1.38 8.40 -1.571 0.000 0.013 0.000 1.00 0.0000000000 0.0064968866 0.0000000000 0.9999788950 True True True False
PassengerCar 0.26 1 -1 973.00 252.00 1280.00 530.00 1.49 1.76 3.82 3.00 1.46 14.39 -1.554 0.000 0.000 0.017 1.00 0.0000000000 0.0000000000 0.0083245855 0.9999653500 True True True False
PassengerCar 0.00 2 -1 928.00 280.00 1198.00 475.00 1.43 1.60 4.06 3.21 1.61 19.49 -1.560 -0.008 0.005 0.011 1.00 -0.0041932490 0.0025276923 0.0052743720 0.9999741039 True True True False
PassengerCar 0.00 0 -1 515.00 264.00 854.00 496.00 1.36 2.02 4.15 0.10 1.40 15.96 -1.571 0.000 0.010 0.000 1.00 0.0000000000 0.0050587497 0.0000000000 0.9999872044 True True True False
PassengerCar 0.00 1 -1 812.00 301.00 906.00 373.00 1.47 1.74 2.93 4.08 2.34 49.81 -1.578 0.000 0.000 -0.008 1.00 0.0000000000 0.0000000000 -0.0038409032 0.9999926237 True True True False
PassengerCar 0.00 2 -1 459.00 320.00 547.00 386.00 1.41 1.79 4.21 -3.76 2.81 53.69 1.562 0.000 -0.006 3.133 1.00 0.0032497353 0.0000147227 0.9999844570 0.0045304345 True True True False
PassengerCar 0.00 3 -1 793.00 302.00 886.00 373.00 1.61 1.95 3.95 4.13 2.63 56.09 -1.572 0.000 0.000 -0.001 1.00 0.0000000000 0.0000000000 -0.0006911404 0.9999997612 True True True True
DontCare 0.00 -1 -1 871.43 279.33 1013.36 357.39 -1.00 -1.00 -1.00 -1000.00 -1000.00 -1000.00 -1.000 -1.000 -1.000 -1.000 1.00 -1000.0000000000 -1000.0000000000 -1000.0000000000 -1000.0000000000 False False False False
Pedestrian 1.00 3 -1 0.00 254.00 0.00 437.00 1.38 0.50 0.88 -6.37 1.34 18.07 -1.767 -0.000 0.000 -0.196 1.00 -0.0000013376 0.0000222492 -0.0978335530 0.9952027911 True True True True
Pedestrian 0.65 3 -1 0.00 244.00 24.00 436.00 1.80 0.57 0.56 -6.45 1.65 22.11 -1.759 -0.003 0.005 -0.188 1.00 -0.0015191662 0.0024676543 -0.0938606640 0.9955811261 True True True False
Pedestrian 1.00 3 -1 0.00 237.00 0.00 431.00 1.78 0.60 0.62 -7.95 1.57 21.66 -1.566 0.000 0.000 0.004 1.00 0.0000000000 0.0000000000 0.0021692925 0.9999976471 True False True True
Pedestrian 1.00 3 -1 0.00 240.00 0.00 412.00 1.69 0.62 0.42 -8.61 1.49 23.17 -1.769 0.000 0.000 -0.198 1.00 0.0000000000 0.0000000000 -0.0987177740 0.9951154712 True False False True
Pedestrian 0.00 0 -1 472.00 289.00 504.00 374.00 1.68 0.60 0.68 -3.61 2.26 46.74 -1.604 -0.000 0.008 -0.033 1.00 -0.0000503450 0.0037960078 -0.0166454607 0.9998542476 True True True False
Pedestrian 0.00 0 -1 885.00 289.00 923.00 375.00 1.47 0.43 0.51 4.08 1.96 39.95 -2.718 0.017 -0.008 -1.147 1.00 0.0050145181 -0.0077638548 -0.5425299216 0.8399856316 True True True False
Pedestrian 0.00 0 -1 71.00 295.00 105.00 378.00 1.50 0.51 0.58 -10.58 2.14 42.44 -3.328 0.000 0.000 -1.758 1.00 0.0000000000 0.0000000000 -0.7699799557 0.6380680746 True True True False
Pedestrian 0.00 1 -1 402.55 295.51 471.28 362.06 -1.00 -1.00 -1.00 -1000.00 -1000.00 -1000.00 -1.000 -1.000 -1.000 -1.000 1.00 -1000.0000000000 -1000.0000000000 -1000.0000000000 -1000.0000000000 True True False True
Pedestrian 0.00 1 -1 946.00 282.00 981.00 374.00 1.72 0.59 0.62 5.60 2.12 43.90 1.562 0.000 0.000 3.132 1.00 0.0000000000 0.0000000000 0.9999895089 0.0045806211 True True True True
Pedestrian 0.00 2 -1 935.00 287.00 966.00 374.00 1.75 0.58 0.47 5.76 2.29 47.28 1.563 0.000 0.000 3.134 1.00 0.0000000000 0.0000000000 0.9999928826 0.0037728914 True True True True
Pedestrian 0.00 3 -1 990.00 280.00 1023.00 370.00 1.77 0.43 0.73 6.77 2.15 46.24 -1.100 0.000 0.000 0.471 1.00 0.0000000000 0.0000000000 0.2334453639 0.9723699204 True False True True
Pedestrian 0.00 3 -1 1003.00 278.00 1046.00 370.00 1.87 0.80 0.42 7.29 2.23 47.34 -1.571 0.000 0.000 0.000 1.00 0.0000000000 0.0000000000 0.0000000000 1.0000000000 True True True True
Pedestrian 0.00 3 -1 926.00 290.00 953.00 373.00 1.78 0.55 0.43 5.88 2.42 50.21 -4.695 0.000 0.000 -3.125 1.00 0.0000000000 0.0000000000 -0.9999641395 0.0084687510 True True True True
Pedestrian 0.00 3 -1 898.00 281.00 923.00 377.00 2.04 0.45 0.62 5.21 2.47 49.64 1.547 0.000 0.000 3.118 1.00 0.0000000000 0.0000000000 0.9999304020 0.0117979294 True True True True
