PassengerCar 1.00 3 -1 0.00 205.00 0.00 683.00 1.41 1.82 3.87 -4.84 1.26 8.62 -2.599 0.000 0.000 -1.028 1.00 0.0000000000 0.0000000000 -0.4916641166 0.8707849312 True False True False
PassengerCar 0.77 1 -1 0.00 233.00 195.00 566.00 1.38 1.96 3.90 -4.46 1.28 11.52 -2.556 0.000 0.000 -0.985 1.00 0.0000000000 0.0000000000 -0.4729886197 0.8810685363 True True True False
PassengerCar 0.68 2 -1 0.00 245.00 210.00 498.00 1.46 1.75 3.80 -5.04 1.38 14.91 -2.750 0.000 0.000 -1.179 1.00 0.0000000000 0.0000000000 -0.5560964697 0.8311177512 True True True False
PassengerCar 0.57 3 -1 0.00 271.00 220.00 471.00 1.47 1.54 3.83 -5.63 1.56 18.56 -2.733 0.000 0.000 -1.162 1.00 0.0000000000 0.0000000000 -0.5490563061 0.8357853629 True True True False
PassengerCar 0.22 2 -1 0.00 258.00 363.00 432.00 1.44 1.84 3.81 -4.82 1.43 20.89 -2.618 0.000 0.000 -1.047 1.00 0.0000000000 0.0000000000 -0.4999571303 0.8660501532 True True True True
PassengerCar 0.46 3 -1 0.00 274.00 221.00 436.00 1.62 1.75 3.83 -6.87 1.76 24.66 -2.799 0.000 0.000 -1.228 1.00 0.0000000000 0.0000000000 -0.5762128377 0.8172996793 True True True False
PassengerCar 0.00 3 -1 53.00 272.00 363.00 405.00 1.62 1.73 3.83 -5.98 1.77 30.11 -2.555 0.000 0.000 -0.984 1.00 0.0000000000 0.0000000000 -0.4723610944 0.8814051262 True True True False
PassengerCar 0.00 3 -1 119.00 278.00 386.00 382.00 1.38 1.74 3.32 -5.79 1.62 32.40 -2.623 0.000 0.000 -1.052 1.00 0.0000000000 0.0000000000 -0.5022766640 0.8647069751 True False True False
PassengerCar 0.40 3 -1 0.00 272.00 213.00 408.00 1.50 1.47 3.92 -7.36 1.64 27.01 -2.730 0.000 0.000 -1.160 1.00 0.0000000000 0.0000000000 -0.5478713348 0.8365626100 False False True True
PassengerCar 0.00 3 -1 173.00 277.00 423.00 359.00 1.52 1.75 4.45 -7.09 1.84 44.53 -2.782 0.000 0.000 -1.211 1.00 0.0000000000 0.0000000000 -0.5693555077 0.8220914219 True False True True
PassengerCar 0.00 3 -1 101.00 273.00 346.00 372.00 1.62 1.87 3.74 -7.60 1.84 39.80 -2.697 0.001 0.002 -1.126 1.00 0.0007740231 0.0004887444 -0.5339050837 0.8455439218 True False True False
PassengerCar 0.00 0 -1 297.00 275.00 641.00 521.00 1.33 1.86 3.87 -1.16 1.42 14.55 -1.619 0.000 0.000 -0.048 1.00 0.0000000000 0.0000000000 -0.0240910960 0.9997097674 True True True False
PassengerCar 0.00 2 -1 436.00 276.00 749.00 446.00 1.49 1.72 3.49 -0.80 1.64 22.46 -2.036 -0.002 0.005 -0.465 1.00 -0.0006499536 0.0026214796 -0.2305020515 0.9730680910 True True True False
PassengerCar 0.00 0 -1 684.00 177.00 1190.00 545.00 1.73 1.92 4.23 1.30 1.35 13.08 -1.684 0.000 0.000 -0.113 1.00 0.0000000000 0.0000000000 -0.0563912267 0.9984087487 True True True False
PassengerCar 0.00 2 -1 635.00 279.00 884.00 424.00 1.48 1.82 3.86 0.94 1.70 26.04 -1.802 0.000 0.000 -0.231 1.00 0.0000000000 0.0000000000 -0.1154793706 0.9933098786 True True True False
PassengerCar 0.94 3 -1 1221.00 215.00 1280.00 693.00 1.44 1.83 4.27 3.67 1.31 9.16 -1.602 -0.002 0.005 -0.031 1.00 -0.0012112181 0.0023072662 -0.0154002826 0.9998780129 True False True False
PassengerCar 0.55 1 -1 1037.00 189.00 1280.00 538.00 1.71 1.88 3.86 3.46 1.37 13.35 -1.617 -0.008 0.004 -0.046 1.00 -0.0041839984 0.0020066568 -0.0228589342 0.9997279313 True True True False
PassengerCar 0.00 3 -1 609.00 270.00 736.00 399.00 1.68 1.65 3.81 0.07 1.82 32.17 -1.571 0.000 0.000 0.000 1.00 0.0000000000 0.0000000000 0.0000000000 1.0000000000 True True True False
PassengerCar 0.00 3 -1 545.00 270.00 657.00 348.00 1.37 1.72 3.84 -1.27 1.55 42.75 -1.689 0.000 0.000 -0.119 1.00 0.0000000000 0.0000000000 -0.0592948508 0.9982405124 True True True False
Vehicle 0.00 3 -1 318.00 276.00 477.00 332.00 1.45 1.73 3.87 -7.22 1.88 62.26 -2.847 0.000 0.000 -1.276 1.00 0.0000000000 0.0000000000 -0.5957303741 0.8031844878 False False True True
Vehicle 0.00 3 -1 307.00 275.00 460.00 329.00 1.50 1.83 3.93 -8.05 1.92 66.03 -2.877 0.000 0.000 -1.307 1.00 0.0000000000 0.0000000000 -0.6077899705 0.7940978226 False False True True
Vehicle 0.00 3 -1 283.00 274.00 465.00 340.00 1.43 1.78 3.84 -6.81 1.78 54.00 -2.687 -0.011 0.011 -1.117 1.00 -0.0017815534 0.0078515156 -0.5296963711 0.8481491227 False False True True
Vehicle 0.00 3 -1 569.00 275.00 637.00 335.00 1.61 1.81 3.85 -1.74 1.99 63.85 -1.583 0.000 0.000 -0.012 1.00 0.0000000000 0.0000000000 -0.0060037870 0.9999819771 False False True True
Obstacle 1.00 3 -1 1280.00 206.00 1280.00 469.00 1.73 0.51 0.29 5.62 1.37 15.48 1.375 0.000 0.000 2.946 1.00 0.0000000000 0.0000000000 0.9952156619 0.0977025404 True False True False
Obstacle 1.00 3 -1 1280.00 199.00 1280.00 461.00 1.74 0.41 0.53 6.08 1.33 15.71 1.424 0.000 0.000 2.994 1.00 0.0000000000 0.0000000000 0.9972939820 0.0735167565 True False True False
Obstacle 0.05 3 -1 721.00 256.00 747.00 327.00 1.43 0.37 0.39 1.37 1.35 47.57 -2.529 0.000 0.000 -0.958 1.00 0.0000000000 0.0000000000 -0.4608302486 0.8874882996 True False True False
