PassengerCar 0.00 0 -1 420.00 278.00 534.00 351.00 1.43 1.71 3.68 -3.80 1.79 46.84 -4.634 -0.001 -0.011 -3.063 1.00 -0.0053255489 0.0002094791 -0.9992130906 0.0393038703 True True True False
PassengerCar 1.00 3 -1 0.00 279.00 0.00 357.00 1.58 1.81 4.25 -17.26 1.96 48.83 -4.500 0.000 0.000 -2.929 1.00 0.0000000000 0.0000000000 -0.9943576972 0.1060790745 True False True True
PassengerCar 0.00 0 -1 40.00 285.00 146.00 342.00 1.47 1.21 3.30 -15.35 2.12 62.17 -4.400 0.000 0.000 -2.829 1.00 0.0000000000 0.0000000000 -0.9878101067 0.1556637182 True True True True
PassengerCar 0.00 1 -1 151.00 287.00 269.00 339.00 1.51 1.81 4.07 -13.66 2.30 69.62 -4.436 0.000 0.000 -2.865 1.00 0.0000000000 0.0000000000 -0.9904493885 0.1378767884 True True True True
PassengerCar 0.00 2 -1 482.00 283.00 581.00 347.00 1.51 1.75 3.91 -3.32 2.08 57.40 -4.583 0.000 0.000 -3.013 1.00 0.0000000000 0.0000000000 -0.9979196499 0.0644699340 True True True False
PassengerCar 0.00 0 -1 811.71 295.14 856.46 329.59 -1.00 -1.00 -1.00 -1000.00 -1000.00 -1000.00 -1.000 -1.000 -1.000 -1.000 1.00 -1000.0000000000 -1000.0000000000 -1000.0000000000 -1000.0000000000 True True False False
PassengerCar 0.00 0 -1 864.07 291.55 921.50 333.69 -1.00 -1.00 -1.00 -1000.00 -1000.00 -1000.00 -1.000 -1.000 -1.000 -1.000 1.00 -1000.0000000000 -1000.0000000000 -1000.0000000000 -1000.0000000000 True True False False
PassengerCar 0.00 1 -1 601.78 293.59 640.59 323.94 -1.00 -1.00 -1.00 -1000.00 -1000.00 -1000.00 -1.000 -1.000 -1.000 -1.000 1.00 -1000.0000000000 -1000.0000000000 -1000.0000000000 -1000.0000000000 True True False False
PassengerCar 0.00 1 -1 616.56 294.43 649.23 324.08 -1.00 -1.00 -1.00 -1000.00 -1000.00 -1000.00 -1.000 -1.000 -1.000 -1.000 1.00 -1000.0000000000 -1000.0000000000 -1000.0000000000 -1000.0000000000 True True False False
PassengerCar 0.00 1 -1 917.72 292.11 950.34 331.78 -1.00 -1.00 -1.00 -1000.00 -1000.00 -1000.00 -1.000 -1.000 -1.000 -1.000 1.00 -1000.0000000000 -1000.0000000000 -1000.0000000000 -1000.0000000000 True True False False
DontCare 1.00 3 -1 1280.00 266.00 1280.00 358.00 1.53 1.97 3.75 12.55 1.64 40.50 -1.571 0.000 0.000 0.000 1.00 0.0000000000 0.0000000000 0.0000000000 1.0000000000 False False False False
DontCare 0.63 3 -1 1226.00 272.00 1280.00 350.00 1.44 1.77 3.91 12.27 1.67 45.35 -1.571 0.000 0.000 0.000 1.00 0.0000000000 0.0000000000 0.0000000000 1.0000000000 False False False False
DontCare 0.10 3 -1 1170.00 273.00 1280.00 349.00 1.62 1.81 3.55 12.48 1.90 51.69 -1.571 0.000 0.000 0.000 1.00 0.0000000000 0.0000000000 0.0000000000 1.0000000000 False False False False
DontCare 1.00 3 -1 1280.00 227.00 1280.00 375.00 1.70 0.69 0.73 9.85 1.32 27.29 -4.382 0.000 0.000 -2.811 1.00 0.0000000000 0.0000000000 -0.9864008574 0.1643573802 False False False False
DontCare 1.00 3 -1 1280.00 235.00 1280.00 381.00 1.65 0.60 0.79 10.73 1.36 26.83 -4.231 0.000 0.000 -2.660 1.00 0.0000000000 0.0000000000 -0.9711301775 0.2385501591 False False False False
DontCare 0.96 3 -1 0.00 271.00 2.00 327.00 1.60 1.35 0.70 -19.89 1.89 66.69 -1.487 0.000 0.000 0.083 1.00 0.0000000000 0.0000000000 0.0416459609 0.9991324306 False False False False
DontCare 0.00 -1 -1 1117.61 253.49 1234.93 366.57 -1.00 -1.00 -1.00 -1000.00 -1000.00 -1000.00 -1.000 -1.000 -1.000 -1.000 1.00 -1000.0000000000 -1000.0000000000 -1000.0000000000 -1000.0000000000 False False False False
Obstacle 1.00 3 -1 0.00 259.00 0.00 330.00 1.75 1.12 1.40 -21.37 1.71 57.39 -1.571 0.000 0.000 0.000 1.00 0.0000000000 0.0000000000 0.0000000000 1.0000000000 True False True True
Obstacle 0.00 0 -1 219.12 275.38 239.97 311.83 -1.00 -1.00 -1.00 -1000.00 -1000.00 -1000.00 -1.000 -1.000 -1.000 -1.000 1.00 -1000.0000000000 -1000.0000000000 -1000.0000000000 -1000.0000000000 False False False False
Pedestrian 0.00 1 -1 307.56 276.00 417.35 331.85 -1.00 -1.00 -1.00 -1000.00 -1000.00 -1000.00 -1.000 -1.000 -1.000 -1.000 1.00 -1000.0000000000 -1000.0000000000 -1000.0000000000 -1000.0000000000 True True False False
