PassengerCar 1.00 3 -1 0.00 317.00 0.00 439.00 1.48 1.82 4.02 -12.25 2.29 31.55 1.567 0.034 -0.022 3.138 1.00 0.0107896242 0.0167330381 0.9998005915 0.0015384155 True False True False
PassengerCar 0.80 3 -1 0.00 316.00 43.00 419.00 1.45 1.81 3.97 -11.35 2.36 36.38 -4.629 0.000 0.000 -3.058 1.00 0.0000000000 0.0000000000 -0.9991289575 0.0417292015 True False True False
PassengerCar 0.18 1 -1 0.00 317.00 137.00 405.00 1.42 1.62 3.46 -10.76 2.45 41.02 -4.574 0.000 0.000 -3.003 1.00 0.0000000000 0.0000000000 -0.9976078889 0.0691266954 True True True False
PassengerCar 0.00 0 -1 238.00 313.00 359.00 378.00 1.49 1.82 4.09 -9.22 2.85 58.43 -4.548 0.000 0.000 -2.977 1.00 0.0000000000 0.0000000000 -0.9966060374 0.0823189300 True True True False
PassengerCar 0.00 1 -1 310.00 300.00 472.00 368.00 1.79 1.81 4.05 -7.62 2.91 64.23 -3.776 0.011 -0.016 -2.205 1.00 -0.0043642691 -0.0086248319 -0.8922294490 0.4514788764 True True True False
PassengerCar 0.00 2 -1 421.00 311.00 502.00 357.00 1.45 1.89 3.91 -6.63 3.09 75.22 -4.607 -0.002 -0.015 -3.036 1.00 -0.0075238187 0.0003968367 -0.9985835773 0.0526694768 True True True False
PassengerCar 0.00 2 -1 487.80 296.72 538.43 345.96 -1.00 -1.00 -1.00 -1000.00 -1000.00 -1000.00 -1.000 -1.000 -1.000 -1.000 1.00 -1000.0000000000 -1000.0000000000 -1000.0000000000 -1000.0000000000 True True False False
PassengerCar 0.00 1 -1 527.95 298.11 577.87 342.61 -1.00 -1.00 -1.00 -1000.00 -1000.00 -1000.00 -1.000 -1.000 -1.000 -1.000 1.00 -1000.0000000000 -1000.0000000000 -1000.0000000000 -1000.0000000000 True True False False
PassengerCar 0.00 1 -1 568.39 299.50 613.84 338.71 -1.00 -1.00 -1.00 -1000.00 -1000.00 -1000.00 -1.000 -1.000 -1.000 -1.000 1.00 -1000.0000000000 -1000.0000000000 -1000.0000000000 -1000.0000000000 True True False False
PassengerCar 0.00 2 -1 592.09 299.78 629.90 337.87 -1.00 -1.00 -1.00 -1000.00 -1000.00 -1000.00 -1.000 -1.000 -1.000 -1.000 1.00 -1000.0000000000 -1000.0000000000 -1000.0000000000 -1000.0000000000 True True False False
PassengerCar 0.00 0 -1 655.95 298.67 717.73 339.94 -1.00 -1.00 -1.00 -1000.00 -1000.00 -1000.00 -1.000 -1.000 -1.000 -1.000 1.00 -1000.0000000000 -1000.0000000000 -1000.0000000000 -1000.0000000000 True True False False
PassengerCar 0.00 1 -1 638.01 300.54 680.26 330.74 -1.00 -1.00 -1.00 -1000.00 -1000.00 -1000.00 -1.000 -1.000 -1.000 -1.000 1.00 -1000.0000000000 -1000.0000000000 -1000.0000000000 -1000.0000000000 True True False False
Pedestrian 1.00 3 -1 1280.00 279.00 1280.00 344.00 1.78 0.51 0.51 18.98 2.27 63.59 -2.539 0.000 0.000 -0.969 1.00 0.0000000000 0.0000000000 -0.4655999372 0.8849953099 True False True False
Pedestrian 1.00 3 -1 1280.00 282.00 1280.00 347.00 1.73 0.54 0.56 22.66 2.31 62.27 -4.586 0.000 0.000 -3.015 1.00 0.0000000000 0.0000000000 -0.9979893482 0.0633818660 True False True False
Pedestrian 0.06 0 -1 1020.00 289.00 1042.00 346.00 1.75 0.62 0.59 11.40 2.65 72.77 -4.660 0.000 0.000 -3.090 1.00 0.0000000000 0.0000000000 -0.9996614604 0.0260185442 True True True False
Pedestrian 0.07 1 -1 999.00 291.00 1017.00 346.00 1.72 0.51 0.51 10.69 2.68 72.80 -4.663 0.000 0.000 -3.092 1.00 0.0000000000 0.0000000000 -0.9996915171 0.0248368824 True True True False
Pedestrian 0.00 2 -1 983.31 283.36 1005.67 338.85 -1.00 -1.00 -1.00 -1000.00 -1000.00 -1000.00 -1.000 -1.000 -1.000 -1.000 1.00 -1000.0000000000 -1000.0000000000 -1000.0000000000 -1000.0000000000 True True False False
Pedestrian_is_group 0.00 1 -1 237.00 303.00 279.00 363.00 1.76 1.14 0.51 -11.95 2.99 67.90 1.564 0.000 0.000 3.134 1.00 0.0000000000 0.0000000000 0.9999934992 0.0036057791 True True True False
