PassengerCar 0.00 0 -1 644.00 267.00 780.00 372.00 1.45 1.87 4.16 0.62 1.57 35.33 -1.598 -0.000 0.014 -0.027 1.00 0.0000165026 0.0068660952 -0.0133754060 0.9998869711 True True True False
PassengerCar 0.00 0 -1 536.00 274.00 614.00 347.00 1.62 1.69 3.97 -2.12 1.95 54.06 -1.581 0.000 -0.005 -0.010 1.00 0.0000714117 -0.0026165731 -0.0049262663 0.9999844401 True True True False
PassengerCar 0.00 1 -1 603.37 279.24 654.26 322.33 -1.00 -1.00 -1.00 -1000.00 -1000.00 -1000.00 -1.000 -1.000 -1.000 -1.000 1.00 -1000.0000000000 -1000.0000000000 -1000.0000000000 -1000.0000000000 True True False False
PassengerCar 0.00 0 -1 855.00 249.00 1011.00 378.00 1.59 1.89 4.19 3.71 1.49 33.06 -1.511 0.056 0.015 0.059 1.00 0.0275687371 0.0085262089 0.0294341126 0.9991500896 True True True False
PassengerCar 0.00 2 -1 832.00 273.00 940.00 362.00 1.40 1.67 4.01 3.73 1.65 40.02 -1.510 0.029 0.000 0.060 1.00 0.0143336379 0.0004332333 0.0302080353 0.9994407605 True True True False
PassengerCar_is_group 0.00 3 -1 778.00 281.00 874.00 344.00 1.57 2.01 8.12 4.22 2.13 62.91 -1.576 0.000 0.000 -0.005 1.00 0.0000000000 0.0000000000 -0.0024384267 0.9999970270 True True True False
PassengerCar 0.00 3 -1 812.00 279.00 904.00 357.00 1.45 1.35 3.55 3.65 1.80 44.86 -1.606 0.000 0.000 -0.035 1.00 0.0000000000 0.0000000000 -0.0174524054 0.9998476952 True True True False
PassengerCar 0.00 3 -1 796.00 279.00 892.00 347.00 1.40 1.69 4.40 3.81 1.81 50.72 -1.587 0.000 0.000 -0.016 1.00 0.0000000000 0.0000000000 -0.0079600880 0.9999683180 True True True False
PassengerCar 0.00 3 -1 665.00 266.00 745.00 345.00 1.53 1.60 4.13 0.76 1.68 48.83 -1.571 0.000 0.017 0.000 1.00 0.0000000000 0.0086869526 0.0000000000 0.9999622677 True True True False
DontCare 0.00 -1 -1 328.59 283.25 362.20 324.66 -1.00 -1.00 -1.00 -1000.00 -1000.00 -1000.00 -1.000 -1.000 -1.000 -1.000 1.00 -1000.0000000000 -1000.0000000000 -1000.0000000000 -1000.0000000000 False False False False
Pedestrian 1.00 3 -1 1280.00 95.00 1280.00 547.00 1.81 0.70 0.31 3.20 1.15 9.67 -3.175 0.000 0.000 -1.604 1.00 0.0000000000 0.0000000000 -0.7188778749 0.6951363902 True False True True
Pedestrian 0.00 0 -1 1134.00 177.00 1237.00 521.00 1.63 0.53 0.40 2.52 1.23 11.30 -3.078 0.008 0.027 -1.508 1.00 0.0119014757 0.0070475484 -0.6843546811 0.7290180775 True True True False
Pedestrian 1.00 3 -1 1280.00 211.00 1280.00 347.00 1.73 0.70 0.68 11.48 1.10 30.07 0.344 0.000 0.000 1.915 1.00 0.0000000000 0.0000000000 0.8176722083 0.5756840798 True False True False
Pedestrian 1.00 3 -1 1280.00 220.00 1280.00 358.00 1.72 0.39 0.55 9.08 1.22 29.49 -1.571 0.027 0.000 0.000 1.00 0.0134260356 0.0000000000 0.0000000000 0.9999098667 True False True False
Pedestrian 1.00 3 -1 1280.00 226.00 1280.00 345.00 1.47 0.55 0.39 10.65 1.05 29.18 0.825 0.029 0.008 2.396 1.00 0.0014824222 0.0149202274 0.9311156531 0.3644157376 True False True False
Pedestrian 0.22 3 -1 1226.00 222.00 1280.00 356.00 1.83 0.71 0.59 8.27 1.30 32.41 -1.571 0.038 0.000 0.000 1.00 0.0189258206 0.0000000000 0.0000000000 0.9998208906 True False True False
Pedestrian_is_group 0.00 2 -1 996.00 251.00 1033.00 334.00 2.10 0.86 0.82 8.86 1.86 59.25 -1.473 0.010 0.000 0.098 1.00 0.0047588699 0.0002324282 0.0487823380 0.9987980690 True True True False
Pedestrian 0.00 3 -1 1127.00 172.00 1229.00 520.00 1.75 0.47 0.46 2.62 1.30 11.93 -3.029 0.000 0.000 -1.458 1.00 0.0000000000 0.0000000000 -0.6662246289 0.7457511273 True True True False
