PassengerCar 0.30 0 -1 964.00 259.00 1280.00 546.00 1.39 1.71 3.30 2.75 1.40 12.94 -1.588 0.000 0.000 -0.018 1.00 0.0000000000 0.0000000000 -0.0087992412 0.9999612859 True True True False
PassengerCar 0.00 0 -1 829.00 289.00 979.00 384.00 1.41 1.82 4.22 3.71 1.87 37.07 -1.610 0.000 0.000 -0.039 1.00 0.0000000000 0.0000000000 -0.0195810136 0.9998082736 True True True False
PassengerCar 0.00 0 -1 662.00 290.00 746.00 352.00 1.42 1.90 4.21 0.84 2.16 55.48 -1.576 0.000 -0.020 -0.005 1.00 -0.0000239713 -0.0101280187 -0.0025005798 0.9999455834 True True True False
PassengerCar 0.00 1 -1 77.00 267.00 179.00 330.00 1.54 1.65 3.92 -13.82 1.73 59.67 -4.696 0.000 0.000 -3.126 1.00 0.0000000000 0.0000000000 -0.9999680970 0.0079878004 True True True False
PassengerCar 0.00 2 -1 166.00 268.00 246.00 320.00 1.62 1.68 4.25 -14.80 1.88 74.78 -4.699 -0.004 0.000 -3.128 1.00 0.0000715201 0.0020849320 -0.9999745188 0.0068271243 True True True False
PassengerCar 0.00 1 -1 995.76 292.70 1054.45 338.14 -1.00 -1.00 -1.00 -1000.00 -1000.00 -1000.00 -1.000 -1.000 -1.000 -1.000 1.00 -1000.0000000000 -1000.0000000000 -1000.0000000000 -1000.0000000000 True True False False
PassengerCar 0.00 1 -1 964.37 294.63 1009.15 333.59 -1.00 -1.00 -1.00 -1000.00 -1000.00 -1000.00 -1.000 -1.000 -1.000 -1.000 1.00 -1000.0000000000 -1000.0000000000 -1000.0000000000 -1000.0000000000 True True False False
PassengerCar 0.00 1 -1 638.28 281.35 684.77 323.53 -1.00 -1.00 -1.00 -1000.00 -1000.00 -1000.00 -1.000 -1.000 -1.000 -1.000 1.00 -1000.0000000000 -1000.0000000000 -1000.0000000000 -1000.0000000000 True True False False
PassengerCar 0.00 1 -1 457.24 265.29 512.86 318.08 -1.00 -1.00 -1.00 -1000.00 -1000.00 -1000.00 -1.000 -1.000 -1.000 -1.000 1.00 -1000.0000000000 -1000.0000000000 -1000.0000000000 -1000.0000000000 True True False False
Pedestrian 1.00 3 -1 0.00 234.00 0.00 382.00 1.80 0.65 0.62 -10.75 1.48 28.61 1.129 0.000 0.000 2.700 1.00 0.0000000000 0.0000000000 0.9757260833 0.2189945442 True False True False
Pedestrian 1.00 3 -1 0.00 225.00 0.00 364.00 1.71 0.44 0.55 -11.40 1.27 28.83 -4.683 0.000 0.004 -3.112 1.00 0.0019465999 -0.0000288585 -0.9998882321 0.0148234034 True False True False
Pedestrian_is_group 1.00 3 -1 0.00 238.00 0.00 305.00 1.78 0.79 0.47 -19.57 1.17 61.49 -1.702 0.000 0.000 -0.132 1.00 0.0000000000 0.0000000000 -0.0657087339 0.9978388458 True False True False
Pedestrian 1.00 3 -1 1280.00 231.00 1280.00 420.00 1.71 0.34 0.55 6.49 1.45 21.33 1.488 -0.003 0.001 3.059 1.00 -0.0003769209 -0.0013140476 0.9991482236 0.0412426780 True False True False
Pedestrian 1.00 3 -1 1280.00 227.00 1280.00 431.00 2.00 0.49 0.66 7.32 1.67 23.13 1.551 0.000 0.000 3.121 1.00 0.0000000000 0.0000000000 0.9999486440 0.0101345597 True False True False
Pedestrian 1.00 3 -1 1280.00 241.00 1280.00 404.00 1.48 0.60 0.64 7.53 1.30 21.40 -1.269 0.000 0.000 0.302 1.00 0.0000000000 0.0000000000 0.1505345137 0.9886047543 True False True False
Pedestrian 1.00 3 -1 1280.00 252.00 1280.00 413.00 1.94 0.56 0.56 10.44 1.85 28.43 0.305 0.000 0.000 1.876 1.00 0.0000000000 0.0000000000 0.8063832633 0.5913932978 True False True True
Pedestrian 1.00 3 -1 1280.00 240.00 1280.00 397.00 1.85 0.58 0.46 10.67 1.61 27.62 -1.253 -0.002 -0.001 0.318 1.00 -0.0011310589 -0.0004767552 0.1581527956 0.9874138882 True True True False
Pedestrian 1.00 3 -1 1280.00 235.00 1280.00 398.00 1.98 0.58 0.41 11.21 1.67 28.52 -1.382 0.000 0.000 0.189 1.00 0.0000000000 0.0000000000 0.0944617495 0.9955284917 True False True False
Pedestrian 0.00 3 -1 1232.00 256.00 1271.00 374.00 1.42 0.36 0.35 7.08 1.36 28.12 -2.558 -0.003 0.002 -0.988 1.00 -0.0009847755 0.0018292853 -0.4740151098 0.8805142586 True True True False
Pedestrian 0.00 3 -1 1200.00 246.00 1241.00 373.00 1.58 0.43 0.46 6.92 1.40 29.04 -2.819 0.000 0.000 -1.248 1.00 0.0000000000 0.0000000000 -0.5844427119 0.8114349737 True True True False
Pedestrian 0.00 3 -1 1126.00 260.00 1168.00 378.00 1.50 0.41 0.41 6.11 1.49 29.59 -2.627 0.000 0.000 -1.056 1.00 0.0000000000 0.0000000000 -0.5038060561 0.8638167965 True True True False
Pedestrian 0.00 3 -1 1098.00 262.00 1125.00 374.00 1.50 0.28 0.28 5.98 1.52 31.28 -2.632 0.000 0.000 -1.061 1.00 0.0000000000 0.0000000000 -0.5061727785 0.8624320949 True True True False
