PassengerCar 0.47 0 -1 0.00 168.00 986.00 720.00 1.37 1.94 3.37 -1.09 1.17 6.22 -0.556 -0.012 0.024 1.015 1.00 -0.0112502495 0.0077511146 0.4860249199 0.8738381597 True True True False
PassengerCar 0.73 1 -1 1207.00 276.00 1280.00 432.00 1.44 1.72 3.85 6.89 1.60 23.56 -4.190 0.000 0.000 -2.619 1.00 0.0000000000 0.0000000000 -0.9661185552 0.2580986967 True True True False
PassengerCar 0.58 3 -1 1179.00 274.00 1280.00 411.00 1.71 0.93 2.92 8.20 1.88 30.36 0.811 0.000 0.000 2.382 1.00 0.0000000000 0.0000000000 0.9287669640 0.3706641696 True False True False
PassengerCar 0.00 3 -1 657.00 297.00 801.00 359.00 1.36 1.82 3.34 1.40 2.21 53.70 -2.112 0.000 0.000 -0.542 1.00 0.0000000000 0.0000000000 -0.2674938463 0.9635595686 True False True False
Pedestrian 0.52 0 -1 1214.00 195.00 1280.00 452.00 1.78 0.78 0.81 4.42 1.33 16.65 -2.678 0.000 0.000 -1.107 1.00 0.0000000000 0.0000000000 -0.5256223832 0.8507179969 True True True False
Pedestrian 0.00 0 -1 1059.00 229.00 1133.00 438.00 1.82 0.44 0.48 3.81 1.55 20.61 -2.187 0.000 0.000 -0.616 1.00 0.0000000000 0.0000000000 -0.3033504865 0.9528790492 True True True False
Pedestrian 0.00 0 -1 1008.00 239.00 1079.00 443.00 1.76 0.52 0.36 3.31 1.58 20.40 -2.223 0.000 0.000 -0.653 1.00 0.0000000000 0.0000000000 -0.3205595872 0.9472283521 True True True False
Pedestrian 0.00 3 -1 944.00 234.00 1034.00 447.00 1.79 0.44 0.61 2.77 1.58 19.98 -2.209 0.009 -0.013 -0.638 1.00 0.0023197174 -0.0074245423 -0.3136815217 0.9494963918 True False True False
Pedestrian 0.00 3 -1 864.00 252.00 920.00 407.00 1.64 0.53 0.45 2.41 1.55 24.90 -1.641 0.000 0.000 -0.070 1.00 0.0000000000 0.0000000000 -0.0351346552 0.9993825874 True False True False
Pedestrian 0.00 3 -1 816.00 255.00 873.00 414.00 1.68 0.53 0.50 1.89 1.63 24.81 -1.635 0.000 0.000 -0.064 1.00 0.0000000000 0.0000000000 -0.0318780566 0.9994917656 True False True False
Pedestrian 0.00 3 -1 899.00 254.00 932.00 390.00 1.86 0.44 0.32 3.42 1.77 32.01 -0.222 0.000 0.000 1.349 1.00 0.0000000000 0.0000000000 0.6246191101 0.7809295533 True False True False
Pedestrian 1.00 3 -1 1280.00 252.00 1280.00 367.00 1.87 0.61 0.49 14.37 1.74 38.38 -3.888 0.000 0.000 -2.318 1.00 0.0000000000 0.0000000000 -0.9163220069 0.4004422302 True False True True
Pedestrian 1.00 3 -1 1280.00 256.00 1280.00 369.00 1.88 0.60 0.46 13.88 1.81 38.86 -3.899 0.000 0.000 -2.328 1.00 0.0000000000 0.0000000000 -0.9184753790 0.3954781639 True False True True
Pedestrian 1.00 3 -1 1280.00 264.00 1280.00 363.00 1.70 0.47 0.39 13.76 1.76 40.04 -3.843 0.000 0.000 -2.272 1.00 0.0000000000 0.0000000000 -0.9068979571 0.4213503239 True False True True
Pedestrian_is_group 1.00 3 -1 1280.00 271.00 1280.00 366.00 1.65 0.65 0.46 13.44 1.83 40.64 -3.811 -0.007 0.009 -2.241 1.00 0.0023635955 0.0051693700 -0.9002135341 0.4354116259 True False True False
Pedestrian 0.00 3 -1 923.00 267.00 965.00 391.00 1.69 0.46 0.34 3.84 1.79 32.15 -3.821 0.000 0.000 -2.251 1.00 0.0000000000 0.0000000000 -0.9024120294 0.4308741454 True False True True
