PassengerCar 1.00 3 -1 0.00 211.00 0.00 573.00 1.42 1.81 3.65 -5.12 1.24 11.00 1.488 -0.001 -0.000 3.058 1.00 0.0000095696 -0.0007421047 0.9991347383 0.0415839376 True False True False
PassengerCar 0.86 3 -1 0.00 244.00 60.00 482.00 1.36 1.86 4.01 -5.22 1.27 15.36 1.434 -0.003 0.006 3.005 1.00 -0.0030526803 -0.0015343121 0.9976623996 0.0682500066 True False True False
PassengerCar 0.44 2 -1 0.00 243.00 143.00 425.00 1.41 1.54 3.37 -5.41 1.29 19.64 1.461 0.001 -0.008 3.032 1.00 0.0041470997 0.0002283594 0.9984787647 0.0549809587 True True True False
PassengerCar 0.00 2 -1 13.00 225.00 282.00 395.00 1.60 1.86 4.50 -5.28 1.28 24.22 1.557 0.000 0.000 3.127 1.00 0.0000000000 0.0000000000 0.9999748469 0.0070926457 True True True False
PassengerCar 0.00 2 -1 150.00 236.00 342.00 371.00 1.58 1.83 4.01 -5.26 1.32 29.47 1.535 0.005 -0.003 3.106 1.00 0.0017945730 0.0026030764 0.9998361155 0.0178254236 True True True False
PassengerCar 0.00 1 -1 295.00 261.00 443.00 347.00 1.34 1.82 4.55 -4.89 1.37 38.66 -1.562 0.006 -0.000 0.009 1.00 0.0031936280 -0.0000946371 0.0043744018 0.9999853281 True True True False
PassengerCar 0.00 2 -1 465.00 235.00 589.00 340.00 1.62 1.89 4.21 -2.24 1.24 38.17 -1.597 0.000 0.000 -0.026 1.00 0.0000000000 0.0000000000 -0.0129995635 0.9999155021 True True True False
PassengerCar 0.00 0 -1 459.00 229.00 902.00 397.00 1.65 1.93 4.27 0.10 1.37 24.25 -3.392 0.007 -0.023 -1.821 1.00 -0.0069334301 -0.0099013776 -0.7898800297 0.6131422584 True True True False
PassengerCar 0.00 2 -1 849.00 242.00 1140.00 433.00 1.44 1.86 4.25 2.64 1.32 19.70 -1.571 0.000 0.000 0.000 1.00 0.0000000000 0.0000000000 0.0000000000 1.0000000000 True True True False
PassengerCar 0.20 0 -1 916.00 226.00 1280.00 485.00 1.41 1.90 4.53 2.87 1.30 15.04 -1.598 -0.013 -0.028 -0.027 1.00 -0.0065755113 -0.0140299283 -0.0135576261 0.9997880348 True True True False
PassengerCar 0.00 3 -1 807.00 253.00 905.00 335.00 1.48 1.61 2.80 3.53 1.36 43.81 -1.578 0.000 0.000 -0.007 1.00 0.0000000000 0.0000000000 -0.0035281394 0.9999937761 True False True False
PassengerCar 0.00 2 -1 374.00 249.00 539.00 338.00 1.57 1.36 2.66 -3.81 1.38 42.13 -2.752 0.000 0.000 -1.181 1.00 0.0000000000 0.0000000000 -0.5569586421 0.8305402284 True True True False
Vehicle 0.00 3 -1 880.00 246.00 1065.00 373.00 1.51 1.81 4.21 3.84 1.36 29.87 -1.571 0.000 0.000 0.000 1.00 0.0000000000 0.0000000000 0.0000000000 1.0000000000 False False True True
