PassengerCar 0.90 0 -1 0.00 88.00 215.00 720.00 1.60 1.78 4.32 -2.50 1.32 6.31 -1.599 0.018 0.001 -0.028 1.00 0.0092259542 0.0001313435 -0.0142342614 0.9998561148 True True True False
PassengerCar 0.15 0 -1 0.00 249.00 418.00 555.00 1.41 1.87 3.86 -2.51 1.38 12.70 -1.571 0.000 0.000 0.000 1.00 0.0000000000 0.0000000000 0.0000000000 1.0000000000 True True True False
PassengerCar 0.00 2 -1 196.00 258.00 487.00 466.00 1.47 1.80 2.84 -2.42 1.45 17.86 -1.558 0.000 0.008 0.013 1.00 0.0000288321 0.0042110112 0.0063484949 0.9999709812 True True True False
PassengerCar 0.00 1 -1 295.00 214.00 559.00 429.00 1.85 1.94 4.59 -2.17 1.47 22.27 -1.543 0.000 0.000 0.028 1.00 0.0000000000 0.0000000000 0.0140008311 0.9999019836 True True True False
PassengerCar 0.00 3 -1 409.00 271.00 579.00 404.00 1.47 1.79 3.84 -2.01 1.61 27.94 -1.583 0.000 0.007 -0.013 1.00 0.0000210161 0.0033168810 -0.0063359455 0.9999744265 True True True False
PassengerCar 0.00 3 -1 459.00 271.00 605.00 376.00 1.38 1.87 3.82 -1.88 1.55 33.29 -1.571 0.000 0.010 0.000 1.00 0.0000000000 0.0051950794 0.0000000000 0.9999865055 True True True False
PassengerCar 0.00 2 -1 455.00 241.00 590.00 361.00 1.86 1.96 4.30 -2.32 1.57 38.25 -1.571 0.000 0.000 0.000 1.00 0.0000000000 0.0000000000 0.0000000000 1.0000000000 True True True False
PassengerCar 0.00 3 -1 530.00 278.00 625.00 358.00 1.55 1.84 3.82 -1.79 1.91 47.09 -1.600 0.000 0.000 -0.029 1.00 0.0000000000 0.0000000000 -0.0145238117 0.9998945239 True True True False
PassengerCar_is_group 0.00 2 -1 547.00 271.00 637.00 346.00 1.61 1.91 4.26 -1.67 1.87 52.89 -1.573 0.000 0.008 -0.002 1.00 0.0000048720 0.0039825338 -0.0012233424 0.9999913214 True True True False
PassengerCar 0.00 2 -1 605.31 256.80 662.10 323.24 -1.00 -1.00 -1.00 -1000.00 -1000.00 -1000.00 -1.000 -1.000 -1.000 -1.000 1.00 -1000.0000000000 -1000.0000000000 -1000.0000000000 -1000.0000000000 True True False False
PassengerCar 0.00 2 -1 698.88 280.69 737.96 313.77 -1.00 -1.00 -1.00 -1000.00 -1000.00 -1000.00 -1.000 -1.000 -1.000 -1.000 1.00 -1000.0000000000 -1000.0000000000 -1000.0000000000 -1000.0000000000 True True False False
PassengerCar 0.00 2 -1 743.17 276.50 772.73 314.86 -1.00 -1.00 -1.00 -1000.00 -1000.00 -1000.00 -1.000 -1.000 -1.000 -1.000 1.00 -1000.0000000000 -1000.0000000000 -1000.0000000000 -1000.0000000000 True True False False
PassengerCar 0.94 3 -1 1213.00 189.00 1280.00 720.00 1.51 1.95 3.85 3.30 1.32 8.23 -1.529 -0.009 0.008 0.041 1.00 -0.0045116912 0.0040731829 0.0207608917 0.9997659922 True False True False
PassengerCar 0.67 1 -1 1088.00 244.00 1280.00 558.00 1.41 1.83 4.09 3.63 1.39 12.73 -1.585 -0.020 -0.010 -0.015 1.00 -0.0099091445 -0.0050626714 -0.0073624282 0.9999109825 True True True False
PassengerCar 0.40 2 -1 956.00 270.00 1280.00 497.00 1.50 1.85 4.20 4.26 1.57 17.39 -0.727 -0.003 0.003 0.844 1.00 -0.0017952020 0.0008057507 0.4094801944 0.9123168849 True False True False
PassengerCar 0.00 2 -1 919.00 272.00 1210.00 449.00 1.50 1.84 3.88 3.61 1.62 21.75 -1.633 0.000 0.000 -0.062 1.00 0.0000000000 0.0000000000 -0.0310273626 0.9995185355 True True True False
PassengerCar 0.00 2 -1 892.00 280.00 1090.00 425.00 1.50 1.71 3.85 3.54 1.71 25.93 -1.559 0.000 0.000 0.012 1.00 0.0000000000 0.0000000000 0.0058038719 0.9999831574 True True True False
PassengerCar 0.00 1 -1 848.00 250.00 1045.00 402.00 1.89 1.96 4.31 3.65 1.77 31.10 -1.609 0.000 0.000 -0.038 1.00 0.0000000000 0.0000000000 -0.0189766883 0.9998199264 True True True False
PassengerCar 0.00 3 -1 829.00 279.00 974.00 381.00 1.52 1.88 3.88 3.62 1.80 36.48 -1.571 0.000 0.000 0.000 1.00 0.0000000000 0.0000000000 0.0000000000 1.0000000000 True True True False
PassengerCar 0.00 3 -1 816.00 283.00 943.00 373.00 1.52 1.81 3.84 3.74 1.92 41.43 -1.596 0.000 0.000 -0.025 1.00 0.0000000000 0.0000000000 -0.0124633734 0.9999223291 True True True False
PassengerCar 0.00 3 -1 809.00 279.00 894.00 355.00 1.55 1.63 3.83 3.92 1.96 49.88 -1.538 0.000 0.000 0.033 1.00 0.0000000000 0.0000000000 0.0164561145 0.9998645890 True True True False
PassengerCar 0.00 2 -1 773.00 275.00 862.00 332.00 1.51 1.87 3.83 4.07 1.91 63.46 -1.656 0.000 0.000 -0.085 1.00 0.0000000000 0.0000000000 -0.0424304476 0.9990994230 True True True False
PassengerCar 0.00 2 -1 797.61 264.45 879.33 348.81 -1.00 -1.00 -1.00 -1000.00 -1000.00 -1000.00 -1.000 -1.000 -1.000 -1.000 1.00 -1000.0000000000 -1000.0000000000 -1000.0000000000 -1000.0000000000 True True False False
PassengerCar 0.00 2 -1 788.78 277.19 844.38 336.89 -1.00 -1.00 -1.00 -1000.00 -1000.00 -1000.00 -1.000 -1.000 -1.000 -1.000 1.00 -1000.0000000000 -1000.0000000000 -1000.0000000000 -1000.0000000000 True True False False
PassengerCar 0.00 2 -1 770.49 260.13 823.58 317.26 -1.00 -1.00 -1.00 -1000.00 -1000.00 -1000.00 -1.000 -1.000 -1.000 -1.000 1.00 -1000.0000000000 -1000.0000000000 -1000.0000000000 -1000.0000000000 True True False False
PassengerCar 0.00 2 -1 762.09 277.34 798.10 320.22 -1.00 -1.00 -1.00 -1000.00 -1000.00 -1000.00 -1.000 -1.000 -1.000 -1.000 1.00 -1000.0000000000 -1000.0000000000 -1000.0000000000 -1000.0000000000 True True False False
PassengerCar 0.00 3 -1 754.93 268.53 797.54 319.94 -1.00 -1.00 -1.00 -1000.00 -1000.00 -1000.00 -1.000 -1.000 -1.000 -1.000 1.00 -1000.0000000000 -1000.0000000000 -1000.0000000000 -1000.0000000000 True True False False
Obstacle 0.00 3 -1 1117.00 258.00 1162.00 379.00 1.53 0.49 0.37 6.01 1.50 29.56 -4.693 -0.000 -0.021 -3.123 1.00 -0.0106164609 0.0001003120 -0.9998990058 0.0094476903 True False True False
Obstacle 0.00 3 -1 1164.00 256.00 1216.00 380.00 1.61 0.59 0.63 6.88 1.55 30.57 -4.627 0.000 0.000 -3.057 1.00 0.0000000000 0.0000000000 -0.9990982266 0.0424586115 True False True False
Pedestrian 0.00 2 -1 104.00 211.00 188.00 463.00 1.74 0.51 0.34 -3.64 1.40 16.23 -1.571 0.000 0.000 0.000 1.00 0.0000000000 0.0000000000 0.0000000000 1.0000000000 True True True False
Pedestrian 0.06 3 -1 646.00 266.00 669.00 325.00 1.92 0.58 0.71 -0.32 2.08 75.68 0.021 0.000 0.000 1.592 1.00 0.0000000000 0.0000000000 0.7145592398 0.6995749373 True True False False
Pedestrian 0.05 3 -1 667.00 265.00 694.00 325.00 1.91 0.82 0.83 0.43 2.05 74.84 0.016 0.000 0.000 1.587 1.00 0.0000000000 0.0000000000 0.7128685693 0.7012976564 True True True False
Pedestrian 0.06 3 -1 685.00 265.00 708.00 324.00 1.93 0.54 0.74 0.96 2.07 75.69 0.022 0.000 0.000 1.593 1.00 0.0000000000 0.0000000000 0.7148546940 0.6992730271 True True False False
Pedestrian 0.00 1 -1 730.16 271.89 744.80 313.82 -1.00 -1.00 -1.00 -1000.00 -1000.00 -1000.00 -1.000 -1.000 -1.000 -1.000 1.00 -1000.0000000000 -1000.0000000000 -1000.0000000000 -1000.0000000000 True True False False
Pedestrian 0.06 0 -1 717.00 268.00 740.00 325.00 1.82 0.52 0.74 1.98 2.07 74.94 0.030 0.000 0.000 1.601 1.00 0.0000000000 0.0000000000 0.7177219787 0.6963297791 True True True False
