PassengerCar 0.85 1 -1 1158.00 250.00 1280.00 553.00 1.03 1.78 4.22 3.48 1.01 10.02 -1.582 0.000 0.000 -0.011 1.00 0.0000000000 0.0000000000 -0.0057010152 0.9999837491 True True True False
PassengerCar 0.31 1 -1 998.00 273.00 1280.00 513.00 1.41 1.84 3.59 3.51 1.52 15.94 -1.595 0.027 0.001 -0.025 1.00 0.0135215125 0.0001659605 -0.0122717653 0.9998332586 True True True False
PassengerCar 0.00 1 -1 840.00 259.00 1109.00 456.00 1.63 1.89 4.20 2.72 1.65 21.45 -1.577 0.006 -0.009 -0.006 1.00 0.0030807118 -0.0045052806 -0.0032035977 0.9999799741 True True True False
PassengerCar_is_group 0.00 2 -1 822.00 281.00 1002.00 432.00 1.62 1.83 4.02 2.89 1.91 28.22 -1.541 0.028 0.004 0.030 1.00 0.0142131380 0.0021656079 0.0147922197 0.9997872209 True True True False
PassengerCar 0.00 1 -1 785.00 299.00 927.00 396.00 1.50 1.82 4.05 3.10 2.16 38.89 -1.633 0.000 0.000 -0.063 1.00 0.0000000000 0.0000000000 -0.0313053572 0.9995098672 True True True False
PassengerCar_is_group 0.00 1 -1 764.00 299.00 880.00 388.00 1.54 1.83 3.08 2.80 2.27 42.71 -1.603 0.000 0.000 -0.032 1.00 0.0000000000 0.0000000000 -0.0160639628 0.9998709662 True True True False
PassengerCar 0.00 1 -1 726.00 302.00 824.00 382.00 1.64 1.86 4.28 2.35 2.60 51.63 -1.602 0.000 0.000 -0.031 1.00 0.0000000000 0.0000000000 -0.0154070111 0.9998813050 True True True False
PassengerCar 0.00 1 -1 705.00 306.00 788.00 370.00 1.49 1.81 4.28 1.94 2.66 58.00 -1.594 -0.001 -0.000 -0.023 1.00 -0.0003356831 -0.0000038585 -0.0114937230 0.9999338886 True True True False
PassengerCar_is_group 0.00 1 -1 687.00 308.00 766.00 364.00 1.45 1.85 4.29 1.65 2.83 65.58 -1.634 0.000 0.000 -0.064 1.00 0.0000000000 0.0000000000 -0.0317663640 0.9994953217 True True True False
PassengerCar 0.00 1 -1 676.00 301.00 734.00 355.00 1.66 1.82 4.21 1.19 2.99 75.28 -1.571 0.000 0.000 0.000 1.00 0.0000000000 0.0000000000 0.0000000000 1.0000000000 True True True False
PassengerCar 1.00 3 -1 0.00 262.00 0.00 675.00 1.18 1.89 3.89 -4.77 1.20 8.40 -2.654 0.000 0.000 -1.083 1.00 0.0000000000 0.0000000000 -0.5153147489 0.8570009974 True False True False
PassengerCar 1.00 3 -1 0.00 280.00 0.00 587.00 1.27 1.80 4.19 -5.56 1.36 11.41 -2.622 0.000 0.000 -1.051 1.00 0.0000000000 0.0000000000 -0.5018251245 0.8649691003 True False True False
PassengerCar 0.81 2 -1 0.00 295.00 126.00 524.00 1.27 1.52 4.20 -5.56 1.50 14.71 -2.646 0.005 -0.001 -1.075 1.00 0.0019054795 -0.0014800871 -0.5121681089 0.8588818351 True True True False
PassengerCar 0.00 3 -1 98.00 314.00 322.00 448.00 1.20 1.29 1.69 -4.36 1.73 22.21 -2.821 0.000 0.000 -1.250 1.00 0.0000000000 0.0000000000 -0.5852006372 0.8108885338 True True True False
PassengerCar 0.00 2 -1 131.00 301.00 387.00 432.00 1.32 1.29 2.31 -4.27 1.74 24.41 -2.827 0.003 -0.008 -1.256 1.00 -0.0013196849 -0.0041109924 -0.5876273820 0.8091201506 True True True False
PassengerCar 0.00 2 -1 189.00 303.00 428.00 411.00 1.33 1.35 2.85 -4.71 1.91 30.45 -2.638 0.010 -0.000 -1.068 1.00 0.0044283783 -0.0026750556 -0.5088180681 0.8608585291 True True True False
PassengerCar 0.00 2 -1 313.00 309.00 471.00 384.00 1.38 1.28 2.82 -5.35 2.34 45.06 -2.675 -0.000 -0.000 -1.104 1.00 -0.0001389742 -0.0000855873 -0.5243837960 0.8514820068 True True True False
PassengerCar_is_group 0.00 2 -1 396.00 302.00 547.00 358.00 1.57 1.94 4.26 -6.14 2.95 72.94 -2.835 0.011 0.049 -1.265 1.00 0.0186902146 0.0163880518 -0.5909439970 0.8063295232 True True True False
PassengerCar 0.00 1 -1 516.31 297.91 587.12 345.60 -1.00 -1.00 -1.00 -1000.00 -1000.00 -1000.00 -1.000 -1.000 -1.000 -1.000 1.00 -1000.0000000000 -1000.0000000000 -1000.0000000000 -1000.0000000000 True True False False
PassengerCar 0.00 3 -1 800.00 292.00 966.00 412.00 1.54 1.81 4.02 2.96 2.00 32.55 -1.607 0.000 0.000 -0.036 1.00 0.0000000000 0.0000000000 -0.0179654235 0.9998386088 True True True False
PassengerCar 0.98 3 -1 1205.00 87.00 1280.00 720.00 1.50 1.88 3.81 2.71 1.28 5.34 -1.619 0.011 -0.011 -0.048 1.00 0.0054168823 -0.0055400012 -0.0241568253 0.9996781550 True False True False
PassengerCar 0.00 0 -1 727.00 305.00 828.00 380.00 1.38 1.68 3.90 2.15 2.29 46.30 -1.609 0.000 0.000 -0.038 1.00 0.0000000000 0.0000000000 -0.0189867004 0.9998197364 False False False False
Pedestrian 0.00 0 -1 597.47 301.21 641.01 341.07 -1.00 -1.00 -1.00 -1000.00 -1000.00 -1000.00 -1.000 -1.000 -1.000 -1.000 1.00 -1000.0000000000 -1000.0000000000 -1000.0000000000 -1000.0000000000 True True False False
Pedestrian 0.00 0 -1 691.45 301.98 704.20 334.65 -1.00 -1.00 -1.00 -1000.00 -1000.00 -1000.00 -1.000 -1.000 -1.000 -1.000 1.00 -1000.0000000000 -1000.0000000000 -1000.0000000000 -1000.0000000000 True True False False
