PassengerCar 0.69 0 -1 0.00 272.00 85.00 446.00 1.41 1.84 4.22 -6.63 1.59 21.88 1.403 -0.043 -0.019 2.974 1.00 0.0078256794 -0.0223652640 0.9961970771 0.0838447209 True True True True
PassengerCar 0.00 0 -1 420.00 304.00 493.00 355.00 1.51 2.09 4.26 -6.62 2.88 72.46 -1.702 -0.008 -0.013 -0.131 1.00 -0.0045605315 -0.0063420936 -0.0656717297 0.9978107052 True True True False
PassengerCar 0.66 0 -1 1208.00 324.00 1280.00 466.00 1.53 1.87 4.23 7.49 2.28 27.30 -1.424 0.000 -0.022 0.147 1.00 0.0010128897 -0.0108434258 0.0735628165 0.9972311198 True True True False
PassengerCar 0.00 0 -1 1116.00 319.00 1257.00 425.00 1.48 1.73 3.44 7.99 2.42 35.96 -1.470 -0.006 0.000 0.100 1.00 -0.0029212915 -0.0001468662 0.0502107860 0.9987343598 True True True False
PassengerCar 0.00 2 -1 1079.00 321.00 1224.00 410.00 1.41 1.73 4.22 8.52 2.52 41.20 -1.563 0.000 0.000 0.008 1.00 0.0000000000 0.0000000000 0.0039229389 0.9999923052 True True True False
PassengerCar 0.00 0 -1 919.00 317.00 1044.00 383.00 1.52 1.97 3.97 7.87 2.98 58.54 -1.750 0.008 -0.002 -0.179 1.00 0.0037329994 -0.0014405642 -0.0895709280 0.9959724084 True True True False
PassengerCar 0.00 2 -1 899.00 313.00 975.00 374.00 1.53 1.88 4.16 7.45 3.05 64.45 -1.511 0.008 0.008 0.059 1.00 0.0039005731 0.0041441006 0.0296792016 0.9995432742 True True True False
PassengerCar 0.00 3 -1 885.00 318.00 954.00 371.00 1.45 1.87 3.97 7.60 3.25 70.23 -1.509 0.002 0.005 0.062 1.00 0.0008895413 0.0025017529 0.0308602424 0.9995201826 True True True False
PassengerCar 0.00 3 -1 868.00 320.00 926.00 367.00 1.47 1.78 4.22 7.49 3.42 76.00 -1.499 0.003 -0.016 0.072 1.00 0.0015557775 -0.0079245295 0.0358146526 0.9993258188 True True True False
PassengerCar 0.00 2 -1 469.03 296.22 521.34 343.92 -1.00 -1.00 -1.00 -1000.00 -1000.00 -1000.00 -1.000 -1.000 -1.000 -1.000 1.00 -1000.0000000000 -1000.0000000000 -1000.0000000000 -1000.0000000000 True True False False
PassengerCar 0.00 2 -1 544.04 303.30 586.95 340.01 -1.00 -1.00 -1.00 -1000.00 -1000.00 -1000.00 -1.000 -1.000 -1.000 -1.000 1.00 -1000.0000000000 -1000.0000000000 -1000.0000000000 -1000.0000000000 True True False False
PassengerCar 0.00 0 -1 833.48 314.85 880.47 355.63 -1.00 -1.00 -1.00 -1000.00 -1000.00 -1000.00 -1.000 -1.000 -1.000 -1.000 1.00 -1000.0000000000 -1000.0000000000 -1000.0000000000 -1000.0000000000 True True False False
PassengerCar 1.00 3 -1 0.00 278.00 0.00 335.00 1.50 1.98 4.20 -22.86 2.01 65.09 1.256 -0.035 -0.011 2.826 1.00 0.0028885381 -0.0181690538 0.9874299672 0.1569828071 True True True False
PassengerCar 0.00 0 -1 760.35 309.30 814.92 354.25 -1.00 -1.00 -1.00 -1000.00 -1000.00 -1000.00 -1.000 -1.000 -1.000 -1.000 1.00 -1000.0000000000 -1000.0000000000 -1000.0000000000 -1000.0000000000 True True False False
PassengerCar 0.00 0 -1 555.83 301.49 613.82 348.67 -1.00 -1.00 -1.00 -1000.00 -1000.00 -1000.00 -1.000 -1.000 -1.000 -1.000 1.00 -1000.0000000000 -1000.0000000000 -1000.0000000000 -1000.0000000000 True True False False
DontCare 0.06 -1 -1 1142.00 300.00 1165.00 353.00 1.50 0.54 0.70 14.04 2.64 67.08 -4.635 0.000 0.000 -3.064 1.00 0.0000000000 0.0000000000 -0.9992537762 0.0386250006 False False False False
DontCare 0.00 -1 -1 1154.00 297.00 1231.00 365.00 1.72 1.13 2.57 13.78 2.70 61.02 1.427 0.000 0.000 2.998 1.00 0.0000000000 0.0000000000 0.9974224156 0.0717532215 False False False False
Pedestrian 1.00 3 -1 1280.00 299.00 1280.00 422.00 1.69 0.62 0.44 11.57 2.22 32.32 -4.445 -0.003 -0.012 -2.875 1.00 -0.0063557978 0.0008537329 -0.9910784887 0.1331251447 True False True False
Pedestrian 1.00 3 -1 1280.00 290.00 1280.00 425.00 1.85 0.55 0.57 12.38 2.26 32.25 -4.459 0.000 0.000 -2.888 1.00 0.0000000000 0.0000000000 -0.9919965285 0.1262651477 True False True False
Pedestrian 0.00 0 -1 1050.74 306.39 1066.12 348.89 -1.00 -1.00 -1.00 -1000.00 -1000.00 -1000.00 -1.000 -1.000 -1.000 -1.000 1.00 -1000.0000000000 -1000.0000000000 -1000.0000000000 -1000.0000000000 True True False True
Pedestrian 0.00 1 -1 1231.00 298.00 1257.00 374.00 1.62 0.46 0.46 12.43 2.43 50.08 -4.645 0.000 0.000 -3.074 1.00 0.0000000000 0.0000000000 -0.9994301911 0.0337534154 True True True True
Pedestrian 0.05 2 -1 1254.00 300.00 1277.00 376.00 1.62 0.39 0.37 12.92 2.48 50.15 -4.693 0.000 0.000 -3.122 1.00 0.0000000000 0.0000000000 -0.9999520570 0.0097920205 True True True True
Pedestrian 0.61 3 -1 1270.00 300.00 1280.00 366.00 1.43 0.42 0.41 13.40 2.29 50.64 -4.631 0.000 0.000 -3.060 1.00 0.0000000000 0.0000000000 -0.9991691462 0.0407555800 True False True True
Pedestrian 1.00 3 -1 1280.00 299.00 1280.00 371.00 1.56 0.52 0.48 13.92 2.42 51.24 1.517 0.000 0.000 3.088 1.00 0.0000000000 0.0000000000 0.9996363684 0.0269653650 True False True True
Pedestrian_is_group 0.00 2 -1 1201.00 303.00 1235.00 373.00 1.69 0.69 0.57 13.33 2.70 56.27 -4.704 0.000 0.000 -3.134 1.00 0.0000000000 0.0000000000 -0.9999920683 0.0039828800 True True True False
Pedestrian_is_group 0.00 2 -1 1106.00 302.00 1140.00 370.00 1.64 0.64 0.48 11.11 2.64 56.58 -0.819 -0.001 -0.001 0.752 1.00 -0.0003873999 -0.0007944946 0.3673369101 0.9300875299 True True True False
