PassengerCar 0.00 0 -1 629.00 286.00 743.00 365.00 1.28 1.93 4.26 0.33 1.81 42.55 -1.572 0.048 -0.015 -0.001 1.00 0.0238747060 -0.0076604864 -0.0001829494 0.9996855915 True True True False
PassengerCar 0.00 0 -1 781.00 275.00 888.00 355.00 1.39 1.66 4.21 3.09 1.69 43.51 -1.571 0.020 -0.005 -0.000 1.00 0.0099143214 -0.0024738992 -0.0000245283 0.9999477914 True True True False
PassengerCar 1.00 3 -1 1280.00 254.00 1280.00 475.00 1.51 2.00 4.18 8.82 1.46 18.28 -1.973 0.006 0.013 -0.403 1.00 0.0040020928 0.0057023033 -0.2000044398 0.9797702236 True False True False
PassengerCar 0.00 1 -1 750.00 269.00 829.00 338.00 1.65 1.71 4.26 2.99 1.86 57.45 -1.571 0.000 0.000 0.000 1.00 0.0000000000 0.0000000000 0.0000000000 1.0000000000 True True True False
PassengerCar 0.00 1 -1 881.00 251.00 975.00 325.00 1.82 1.57 3.98 6.59 1.60 59.00 -1.673 0.000 0.000 -0.102 1.00 0.0000000000 0.0000000000 -0.0508818467 0.9987046799 True True True False
PassengerCar 0.00 2 -1 855.00 255.00 948.00 324.00 1.86 1.83 4.27 6.48 1.72 64.61 -1.652 0.000 0.000 -0.081 1.00 0.0000000000 0.0000000000 -0.0405683358 0.9991767662 True True True False
PassengerCar 0.00 2 -1 820.00 250.00 899.00 318.00 2.06 2.12 4.24 5.97 1.76 72.62 -1.571 0.000 0.000 0.000 1.00 0.0000000000 0.0000000000 0.0000000000 1.0000000000 True True True False
PassengerCar 0.00 3 -1 778.83 260.32 836.17 310.83 -1.00 -1.00 -1.00 -1000.00 -1000.00 -1000.00 -1.000 -1.000 -1.000 -1.000 1.00 -1000.0000000000 -1000.0000000000 -1000.0000000000 -1000.0000000000 True True False False
PassengerCar 0.00 1 -1 696.83 268.09 749.53 317.43 -1.00 -1.00 -1.00 -1000.00 -1000.00 -1000.00 -1.000 -1.000 -1.000 -1.000 1.00 -1000.0000000000 -1000.0000000000 -1000.0000000000 -1000.0000000000 True True False False
PassengerCar 0.00 1 -1 577.04 268.23 623.06 304.35 -1.00 -1.00 -1.00 -1000.00 -1000.00 -1000.00 -1.000 -1.000 -1.000 -1.000 1.00 -1000.0000000000 -1000.0000000000 -1000.0000000000 -1000.0000000000 True True False False
PassengerCar 0.00 2 -1 321.97 281.01 369.90 315.17 -1.00 -1.00 -1.00 -1000.00 -1000.00 -1000.00 -1.000 -1.000 -1.000 -1.000 1.00 -1000.0000000000 -1000.0000000000 -1000.0000000000 -1000.0000000000 True True False False
PassengerCar 0.00 3 -1 314.32 277.93 351.66 308.88 -1.00 -1.00 -1.00 -1000.00 -1000.00 -1000.00 -1.000 -1.000 -1.000 -1.000 1.00 -1000.0000000000 -1000.0000000000 -1000.0000000000 -1000.0000000000 True True False False
PassengerCar 0.00 2 -1 332.51 265.90 375.77 311.14 -1.00 -1.00 -1.00 -1000.00 -1000.00 -1000.00 -1.000 -1.000 -1.000 -1.000 1.00 -1000.0000000000 -1000.0000000000 -1000.0000000000 -1000.0000000000 True True False False
Pedestrian 0.00 0 -1 381.00 216.00 444.00 462.00 1.76 0.54 0.39 -1.86 1.45 16.96 0.019 0.002 -0.000 1.590 1.00 0.0007207266 0.0007073472 0.7136999038 0.7004508744 True True True False
Pedestrian 0.00 1 -1 402.00 230.00 464.00 459.00 1.69 0.50 0.37 -1.75 1.46 17.41 0.095 0.000 0.000 1.666 1.00 0.0000000000 0.0000000000 0.7399087642 0.6727072326 True True True False
Pedestrian 0.00 1 -1 427.00 212.00 482.00 450.00 1.83 0.42 0.39 -1.66 1.46 18.13 -0.006 0.000 0.000 1.565 1.00 0.0000000000 0.0000000000 0.7049118854 0.7092948850 True True True False
Pedestrian 0.00 2 -1 447.00 226.00 499.00 426.00 1.65 0.33 0.38 -1.62 1.36 19.33 0.027 -0.007 0.000 1.598 1.00 -0.0023328355 -0.0022696779 0.7167386772 0.6973342635 True True True False
Pedestrian 0.05 0 -1 1047.00 243.00 1071.00 315.00 2.10 0.65 0.35 11.49 1.59 68.15 -1.571 0.000 0.000 0.000 1.00 0.0000000000 0.0000000000 0.0000000000 1.0000000000 True True True False
Pedestrian 0.00 0 -1 1025.00 242.00 1054.00 314.00 2.09 0.75 0.45 10.87 1.56 67.81 -1.554 0.004 -0.000 0.016 1.00 0.0020829411 -0.0000426677 0.0081725080 0.9999644342 True True True False
Pedestrian 0.00 3 -1 65.00 274.00 96.00 356.00 1.79 0.53 0.52 -12.86 2.08 50.91 -1.541 0.000 0.000 0.030 1.00 0.0000000000 0.0000000000 0.0147765514 0.9998908208 True False True False
Pedestrian 0.00 0 -1 88.00 268.00 121.00 356.00 1.74 0.34 0.55 -11.16 1.88 46.05 -0.627 0.000 0.000 0.944 1.00 0.0000000000 0.0000000000 0.4547548668 0.8906166465 True True True False
Pedestrian 0.00 1 -1 106.00 266.00 138.00 360.00 1.88 0.53 0.47 -10.99 2.00 46.80 1.544 -0.001 -0.000 3.115 1.00 0.0000053768 -0.0003338225 0.9999100394 0.0134090162 True True True False
Pedestrian 0.07 3 -1 246.00 262.00 264.00 310.00 1.56 0.52 0.51 -13.47 1.60 75.89 1.569 0.000 0.000 3.140 1.00 0.0000000000 0.0000000000 0.9999996798 0.0008002798 True False True True
Pedestrian 0.00 1 -1 149.68 262.47 201.74 325.90 -1.00 -1.00 -1.00 -1000.00 -1000.00 -1000.00 -1.000 -1.000 -1.000 -1.000 1.00 -1000.0000000000 -1000.0000000000 -1000.0000000000 -1000.0000000000 True True False False
