PassengerCar 1.00 3 -1 1280.00 232.00 1280.00 720.00 1.32 1.94 4.25 3.49 1.27 6.00 -1.558 0.007 0.008 0.013 1.00 0.0037049831 0.0041007997 0.0062745766 0.9999650425 True False True False
PassengerCar 0.73 1 -1 1118.00 239.00 1280.00 576.00 1.44 1.80 3.81 3.63 1.34 11.91 -1.593 0.008 0.011 -0.022 1.00 0.0040650924 0.0056082233 -0.0108854402 0.9999167616 True True True False
PassengerCar 0.29 2 -1 1010.00 219.00 1280.00 476.00 1.66 1.81 4.15 3.74 1.40 17.06 -1.571 0.000 0.000 0.000 1.00 0.0000000000 0.0000000000 0.0000000000 1.0000000000 True True True False
PassengerCar 0.00 2 -1 949.00 265.00 1221.00 441.00 1.42 1.80 4.20 3.87 1.51 22.19 -1.571 -0.027 0.019 0.000 1.00 -0.0134902830 0.0096235200 0.0001298418 0.9998626822 True True True False
PassengerCar 0.00 2 -1 919.00 277.00 1095.00 398.00 1.50 1.80 4.15 4.57 1.75 31.78 -1.571 0.000 0.010 0.000 1.00 0.0000000000 0.0050757869 0.0000000000 0.9999871181 True True True False
PassengerCar 0.00 2 -1 892.00 280.00 1028.00 377.00 1.48 1.80 3.89 4.68 1.80 37.59 -1.548 0.000 0.000 0.023 1.00 0.0000000000 0.0000000000 0.0114158166 0.9999348374 True True True False
PassengerCar 0.00 2 -1 873.00 253.00 999.00 369.00 1.98 1.80 4.20 4.87 1.86 42.52 -1.571 -0.016 0.013 0.000 1.00 -0.0078726601 0.0062788629 0.0000494339 0.9999492960 True True True False
PassengerCar 0.17 0 -1 0.00 292.00 193.00 433.00 1.38 1.55 3.72 -6.31 1.74 25.22 1.569 0.007 0.000 3.140 1.00 -0.0000033481 0.0033744226 0.9999938145 0.0009920443 True True True False
PassengerCar 0.00 2 -1 74.00 287.00 292.00 411.00 1.41 1.80 4.05 -6.26 1.81 30.46 -4.663 0.025 0.011 -3.093 1.00 0.0056892959 -0.0124929218 -0.9996069823 0.0244425826 True True True False
PassengerCar 0.00 2 -1 174.00 288.00 347.00 390.00 1.40 1.80 3.83 -6.04 1.84 34.89 -4.682 0.015 0.001 -3.111 1.00 0.0006104630 -0.0073081910 -0.9998558782 0.0153114483 True True True False
PassengerCar 0.00 2 -1 249.00 279.00 387.00 379.00 1.61 1.83 3.77 -5.92 1.93 39.75 1.560 0.004 -0.000 3.131 1.00 0.0002457788 0.0021622046 0.9999833357 0.0053472158 True True True False
PassengerCar 0.00 3 -1 295.00 289.00 416.00 371.00 1.41 1.80 3.71 -5.85 1.98 43.97 1.556 0.021 0.006 3.127 1.00 -0.0027480610 0.0104653207 0.9999144650 0.0073476427 True True True False
PassengerCar 0.00 1 -1 349.00 269.00 458.00 364.00 1.82 1.80 4.41 -5.55 2.05 49.39 1.554 0.042 0.010 3.125 1.00 -0.0047106280 0.0211791865 0.9997303467 0.0082756286 True True True False
PassengerCar 0.00 3 -1 869.00 287.00 979.00 359.00 1.40 1.81 3.93 5.21 1.94 47.49 -1.571 0.000 0.000 0.000 1.00 0.0000000000 0.0000000000 0.0000000000 1.0000000000 True True True False
