PassengerCar 0.99 0 -1 1273.00 316.00 1280.00 466.00 1.35 1.85 3.80 8.08 1.91 22.56 -3.333 0.009 -0.033 -1.762 1.00 -0.0097365506 -0.0137486403 -0.7713065101 0.6362408679 True False True False
DontCare 1.00 3 -1 0.00 254.00 0.00 377.00 1.80 0.65 0.63 -13.70 1.70 34.14 1.491 0.000 0.000 3.062 1.00 0.0000000000 0.0000000000 0.9992070179 0.0398162705 False False False False
Pedestrian 0.00 0 -1 777.00 256.00 830.00 413.00 1.68 0.55 0.41 1.47 1.63 25.00 -4.585 0.000 0.000 -3.014 1.00 0.0000000000 0.0000000000 -0.9979661142 0.0637466457 True True True False
Pedestrian 0.00 0 -1 688.00 266.00 764.00 442.00 1.71 0.60 0.71 0.58 1.76 22.91 -0.033 0.000 0.000 1.537 1.00 0.0000000000 0.0000000000 0.6952103235 0.7188063759 True True True False
Pedestrian 0.00 1 -1 674.00 246.00 737.00 425.00 1.82 0.39 0.63 0.39 1.67 23.77 -3.146 0.000 0.000 -1.575 1.00 0.0000000000 0.0000000000 -0.7085562973 0.7056542876 True True True False
Pedestrian 0.00 0 -1 591.00 280.00 693.00 455.00 1.60 0.50 0.93 -0.23 1.78 21.47 -0.008 0.000 0.000 1.563 1.00 0.0000000000 0.0000000000 0.7042599890 0.7099421581 True True True False
Pedestrian 0.00 2 -1 587.00 260.00 646.00 445.00 1.74 0.68 0.56 -0.48 1.75 22.30 -0.015 0.000 0.000 1.556 1.00 0.0000000000 0.0000000000 0.7019054375 0.7122701432 True True True False
Pedestrian 0.00 1 -1 619.00 259.00 677.00 439.00 1.86 0.55 0.60 -0.20 1.84 24.27 -3.143 0.000 0.000 -1.572 1.00 0.0000000000 0.0000000000 -0.7076935120 0.7065195631 True True True False
Pedestrian 0.00 2 -1 564.00 269.00 615.00 422.00 1.55 0.58 0.52 -0.80 1.64 23.95 -0.014 0.000 0.000 1.556 1.00 0.0000000000 0.0000000000 0.7020302895 0.7121470864 True True True False
Pedestrian 0.00 0 -1 501.00 225.00 562.00 391.00 1.76 0.64 0.81 -1.45 1.38 25.00 -1.618 -0.001 0.017 -0.048 1.00 -0.0001977607 0.0083102371 -0.0237896785 0.9996824256 True True True False
Pedestrian 0.00 0 -1 450.00 194.00 503.00 340.00 1.61 0.53 0.48 -2.11 0.88 25.76 -1.523 0.000 0.000 0.048 1.00 0.0000000000 0.0000000000 0.0241343515 0.9997087241 True True True False
Pedestrian 1.00 3 -1 0.00 149.00 0.00 705.00 1.76 0.56 0.48 -3.27 1.41 7.65 -3.249 0.000 0.000 -1.678 1.00 0.0000000000 0.0000000000 -0.7439350255 0.6682519568 True False True False
Pedestrian 0.65 3 -1 0.00 188.00 61.00 656.00 1.66 0.54 0.49 -2.54 1.41 8.53 -3.192 -0.004 -0.000 -1.621 1.00 -0.0014536852 0.0013821578 -0.7247099233 0.6890511617 True False True False
Pedestrian 0.00 0 -1 80.00 168.00 213.00 618.00 1.73 0.70 0.39 -2.07 1.38 9.29 -3.161 -0.001 0.003 -1.590 1.00 0.0006668846 0.0012395626 -0.7137939873 0.7003543121 True True True False
Pedestrian 0.00 1 -1 120.00 197.00 304.00 598.00 1.70 0.65 0.68 -1.98 1.43 10.14 -3.148 0.000 0.000 -1.577 1.00 0.0000000000 0.0000000000 -0.7092802419 0.7049266192 True True True False
Pedestrian 0.00 1 -1 103.00 191.00 324.00 589.00 1.80 0.84 0.88 -2.11 1.48 10.91 -3.167 0.001 0.018 -1.596 1.00 0.0067482526 0.0061037646 -0.7160484773 0.6979912487 True True True False
Pedestrian 0.00 1 -1 252.00 237.00 315.00 413.00 1.83 0.61 0.55 -4.04 1.59 24.47 -3.100 0.000 0.000 -1.529 1.00 0.0000000000 0.0000000000 -0.6922628872 0.7216454081 True True True False
Pedestrian 0.00 1 -1 238.00 247.00 285.00 410.00 1.74 0.70 0.49 -4.40 1.60 25.21 -3.309 0.000 0.000 -1.739 1.00 0.0000000000 0.0000000000 -0.7639050872 0.6453286123 True True True False
Pedestrian 1.00 3 -1 0.00 268.00 0.00 385.00 1.70 0.65 0.49 -12.64 1.80 33.90 1.493 0.000 0.000 3.064 1.00 0.0000000000 0.0000000000 0.9992524075 0.0386603942 True False True False
Pedestrian 1.00 3 -1 0.00 212.00 0.00 592.00 1.68 0.52 0.59 -3.39 1.47 10.58 -3.288 0.000 0.000 -1.717 1.00 0.0000000000 0.0000000000 -0.7569897133 0.6534267931 True False True False
Pedestrian 0.00 0 -1 339.82 295.57 355.07 331.03 -1.00 -1.00 -1.00 -1000.00 -1000.00 -1000.00 -1.000 -1.000 -1.000 -1.000 1.00 -1000.0000000000 -1000.0000000000 -1000.0000000000 -1000.0000000000 True True False False
Pedestrian 1.00 3 -1 1280.00 284.00 1280.00 432.00 1.61 0.67 0.39 9.02 1.87 25.79 -2.705 0.000 0.000 -1.135 1.00 0.0000000000 0.0000000000 -0.5373400939 0.8433656523 True False True False
