PassengerCar 1.00 3 -1 0.00 169.00 0.00 403.00 1.70 1.80 4.16 -7.87 1.04 19.67 -1.477 -0.043 0.011 0.094 1.00 -0.0219438974 0.0043763774 0.0468736191 0.9986501773 True False True False
PassengerCar 0.00 1 -1 65.00 214.00 248.00 305.00 1.65 2.05 4.29 -10.04 0.81 45.98 -4.552 -0.038 0.006 -2.981 1.00 0.0015509306 0.0192769991 -0.9965927071 0.0801808467 True True True False
PassengerCar 0.00 2 -1 261.00 233.00 377.00 298.00 1.53 2.14 4.04 -8.45 0.88 56.62 -4.692 0.000 0.011 -3.121 1.00 0.0055986236 -0.0000577561 -0.9999311198 0.0103154098 True True True False
PassengerCar 0.17 1 -1 0.00 222.00 108.00 291.00 1.55 1.71 4.11 -14.89 0.66 55.66 -4.650 -0.029 0.015 -3.079 1.00 0.0068586797 0.0145825035 -0.9993728982 0.0315296588 True False True False
PassengerCar 0.00 2 -1 335.00 239.00 485.00 328.00 1.50 1.80 4.04 -4.69 1.17 42.89 -1.445 -0.040 0.000 0.126 1.00 -0.0198208948 -0.0010797188 0.0629567643 0.9978188273 True True True False
PassengerCar 0.00 3 -1 478.76 241.08 676.94 339.86 -1.00 -1.00 -1.00 -1000.00 -1000.00 -1000.00 -1.000 -1.000 -1.000 -1.000 1.00 -1000.0000000000 -1000.0000000000 -1000.0000000000 -1000.0000000000 True True False True
PassengerCar 0.00 3 -1 661.20 244.33 769.90 340.68 -1.00 -1.00 -1.00 -1000.00 -1000.00 -1000.00 -1.000 -1.000 -1.000 -1.000 1.00 -1000.0000000000 -1000.0000000000 -1000.0000000000 -1000.0000000000 True True False False
PassengerCar 0.00 2 -1 255.00 238.00 363.00 305.00 1.83 2.56 4.37 -10.40 1.19 67.83 1.540 -0.025 0.021 3.111 1.00 -0.0108153295 -0.0124291776 0.9997513088 0.0150288000 True True True False
PassengerCar 0.00 3 -1 222.35 225.38 316.58 279.52 -1.00 -1.00 -1.00 -1000.00 -1000.00 -1000.00 -1.000 -1.000 -1.000 -1.000 1.00 -1000.0000000000 -1000.0000000000 -1000.0000000000 -1000.0000000000 True True False False
Pedestrian 0.00 0 -1 433.00 222.00 487.00 405.00 1.64 0.44 0.41 -1.88 1.30 21.11 -3.032 0.000 0.000 -1.461 1.00 0.0000000000 0.0000000000 -0.6671616377 0.7449129810 True True True False
Pedestrian 0.00 3 -1 436.00 225.00 485.00 404.00 1.69 0.41 0.43 -1.96 1.35 22.07 -3.158 0.000 0.000 -1.587 1.00 0.0000000000 0.0000000000 -0.7129325347 0.7012326297 True True True False
Pedestrian_is_group 0.00 1 -1 591.00 217.00 670.00 378.00 1.58 0.66 0.75 -0.36 1.16 23.12 -3.150 -0.011 -0.000 -1.579 1.00 -0.0037601038 0.0037277637 -0.7101441959 0.7040363530 True True True False
Pedestrian 0.00 1 -1 738.00 209.00 818.00 383.00 1.79 0.72 0.79 1.16 1.26 24.31 -3.162 0.000 0.000 -1.591 1.00 0.0000000000 0.0000000000 -0.7141145779 0.7000288349 True True True False
Pedestrian 0.00 0 -1 1002.00 220.00 1052.00 374.00 1.88 0.50 0.53 4.41 1.38 28.48 -0.000 0.000 0.000 1.571 1.00 0.0000000000 0.0000000000 0.7070239182 0.7071896345 True True True False
Pedestrian 0.00 2 -1 1017.00 223.00 1064.00 370.00 1.83 0.37 0.53 4.66 1.36 28.98 -0.005 -0.002 -0.000 1.566 1.00 -0.0006704656 -0.0006737297 0.7053869898 0.7088217626 True True True False
Pedestrian 0.00 0 -1 1077.00 218.00 1116.00 361.00 1.76 0.41 0.38 5.31 1.24 28.75 -3.202 0.000 0.000 -1.632 1.00 0.0000000000 0.0000000000 -0.7282494540 0.6853121426 True True True False
Pedestrian_is_group 0.00 1 -1 1132.00 231.00 1179.00 356.00 1.97 0.56 0.90 7.81 1.51 37.21 -1.575 0.000 0.000 -0.004 1.00 0.0000000000 0.0000000000 -0.0019537956 0.9999980913 True True True False
Pedestrian 0.00 1 -1 1180.00 241.00 1223.00 341.00 1.58 0.49 0.76 8.53 1.27 37.06 -1.585 0.000 0.000 -0.014 1.00 0.0000000000 0.0000000000 -0.0070300512 0.9999752889 True True True False
Pedestrian 0.12 1 -1 1235.00 220.00 1280.00 359.00 1.72 0.43 0.67 7.43 1.21 29.11 -1.571 0.014 0.000 0.000 1.00 0.0070014289 0.0000161013 0.0000191201 0.9999754894 True True True False
Pedestrian 0.00 1 -1 1046.00 234.00 1086.00 345.00 1.89 0.57 0.50 6.79 1.43 39.52 -1.595 0.000 0.000 -0.024 1.00 0.0000000000 0.0000000000 -0.0122233834 0.9999252917 True True True False
Pedestrian 1.00 3 -1 1280.00 229.00 1280.00 403.00 1.51 0.48 0.58 7.43 1.24 20.50 -1.571 0.000 0.000 0.000 1.00 0.0000000000 0.0000000000 0.0000000000 1.0000000000 True False True False
Pedestrian 1.00 3 -1 1280.00 209.00 1280.00 402.00 1.79 0.46 0.47 7.64 1.32 21.86 -1.601 0.000 0.000 -0.030 1.00 0.0000000000 0.0000000000 -0.0148790646 0.9998893006 True False True False
Pedestrian 1.00 2 -1 1280.00 246.00 1280.00 469.00 1.68 0.57 0.54 5.09 1.57 17.72 1.565 0.000 -0.003 3.135 1.00 0.0015446548 0.0000740151 0.9999941144 0.0030626383 True False True False
Pedestrian 1.00 3 -1 1280.00 209.00 1280.00 442.00 1.55 0.33 0.40 6.27 1.21 15.68 -1.571 0.000 0.000 0.000 1.00 0.0000000000 0.0000000000 0.0000000000 1.0000000000 True False True False
Pedestrian 1.00 3 -1 1280.00 208.00 1280.00 406.00 1.73 0.40 0.33 8.17 1.27 20.43 -1.571 0.000 0.000 0.000 1.00 0.0000000000 0.0000000000 0.0000000000 1.0000000000 True False True False
Pedestrian 1.00 3 -1 1280.00 222.00 1280.00 393.00 1.58 0.45 0.30 6.65 1.22 21.56 1.558 0.000 0.000 3.129 1.00 0.0000000000 0.0000000000 0.9999804952 0.0062457379 True False True False
Pedestrian 1.00 3 -1 1280.00 205.00 1280.00 397.00 1.75 0.50 0.35 6.17 1.25 21.44 1.530 0.000 0.000 3.101 1.00 0.0000000000 0.0000000000 0.9997932815 0.0203321001 True False True False
Pedestrian 0.00 3 -1 544.27 199.84 581.66 367.36 -1.00 -1.00 -1.00 -1000.00 -1000.00 -1000.00 -1.000 -1.000 -1.000 -1.000 1.00 -1000.0000000000 -1000.0000000000 -1000.0000000000 -1000.0000000000 True True False False
Pedestrian 0.00 2 -1 947.63 217.40 993.12 328.61 -1.00 -1.00 -1.00 -1000.00 -1000.00 -1000.00 -1.000 -1.000 -1.000 -1.000 1.00 -1000.0000000000 -1000.0000000000 -1000.0000000000 -1000.0000000000 True True False False
Pedestrian 0.00 2 -1 566.00 216.00 609.00 370.00 1.74 0.57 0.41 -0.92 1.23 26.50 -0.181 0.002 0.000 1.390 1.00 0.0005961923 0.0007893591 0.6402096148 0.7681996294 True True True False
