PassengerCar 0.86 3 -1 1164.00 121.00 1280.00 667.00 1.55 1.78 2.96 3.14 1.19 8.68 -1.581 0.084 0.007 -0.010 1.00 0.0417798525 0.0034679770 -0.0050058539 0.9991082817 True False True False
PassengerCar 0.59 2 -1 1073.00 210.00 1280.00 553.00 1.63 1.82 3.01 3.40 1.40 12.59 -1.590 0.000 0.000 -0.019 1.00 0.0000000000 0.0000000000 -0.0094582701 0.9999552696 True True True False
PassengerCar 0.00 0 -1 888.00 249.00 1120.00 400.00 1.52 1.84 4.24 3.70 1.44 26.26 -1.602 0.025 0.001 -0.032 1.00 0.0123820174 0.0001958481 -0.0158139486 0.9997982628 True True True False
PassengerCar 0.00 2 -1 853.00 266.00 993.00 366.00 1.46 1.82 3.95 4.06 1.57 37.39 -1.558 0.033 0.006 0.013 1.00 0.0163136407 0.0029399816 0.0063579100 0.9998423869 True True True False
PassengerCar 0.00 0 -1 787.00 281.00 870.00 337.00 1.50 2.00 4.24 4.43 2.06 64.37 -1.571 0.000 0.000 0.000 1.00 0.0000000000 0.0000000000 0.0000000000 1.0000000000 True True True False
PassengerCar 0.00 3 -1 772.00 283.00 834.00 328.00 1.47 1.89 4.20 4.61 2.25 79.45 -1.571 0.000 0.000 0.000 1.00 0.0000000000 0.0000000000 0.0000000000 1.0000000000 True True True False
PassengerCar 0.00 3 -1 758.39 285.49 807.35 321.89 -1.00 -1.00 -1.00 -1000.00 -1000.00 -1000.00 -1.000 -1.000 -1.000 -1.000 1.00 -1000.0000000000 -1000.0000000000 -1000.0000000000 -1000.0000000000 True True False False
PassengerCar_is_group 0.74 3 -1 0.00 267.00 176.00 354.00 1.40 31.52 4.74 -16.73 1.62 53.57 -3.162 0.000 0.000 -1.591 1.00 0.0000000000 0.0000000000 -0.7143549825 0.6997835087 True False True False
PassengerCar 0.00 2 -1 79.00 274.00 221.00 331.00 1.55 1.85 4.17 -15.92 2.05 71.68 -3.332 0.042 0.008 -1.761 1.00 0.0164979398 -0.0136196597 -0.7709935038 0.6364835740 True True True False
PassengerCar 0.00 2 -1 140.45 278.37 247.82 328.71 -1.00 -1.00 -1.00 -1000.00 -1000.00 -1000.00 -1.000 -1.000 -1.000 -1.000 1.00 -1000.0000000000 -1000.0000000000 -1000.0000000000 -1000.0000000000 True True False False
PassengerCar 0.00 2 -1 193.52 275.58 282.43 320.06 -1.00 -1.00 -1.00 -1000.00 -1000.00 -1000.00 -1.000 -1.000 -1.000 -1.000 1.00 -1000.0000000000 -1000.0000000000 -1000.0000000000 -1000.0000000000 True True False False
PassengerCar 0.00 2 -1 250.11 284.30 331.10 320.16 -1.00 -1.00 -1.00 -1000.00 -1000.00 -1000.00 -1.000 -1.000 -1.000 -1.000 1.00 -1000.0000000000 -1000.0000000000 -1000.0000000000 -1000.0000000000 True True False False
PassengerCar 0.00 2 -1 279.16 282.59 358.78 316.42 -1.00 -1.00 -1.00 -1000.00 -1000.00 -1000.00 -1.000 -1.000 -1.000 -1.000 1.00 -1000.0000000000 -1000.0000000000 -1000.0000000000 -1000.0000000000 True True False False
PassengerCar 0.00 3 -1 308.55 283.27 383.04 315.74 -1.00 -1.00 -1.00 -1000.00 -1000.00 -1000.00 -1.000 -1.000 -1.000 -1.000 1.00 -1000.0000000000 -1000.0000000000 -1000.0000000000 -1000.0000000000 True True False False
DontCare 0.00 -1 -1 598.86 279.64 674.76 304.59 -1.00 -1.00 -1.00 -1000.00 -1000.00 -1000.00 -1.000 -1.000 -1.000 -1.000 1.00 -1000.0000000000 -1000.0000000000 -1000.0000000000 -1000.0000000000 False False False False
DontCare 0.00 -1 -1 357.85 283.40 430.46 316.32 -1.00 -1.00 -1.00 -1000.00 -1000.00 -1000.00 -1.000 -1.000 -1.000 -1.000 1.00 -1000.0000000000 -1000.0000000000 -1000.0000000000 -1000.0000000000 False False False False
