PassengerCar 1.00 3 -1 0.00 0.00 0.00 720.00 1.55 2.01 4.20 -3.11 1.24 4.22 -4.644 0.009 -0.001 -3.073 1.00 -0.0001632270 -0.0047376218 -0.9993957818 0.0344325383 True False True False
PassengerCar 0.84 0 -1 1112.00 269.00 1280.00 720.00 1.30 1.83 4.38 3.04 1.34 8.58 -1.598 -0.000 0.000 -0.027 1.00 -0.0000032125 0.0002350234 -0.0136676102 0.9999065662 True True True False
PassengerCar 0.29 1 -1 984.00 256.00 1280.00 539.00 1.48 1.58 3.72 3.01 1.49 14.03 -1.598 0.001 -0.013 -0.027 1.00 0.0002162892 -0.0065323156 -0.0134529700 0.9998881436 True True True False
PassengerCar 0.00 2 -1 902.00 289.00 1137.00 450.00 1.38 1.59 2.92 3.19 1.65 21.51 -1.622 0.000 -0.008 -0.051 1.00 0.0001051592 -0.0041463809 -0.0253533200 0.9996699483 True True True False
PassengerCar 0.00 1 -1 847.00 293.00 1009.00 402.00 1.37 1.66 3.64 3.42 1.84 30.97 -1.594 0.001 -0.030 -0.023 1.00 0.0004222021 -0.0150997670 -0.0113513339 0.9998214671 True True True False
PassengerCar 0.00 1 -1 827.00 262.00 988.00 388.00 1.80 1.86 3.97 3.59 1.84 35.33 -1.618 0.000 0.000 -0.047 1.00 0.0000000000 0.0000000000 -0.0235868783 0.9997217909 True True True False
PassengerCar 0.00 3 -1 809.00 291.00 933.00 378.00 1.49 1.73 3.71 3.65 2.05 42.09 -1.624 0.000 0.000 -0.054 1.00 0.0000000000 0.0000000000 -0.0267954793 0.9996409367 True True True False
PassengerCar 0.00 3 -1 786.00 295.00 891.00 368.00 1.42 1.69 3.62 3.51 2.14 47.99 -1.634 0.000 0.000 -0.063 1.00 0.0000000000 0.0000000000 -0.0316934930 0.9994976351 True True True False
PassengerCar 0.00 1 -1 753.00 265.00 851.00 356.00 2.05 1.95 4.29 3.19 2.17 55.63 -1.610 -0.000 0.014 -0.039 1.00 -0.0000253724 0.0068828873 -0.0196966213 0.9997823105 True True True False
PassengerCar 0.00 0 -1 168.00 292.00 458.00 511.00 1.35 1.67 4.06 -2.52 1.63 17.35 1.522 0.043 0.001 3.093 1.00 -0.0002268090 0.0215535790 0.9994754881 0.0241690002 True True True True
PassengerCar 0.00 2 -1 129.00 306.00 335.00 457.00 1.44 1.53 3.93 -4.67 1.98 25.37 1.557 0.019 0.000 3.128 1.00 -0.0000657147 0.0094100565 0.9999313399 0.0069829746 True True True False
PassengerCar 0.00 3 -1 315.00 308.00 444.00 409.00 1.44 1.57 3.53 -4.58 2.25 37.34 -4.712 0.040 -0.000 -3.141 1.00 -0.0000076023 -0.0199734350 -0.9998004375 0.0003833240 False False True False
PassengerCar 0.00 3 -1 361.00 300.00 473.00 393.00 1.50 1.62 3.47 -4.46 2.26 41.74 1.557 0.044 0.002 3.128 1.00 -0.0007160682 0.0221994186 0.9997292326 0.0069379007 True True True False
PassengerCar 0.00 1 -1 410.00 283.00 503.00 373.00 1.72 1.54 3.64 -4.37 2.23 48.48 1.566 0.051 0.002 3.137 1.00 -0.0009653430 0.0255148366 0.9996715262 0.0022137988 True True True False
PassengerCar 0.00 2 -1 468.37 314.88 555.95 358.73 -1.00 -1.00 -1.00 -1000.00 -1000.00 -1000.00 -1.000 -1.000 -1.000 -1.000 1.00 -1000.0000000000 -1000.0000000000 -1000.0000000000 -1000.0000000000 True True False False
DontCare 0.00 -1 -1 553.90 308.73 568.86 341.11 -1.00 -1.00 -1.00 -1000.00 -1000.00 -1000.00 -1.000 -1.000 -1.000 -1.000 1.00 -1000.0000000000 -1000.0000000000 -1000.0000000000 -1000.0000000000 False False False False
DontCare 0.00 -1 -1 570.57 308.39 583.94 341.10 -1.00 -1.00 -1.00 -1000.00 -1000.00 -1000.00 -1.000 -1.000 -1.000 -1.000 1.00 -1000.0000000000 -1000.0000000000 -1000.0000000000 -1000.0000000000 False False False False
DontCare 0.59 3 -1 0.00 340.00 78.00 514.00 1.16 0.83 1.79 -4.97 1.76 17.02 -4.707 0.000 0.000 -3.136 1.00 0.0000000000 0.0000000000 -0.9999963439 0.0027041016 False False False False
