PassengerCar 0.00 0 -1 832.00 241.00 1113.00 443.00 1.78 1.81 4.03 2.85 1.63 22.57 -1.677 -0.002 -0.000 -0.107 1.00 -0.0008710522 -0.0000464601 -0.0532622243 0.9985801793 True True True False
PassengerCar 0.00 0 -1 645.00 307.00 742.00 375.00 1.45 1.81 4.05 0.57 2.54 53.23 -1.662 0.000 0.000 -0.091 1.00 0.0000000000 0.0000000000 -0.0456400342 0.9989579507 True True True False
PassengerCar 0.00 1 -1 5.00 279.00 236.00 429.00 1.52 1.84 4.03 -5.95 1.74 25.72 1.502 -0.011 -0.007 3.073 1.00 0.0032640051 -0.0057583812 0.9993818084 0.0345280807 True True True False
PassengerCar 1.00 3 -1 0.00 280.00 0.00 464.00 1.41 1.81 3.77 -9.18 1.59 19.91 1.561 0.000 0.000 3.132 1.00 0.0000000000 0.0000000000 0.9999872917 0.0050414757 True False True False
PassengerCar 0.00 1 -1 196.00 310.00 309.00 394.00 1.37 1.80 4.03 -7.13 2.25 40.23 1.421 0.003 -0.021 2.991 1.00 0.0105994764 0.0007971595 0.9971275267 0.0749914066 True True True False
PassengerCar 0.00 2 -1 262.00 310.00 348.00 375.00 1.40 1.86 4.02 -8.33 2.57 53.63 1.431 -0.018 -0.010 3.001 1.00 0.0042929459 -0.0090876722 0.9974933116 0.0700434023 True True True False
PassengerCar 0.00 3 -1 802.75 319.70 851.99 355.45 -1.00 -1.00 -1.00 -1000.00 -1000.00 -1000.00 -1.000 -1.000 -1.000 -1.000 1.00 -1000.0000000000 -1000.0000000000 -1000.0000000000 -1000.0000000000 True True False False
PassengerCar 1.00 3 -1 1280.00 328.00 1280.00 399.00 1.63 1.84 4.01 20.97 3.56 62.49 -1.942 -0.051 0.010 -0.371 1.00 -0.0242134098 0.0095209762 -0.1842463119 0.9825356779 True False True False
PassengerCar 0.00 0 -1 425.01 321.36 482.65 368.12 -1.00 -1.00 -1.00 -1000.00 -1000.00 -1000.00 -1.000 -1.000 -1.000 -1.000 1.00 -1000.0000000000 -1000.0000000000 -1000.0000000000 -1000.0000000000 True True False False
LargeVehicle 0.00 0 -1 468.00 191.00 671.00 393.00 3.37 2.87 12.31 -2.15 2.33 45.15 -1.700 -0.006 -0.011 -0.129 1.00 -0.0033982689 -0.0055239603 -0.0645474282 0.9978935650 True True True False
