PassengerCar 0.72 0 -1 1127.00 222.00 1280.00 409.00 1.49 1.85 4.27 6.47 1.20 20.96 0.015 -0.019 0.051 1.585 1.00 -0.0249163516 0.0113079936 0.7121701315 0.7014734553 True True True False
PassengerCar 0.00 0 -1 738.00 239.00 865.00 330.00 1.73 1.86 4.23 2.74 1.31 46.69 -1.343 0.003 0.011 0.227 1.00 0.0006500666 0.0056908364 0.1134904934 0.9935225713 True True True False
PassengerCar 0.00 1 -1 791.00 250.00 909.00 318.00 1.45 1.80 4.23 4.13 1.22 51.95 -1.288 0.004 0.012 0.283 1.00 0.0011360917 0.0063280328 0.1409309110 0.9899985574 True True True False
PassengerCar 0.00 1 -1 848.00 241.00 951.00 308.00 1.45 1.80 4.30 5.76 1.05 57.15 -1.313 0.048 0.017 0.258 1.00 0.0229072280 0.0114789695 0.1282692098 0.9914083427 True True True False
PassengerCar 0.00 1 -1 917.00 234.00 987.00 293.00 1.44 1.51 4.09 7.76 0.77 63.12 -1.357 0.010 0.045 0.214 1.00 0.0024790723 0.0231085831 0.1066384292 0.9940262034 True True True False
PassengerCar 0.00 3 -1 948.70 224.75 1015.48 277.51 -1.00 -1.00 -1.00 -1000.00 -1000.00 -1000.00 -1.000 -1.000 -1.000 -1.000 1.00 -1000.0000000000 -1000.0000000000 -1000.0000000000 -1000.0000000000 True True False False
PassengerCar 0.00 2 -1 966.74 204.95 1047.82 264.14 -1.00 -1.00 -1.00 -1000.00 -1000.00 -1000.00 -1.000 -1.000 -1.000 -1.000 1.00 -1000.0000000000 -1000.0000000000 -1000.0000000000 -1000.0000000000 True True False False
PassengerCar 0.00 1 -1 1072.93 235.76 1151.49 295.44 -1.00 -1.00 -1.00 -1000.00 -1000.00 -1000.00 -1.000 -1.000 -1.000 -1.000 1.00 -1000.0000000000 -1000.0000000000 -1000.0000000000 -1000.0000000000 True True False False
PassengerCar 0.00 2 -1 1079.00 222.00 1154.00 303.00 1.63 1.46 4.00 10.23 0.83 52.72 -1.326 0.013 0.053 0.245 1.00 0.0033508657 0.0272788634 0.1218749895 0.9921648665 True True True False
PassengerCar 0.00 2 -1 57.50 261.54 177.33 348.74 -1.00 -1.00 -1.00 -1000.00 -1000.00 -1000.00 -1.000 -1.000 -1.000 -1.000 1.00 -1000.0000000000 -1000.0000000000 -1000.0000000000 -1000.0000000000 False True False False
Vehicle 0.23 3 -1 1149.00 232.00 1280.00 292.00 1.54 1.80 4.03 14.73 0.82 60.67 0.116 0.000 0.000 1.687 1.00 0.0000000000 0.0000000000 0.7468101110 0.6650373359 False False True False
Obstacle 0.00 3 -1 815.06 222.23 831.69 272.51 -1.00 -1.00 -1.00 -1000.00 -1000.00 -1000.00 -1.000 -1.000 -1.000 -1.000 1.00 -1000.0000000000 -1000.0000000000 -1000.0000000000 -1000.0000000000 True True False False
Obstacle 0.00 3 -1 792.51 221.39 815.21 286.61 -1.00 -1.00 -1.00 -1000.00 -1000.00 -1000.00 -1.000 -1.000 -1.000 -1.000 1.00 -1000.0000000000 -1000.0000000000 -1000.0000000000 -1000.0000000000 True True False False
Pedestrian 0.81 3 -1 0.00 0.00 135.00 720.00 1.65 0.53 0.51 -1.16 1.25 3.64 -4.704 0.000 0.000 -3.133 1.00 0.0000000000 0.0000000000 -0.9999905648 0.0043440015 True False True False
Pedestrian 0.00 0 -1 282.00 241.00 318.00 334.00 1.77 0.54 0.57 -7.03 1.39 44.47 -3.095 -0.000 -0.002 -1.524 1.00 -0.0008483136 -0.0008097290 -0.6904641661 0.7233656475 True True True False
Pedestrian 0.00 3 -1 292.00 244.00 319.00 334.00 1.73 0.55 0.41 -7.02 1.41 45.06 -3.086 0.000 0.001 -1.515 1.00 0.0002123674 0.0002008576 -0.6871446809 0.7265205448 True True True False
Pedestrian 0.05 0 -1 400.00 242.00 424.00 334.00 1.70 0.52 0.37 -4.74 1.36 43.24 0.048 0.000 0.000 1.619 1.00 0.0000000000 0.0000000000 0.7237937135 0.6900164203 True True True False
Pedestrian 0.00 2 -1 435.00 241.00 465.00 334.00 1.70 0.56 0.49 -3.99 1.34 42.70 0.026 0.000 0.000 1.597 1.00 0.0000000000 0.0000000000 0.7163551824 0.6977358043 True True True False
Pedestrian 0.00 0 -1 578.00 246.00 613.00 342.00 1.71 0.55 0.60 -1.28 1.46 41.74 0.016 0.000 0.000 1.587 1.00 0.0000000000 0.0000000000 0.7128680600 0.7012981742 True True True False
Pedestrian 0.00 0 -1 551.00 240.00 586.00 335.00 1.75 0.51 0.60 -1.83 1.38 43.21 0.078 0.000 0.000 1.649 1.00 0.0000000000 0.0000000000 0.7342082941 0.6789242822 True True True False
Pedestrian 0.00 0 -1 641.00 245.00 698.00 346.00 1.78 0.63 0.99 0.05 1.51 41.24 0.031 0.000 0.000 1.601 1.00 0.0000000000 0.0000000000 0.7178302749 0.6962181385 True True True False
Pedestrian 0.00 2 -1 503.00 236.00 539.00 339.00 1.87 0.48 0.62 -2.67 1.42 42.52 0.038 0.000 0.000 1.609 1.00 0.0000000000 0.0000000000 0.7205500314 0.6934029509 True True True False
Pedestrian 0.00 0 -1 475.00 242.00 524.00 341.00 1.74 0.84 0.77 -2.96 1.41 41.02 0.035 0.000 0.000 1.606 1.00 0.0000000000 0.0000000000 0.7195385982 0.6944524502 True True True False
Pedestrian 0.00 0 -1 1071.14 209.55 1092.62 269.89 -1.00 -1.00 -1.00 -1000.00 -1000.00 -1000.00 -1.000 -1.000 -1.000 -1.000 1.00 -1000.0000000000 -1000.0000000000 -1000.0000000000 -1000.0000000000 True True False False
Pedestrian 0.00 0 -1 1101.00 223.00 1145.00 320.00 1.81 0.54 0.74 8.60 1.11 43.85 0.038 0.000 0.000 1.609 1.00 0.0000000000 0.0000000000 0.7204851187 0.6934703986 True True True False
Pedestrian 0.00 3 -1 1108.00 220.00 1142.00 324.00 2.02 0.56 0.65 9.01 1.23 45.70 -1.543 0.000 0.000 0.028 1.00 0.0000000000 0.0000000000 0.0139806305 0.9999022662 True True True True
Pedestrian 1.00 3 -1 1280.00 229.00 1280.00 323.00 1.71 0.52 0.44 15.95 1.15 42.60 0.137 0.000 0.000 1.708 1.00 0.0000000000 0.0000000000 0.7537964676 0.6571079709 True False True False
Pedestrian 1.00 3 -1 1280.00 221.00 1280.00 340.00 1.70 0.51 0.70 13.20 1.13 33.27 1.557 0.000 0.000 3.128 1.00 0.0000000000 0.0000000000 0.9999777173 0.0066756963 True False True False
Pedestrian 0.00 0 -1 959.00 203.00 1076.00 424.00 1.76 0.93 0.91 2.86 1.30 19.02 -1.443 0.000 0.000 0.127 1.00 0.0000000000 0.0000000000 0.0636331488 0.9979733575 True True True False
Pedestrian 0.00 0 -1 741.00 227.00 815.00 409.00 1.52 0.59 0.56 0.93 1.24 19.66 -1.571 0.000 0.000 0.000 1.00 0.0000000000 0.0000000000 0.0000000000 1.0000000000 True True True False
