PassengerCar 0.00 1 -1 637.00 268.00 1062.00 414.00 1.51 1.98 4.28 2.02 1.60 25.81 -0.426 0.000 0.000 1.145 1.00 0.0000000000 0.0000000000 0.5415313405 0.8406805619 True True True False
PassengerCar 0.85 3 -1 0.00 286.00 55.00 407.00 1.50 1.95 4.27 -10.58 1.85 31.17 -3.606 0.000 0.000 -2.035 1.00 0.0000000000 0.0000000000 -0.8507767546 0.5255272723 True False True False
DontCare 1.00 3 -1 1280.00 216.00 1280.00 320.00 2.10 1.33 2.23 17.66 1.21 48.13 -0.436 0.000 0.000 1.134 1.00 0.0000000000 0.0000000000 0.5372995657 0.8433914730 False False False False
LargeVehicle 0.00 1 -1 493.00 214.00 714.00 346.00 3.44 2.77 13.32 -1.59 2.29 68.16 -1.315 0.025 -0.007 0.256 1.00 0.0127569936 -0.0016392452 0.1274393278 0.9917629705 True True True False
LargeVehicle 0.00 3 -1 642.00 226.00 811.00 326.00 3.29 3.42 12.37 2.30 2.19 82.61 -1.330 0.000 0.000 0.241 1.00 0.0000000000 0.0000000000 0.1202752965 0.9927405769 True True True False
Pedestrian 0.86 0 -1 1090.00 0.00 1280.00 720.00 1.72 0.73 0.54 0.88 1.17 2.92 -3.169 0.000 0.000 -1.598 1.00 0.0000000000 0.0000000000 -0.7166214543 0.6974623224 True True True False
Pedestrian 0.54 1 -1 1017.00 90.00 1280.00 720.00 1.50 0.64 0.47 1.04 1.20 4.40 -3.554 0.000 0.000 -1.983 1.00 0.0000000000 0.0000000000 -0.8368115868 0.5474909755 True True True False
Pedestrian 0.17 0 -1 764.00 14.00 1123.00 720.00 1.63 0.82 0.34 0.56 1.16 4.87 -3.628 0.000 0.000 -2.057 1.00 0.0000000000 0.0000000000 -0.8565856111 0.5160049329 True True True False
Pedestrian 0.16 0 -1 1.00 0.00 239.00 720.00 1.83 0.71 0.42 -1.24 1.25 5.34 -0.055 0.000 0.000 1.516 1.00 0.0000000000 0.0000000000 0.6873665922 0.7263106553 True True True False
Pedestrian 1.00 3 -1 0.00 172.00 1.00 642.00 1.55 0.66 0.83 -2.75 1.26 8.07 -0.253 0.000 0.000 1.318 1.00 0.0000000000 0.0000000000 0.6124389371 0.7905178988 True False True False
Pedestrian 0.88 3 -1 0.00 119.00 40.00 628.00 1.81 0.65 1.06 -2.92 1.32 8.71 -0.253 -0.016 -0.005 1.317 1.00 -0.0050884879 -0.0068451411 0.6120599992 0.7907653310 True False True False
Pedestrian 1.00 3 -1 0.00 147.00 0.00 583.00 1.75 0.68 0.51 -3.75 1.30 9.72 -3.503 0.000 0.000 -1.932 1.00 0.0000000000 0.0000000000 -0.8226970552 0.5684800396 True False True False
Pedestrian 1.00 3 -1 0.00 153.00 0.00 562.00 1.77 0.74 0.50 -4.00 1.31 10.47 -3.510 0.000 0.000 -1.939 1.00 0.0000000000 0.0000000000 -0.8246297538 0.5656728464 True False True True
