PassengerCar 0.00 0 -1 1024.00 294.00 1166.00 384.00 1.60 1.88 4.45 8.09 2.25 44.26 -1.571 0.000 0.000 0.000 1.00 0.0000000000 0.0000000000 0.0000000000 1.0000000000 True True True False
PassengerCar 0.00 0 -1 852.00 281.00 972.00 373.00 1.66 1.83 4.08 4.62 2.05 44.25 -1.576 0.000 0.000 -0.006 1.00 0.0000000000 0.0000000000 -0.0028271740 0.9999960035 True True True False
PassengerCar 0.00 2 -1 821.00 298.00 895.00 356.00 1.44 1.60 4.25 4.98 2.43 60.96 -1.571 0.000 0.000 0.000 1.00 0.0000000000 0.0000000000 0.0000000000 1.0000000000 True True True False
PassengerCar 0.00 2 -1 808.00 304.00 870.00 355.00 1.52 1.66 4.13 5.44 2.92 73.93 -1.571 0.000 0.000 0.000 1.00 0.0000000000 0.0000000000 0.0000000000 1.0000000000 True True True False
PassengerCar 0.00 2 -1 790.48 299.28 834.37 344.11 -1.00 -1.00 -1.00 -1000.00 -1000.00 -1000.00 -1.000 -1.000 -1.000 -1.000 1.00 -1000.0000000000 -1000.0000000000 -1000.0000000000 -1000.0000000000 True True False False
PassengerCar 0.00 3 -1 934.89 306.79 965.01 355.26 -1.00 -1.00 -1.00 -1000.00 -1000.00 -1000.00 -1.000 -1.000 -1.000 -1.000 1.00 -1000.0000000000 -1000.0000000000 -1000.0000000000 -1000.0000000000 True True False False
PassengerCar 1.00 3 -1 1280.00 254.00 1280.00 473.00 1.53 1.97 4.40 7.03 1.52 18.91 -1.560 0.024 0.000 0.010 1.00 0.0120963762 0.0001091121 0.0052256946 0.9999131752 True True True False
Pedestrian 0.05 0 -1 182.00 274.00 206.00 344.00 1.70 0.50 0.59 -11.62 2.02 57.03 1.264 0.000 0.000 2.835 1.00 0.0000000000 0.0000000000 0.9882620638 0.1527681028 True True True False
Pedestrian 0.06 0 -1 164.00 266.00 186.00 337.00 1.73 0.45 0.40 -11.99 1.86 56.59 0.088 0.000 0.000 1.658 1.00 0.0000000000 0.0000000000 0.7373724625 0.6754863815 True True True False
Pedestrian 0.06 0 -1 57.00 272.00 75.00 351.00 1.77 0.50 0.35 -13.44 2.02 51.92 -3.494 0.000 0.000 -1.924 1.00 0.0000000000 0.0000000000 -0.8202126722 0.5720587140 True True True False
Pedestrian 0.06 3 -1 6.00 278.00 28.00 352.00 1.64 0.46 0.54 -14.47 2.02 51.68 1.286 0.000 0.000 2.856 1.00 0.0000000000 0.0000000000 0.9898523115 0.1420999700 True False True True
Pedestrian 0.00 3 -1 35.00 267.00 60.00 351.00 1.83 0.54 0.51 -13.63 1.97 51.09 -3.446 0.000 0.000 -1.875 1.00 0.0000000000 0.0000000000 -0.8061682020 0.5916864288 True False True False
Pedestrian 0.53 3 -1 0.00 281.00 12.00 350.00 1.54 0.51 0.51 -14.87 1.99 51.75 1.335 0.000 0.000 2.905 1.00 0.0000000000 0.0000000000 0.9930333430 0.1178336949 True False True True
Pedestrian 1.00 3 -1 0.00 278.00 0.00 349.00 1.59 0.54 0.55 -16.50 1.98 52.17 1.309 0.000 0.000 2.880 1.00 0.0000000000 0.0000000000 0.9914312578 0.1306294797 True False True False
Pedestrian 0.06 0 -1 89.00 268.00 110.00 341.00 1.82 0.49 0.52 -14.20 2.01 58.12 1.346 0.000 0.000 2.916 1.00 0.0000000000 0.0000000000 0.9936643228 0.1123886724 True True True True
Pedestrian 0.06 0 -1 139.00 266.00 161.00 338.00 1.72 0.52 0.51 -12.46 1.85 55.93 1.385 0.000 0.000 2.956 1.00 0.0000000000 0.0000000000 0.9957101425 0.0925273590 True True True False
Pedestrian 0.05 0 -1 97.00 269.00 120.00 341.00 1.83 0.60 0.58 -14.33 2.04 59.56 -3.387 0.000 0.000 -1.816 1.00 0.0000000000 0.0000000000 -0.7883692472 0.6152023489 True True True False
Pedestrian 0.00 0 -1 327.80 278.49 346.20 333.88 -1.00 -1.00 -1.00 -1000.00 -1000.00 -1000.00 -1.000 -1.000 -1.000 -1.000 1.00 -1000.0000000000 -1000.0000000000 -1000.0000000000 -1000.0000000000 True True False False
Pedestrian 0.00 0 -1 339.98 279.86 351.84 332.12 -1.00 -1.00 -1.00 -1000.00 -1000.00 -1000.00 -1.000 -1.000 -1.000 -1.000 1.00 -1000.0000000000 -1000.0000000000 -1000.0000000000 -1000.0000000000 True True False False
Pedestrian 0.00 0 -1 349.16 280.22 361.89 333.03 -1.00 -1.00 -1.00 -1000.00 -1000.00 -1000.00 -1.000 -1.000 -1.000 -1.000 1.00 -1000.0000000000 -1000.0000000000 -1000.0000000000 -1000.0000000000 True True False False
Pedestrian 0.00 0 -1 359.58 282.90 380.12 332.25 -1.00 -1.00 -1.00 -1000.00 -1000.00 -1000.00 -1.000 -1.000 -1.000 -1.000 1.00 -1000.0000000000 -1000.0000000000 -1000.0000000000 -1000.0000000000 True True False False
Pedestrian 0.00 0 -1 418.96 288.79 430.38 324.75 -1.00 -1.00 -1.00 -1000.00 -1000.00 -1000.00 -1.000 -1.000 -1.000 -1.000 1.00 -1000.0000000000 -1000.0000000000 -1000.0000000000 -1000.0000000000 True True False False
Pedestrian 0.00 0 -1 431.07 291.10 441.00 328.67 -1.00 -1.00 -1.00 -1000.00 -1000.00 -1000.00 -1.000 -1.000 -1.000 -1.000 1.00 -1000.0000000000 -1000.0000000000 -1000.0000000000 -1000.0000000000 True True False False
Pedestrian 0.00 0 -1 1209.60 291.24 1230.89 341.87 -1.00 -1.00 -1.00 -1000.00 -1000.00 -1000.00 -1.000 -1.000 -1.000 -1.000 1.00 -1000.0000000000 -1000.0000000000 -1000.0000000000 -1000.0000000000 True True False False
Pedestrian 0.00 0 -1 1231.73 291.97 1246.73 340.02 -1.00 -1.00 -1.00 -1000.00 -1000.00 -1000.00 -1.000 -1.000 -1.000 -1.000 1.00 -1000.0000000000 -1000.0000000000 -1000.0000000000 -1000.0000000000 True True False False
Pedestrian 0.00 0 -1 1183.47 294.46 1197.32 337.64 -1.00 -1.00 -1.00 -1000.00 -1000.00 -1000.00 -1.000 -1.000 -1.000 -1.000 1.00 -1000.0000000000 -1000.0000000000 -1000.0000000000 -1000.0000000000 True True False False
Pedestrian 0.00 0 -1 1243.82 291.34 1257.16 332.49 -1.00 -1.00 -1.00 -1000.00 -1000.00 -1000.00 -1.000 -1.000 -1.000 -1.000 1.00 -1000.0000000000 -1000.0000000000 -1000.0000000000 -1000.0000000000 True True False False
Pedestrian 0.00 0 -1 1257.02 288.35 1270.58 335.24 -1.00 -1.00 -1.00 -1000.00 -1000.00 -1000.00 -1.000 -1.000 -1.000 -1.000 1.00 -1000.0000000000 -1000.0000000000 -1000.0000000000 -1000.0000000000 True True False False
