PassengerCar 0.00 0 -1 210.00 278.00 373.00 353.00 1.52 1.83 4.08 -8.01 1.90 49.90 -4.414 0.020 -0.006 -2.843 1.00 -0.0015338136 -0.0102077645 -0.9888460013 0.1485834270 True True True True
PassengerCar 0.00 0 -1 415.00 273.00 559.00 345.00 1.53 1.92 4.38 -3.97 1.83 51.90 -4.474 -0.010 -0.006 -2.903 1.00 -0.0034627808 0.0047978862 -0.9928923468 0.1188687388 True True True True
PassengerCar 0.00 0 -1 741.00 281.00 816.00 331.00 1.43 1.82 4.22 3.57 2.14 73.82 -4.536 0.007 0.021 -2.965 1.00 0.0106633187 -0.0024600141 -0.9960592278 0.0880128207 True True True False
PassengerCar 0.00 1 -1 871.85 277.51 934.17 324.98 -1.00 -1.00 -1.00 -1000.00 -1000.00 -1000.00 -1.000 -1.000 -1.000 -1.000 1.00 -1000.0000000000 -1000.0000000000 -1000.0000000000 -1000.0000000000 True True False False
PassengerCar 0.00 2 -1 577.35 275.92 638.02 325.96 -1.00 -1.00 -1.00 -1000.00 -1000.00 -1000.00 -1.000 -1.000 -1.000 -1.000 1.00 -1000.0000000000 -1000.0000000000 -1000.0000000000 -1000.0000000000 True True False False
PassengerCar 0.00 0 -1 922.82 277.45 1039.45 313.59 -1.00 -1.00 -1.00 -1000.00 -1000.00 -1000.00 -1.000 -1.000 -1.000 -1.000 1.00 -1000.0000000000 -1000.0000000000 -1000.0000000000 -1000.0000000000 True True False False
PassengerCar 0.00 2 -1 790.02 270.15 871.24 318.04 -1.00 -1.00 -1.00 -1000.00 -1000.00 -1000.00 -1.000 -1.000 -1.000 -1.000 1.00 -1000.0000000000 -1000.0000000000 -1000.0000000000 -1000.0000000000 True True False True
Vehicle 0.00 1 -1 633.93 275.30 690.07 322.44 -1.00 -1.00 -1.00 -1000.00 -1000.00 -1000.00 -1.000 -1.000 -1.000 -1.000 1.00 -1000.0000000000 -1000.0000000000 -1000.0000000000 -1000.0000000000 True True False True
LargeVehicle 0.00 1 -1 1093.51 260.97 1138.66 311.57 -1.00 -1.00 -1.00 -1000.00 -1000.00 -1000.00 -1.000 -1.000 -1.000 -1.000 1.00 -1000.0000000000 -1000.0000000000 -1000.0000000000 -1000.0000000000 True True False True
Pedestrian 0.05 2 -1 344.00 271.00 370.00 335.00 2.02 0.77 0.44 -9.91 2.36 74.15 -0.859 0.000 0.000 0.712 1.00 0.0000000000 0.0000000000 0.3484112538 0.9373417724 False True False True
Pedestrian_is_group 0.00 2 -1 360.00 268.00 409.00 333.00 2.09 1.22 1.00 -9.18 2.34 75.44 0.852 0.000 0.000 2.423 1.00 0.0000000000 0.0000000000 0.9360682122 0.3518185643 False True False False
