PassengerCar 0.00 0 -1 32.00 191.00 478.00 578.00 1.54 1.77 4.22 -1.91 1.26 11.44 -1.694 -0.001 0.009 -0.124 1.00 -0.0002674754 0.0043191945 -0.0618081657 0.9980786661 True True True False
PassengerCar 0.37 1 -1 999.00 218.00 1280.00 524.00 1.30 1.85 4.23 2.77 1.15 12.50 -1.440 0.042 0.001 0.130 1.00 0.0210329741 0.0017592244 0.0650975947 0.9976556632 True True True False
PassengerCar 0.97 0 -1 1212.00 34.00 1280.00 720.00 1.59 1.97 4.19 3.19 1.20 6.31 -1.700 0.000 0.000 -0.129 1.00 0.0000000000 0.0000000000 -0.0645796145 0.9979125580 True True True False
PassengerCar 0.00 1 -1 900.00 223.00 1162.00 447.00 1.55 1.81 4.17 2.98 1.28 18.68 -1.385 0.032 0.020 0.186 1.00 0.0151294912 0.0113956955 0.0927861882 0.9955058814 True True True False
PassengerCar 0.00 2 -1 789.00 249.00 1069.00 412.00 1.50 1.75 4.03 2.61 1.44 24.11 -1.753 0.025 -0.002 -0.182 1.00 0.0125936167 -0.0021437661 -0.0909278601 0.9957755416 True True True False
PassengerCar 0.00 1 -1 684.00 253.00 898.00 389.00 1.63 1.72 4.11 1.52 1.59 30.07 -1.789 0.004 -0.017 -0.218 1.00 0.0009561562 -0.0087244533 -0.1089384882 0.9940097462 True True True False
PassengerCar 0.00 0 -1 561.00 270.00 730.00 358.00 1.59 1.52 2.94 -0.42 1.77 43.01 -3.283 0.000 0.000 -1.712 1.00 0.0000000000 0.0000000000 -0.7552558308 0.6554301107 True True True False
PassengerCar 0.00 0 -1 490.00 280.00 597.00 350.00 1.51 1.79 4.21 -2.84 1.96 52.45 -1.778 0.000 -0.001 -0.207 1.00 0.0000646646 -0.0006230718 -0.1032291224 0.9946574063 True True True False
LargeVehicle 1.00 3 -1 0.00 155.00 0.00 422.00 3.15 2.46 8.25 -10.99 1.94 31.76 -1.818 0.000 0.000 -0.248 1.00 0.0000000000 0.0000000000 -0.1235056256 0.9923438721 True False True False
Pedestrian 1.00 3 -1 0.00 227.00 0.00 419.00 1.80 0.55 0.46 -6.63 1.48 22.03 -3.330 0.000 0.000 -1.759 1.00 0.0000000000 0.0000000000 -0.7703333723 0.6376413534 True False True False
Pedestrian_is_group 0.00 1 -1 439.00 270.00 478.00 340.00 1.88 0.99 0.53 -5.67 2.14 63.07 -1.785 0.000 0.000 -0.214 1.00 0.0000000000 0.0000000000 -0.1067231861 0.9942887717 True True True False
Pedestrian_is_group 0.06 1 -1 477.00 266.00 498.00 329.00 1.92 0.47 0.63 -5.52 2.09 71.26 -0.130 0.000 0.000 1.441 1.00 0.0000000000 0.0000000000 0.6598034349 0.7514382391 True True True False
Pedestrian_is_group 0.00 3 -1 489.00 257.00 675.00 336.00 1.99 1.54 15.56 -2.71 1.96 65.99 1.288 0.000 0.000 2.859 1.00 0.0000000000 0.0000000000 0.9900180508 0.1409406225 True True True False
Pedestrian 0.05 2 -1 694.00 254.00 718.00 340.00 1.85 0.45 0.43 0.84 1.71 50.42 1.420 0.000 0.000 2.991 1.00 0.0000000000 0.0000000000 0.9971504771 0.0754382268 True True True False
