PassengerCar 0.00 0 -1 382.00 311.00 459.00 360.00 1.46 1.87 4.12 -7.86 3.12 74.28 -4.672 0.001 -0.002 -3.101 1.00 -0.0011083650 -0.0004704621 -0.9997903559 0.0204400218 True True True False
PassengerCar 0.00 2 -1 419.49 304.14 470.69 345.06 -1.00 -1.00 -1.00 -1000.00 -1000.00 -1000.00 -1.000 -1.000 -1.000 -1.000 1.00 -1000.0000000000 -1000.0000000000 -1000.0000000000 -1000.0000000000 True True False False
PassengerCar 0.00 2 -1 450.82 303.13 501.77 346.59 -1.00 -1.00 -1.00 -1000.00 -1000.00 -1000.00 -1.000 -1.000 -1.000 -1.000 1.00 -1000.0000000000 -1000.0000000000 -1000.0000000000 -1000.0000000000 True True False False
PassengerCar 0.00 1 -1 485.92 298.84 563.75 338.48 -1.00 -1.00 -1.00 -1000.00 -1000.00 -1000.00 -1.000 -1.000 -1.000 -1.000 1.00 -1000.0000000000 -1000.0000000000 -1000.0000000000 -1000.0000000000 True True False False
Pedestrian 0.00 0 -1 565.57 296.98 590.34 338.04 -1.00 -1.00 -1.00 -1000.00 -1000.00 -1000.00 -1.000 -1.000 -1.000 -1.000 1.00 -1000.0000000000 -1000.0000000000 -1000.0000000000 -1000.0000000000 True True False False
Pedestrian 0.00 0 -1 966.31 282.43 985.22 328.20 -1.00 -1.00 -1.00 -1000.00 -1000.00 -1000.00 -1.000 -1.000 -1.000 -1.000 1.00 -1000.0000000000 -1000.0000000000 -1000.0000000000 -1000.0000000000 True True False False
Pedestrian 0.00 0 -1 945.58 284.79 963.07 330.50 -1.00 -1.00 -1.00 -1000.00 -1000.00 -1000.00 -1.000 -1.000 -1.000 -1.000 1.00 -1000.0000000000 -1000.0000000000 -1000.0000000000 -1000.0000000000 True True False False
Pedestrian 0.00 1 -1 1131.01 277.68 1146.96 326.17 -1.00 -1.00 -1.00 -1000.00 -1000.00 -1000.00 -1.000 -1.000 -1.000 -1.000 1.00 -1000.0000000000 -1000.0000000000 -1000.0000000000 -1000.0000000000 True True False False
Pedestrian 0.00 2 -1 1097.43 279.76 1133.41 326.21 -1.00 -1.00 -1.00 -1000.00 -1000.00 -1000.00 -1.000 -1.000 -1.000 -1.000 1.00 -1000.0000000000 -1000.0000000000 -1000.0000000000 -1000.0000000000 True True False False
Pedestrian 0.00 2 -1 1199.69 261.04 1232.37 352.29 -1.00 -1.00 -1.00 -1000.00 -1000.00 -1000.00 -1.000 -1.000 -1.000 -1.000 1.00 -1000.0000000000 -1000.0000000000 -1000.0000000000 -1000.0000000000 True True False False
Pedestrian 0.00 0 -1 1195.00 279.00 1242.00 371.00 1.71 0.95 0.53 10.35 2.05 43.60 -3.281 0.003 -0.018 -1.710 1.00 -0.0059122086 -0.0068011627 -0.7546763086 0.6560354100 True True True False
Pedestrian 0.26 0 -1 1244.00 279.00 1280.00 376.00 1.58 0.61 0.59 9.87 1.88 38.19 1.556 0.000 0.000 3.127 1.00 0.0000000000 0.0000000000 0.9999732822 0.0073099126 True True True False
Pedestrian 0.00 1 -1 135.45 303.30 161.36 358.88 -1.00 -1.00 -1.00 -1000.00 -1000.00 -1000.00 -1.000 -1.000 -1.000 -1.000 1.00 -1000.0000000000 -1000.0000000000 -1000.0000000000 -1000.0000000000 True True False False
Pedestrian 0.00 0 -1 154.39 294.65 179.09 359.53 -1.00 -1.00 -1.00 -1000.00 -1000.00 -1000.00 -1.000 -1.000 -1.000 -1.000 1.00 -1000.0000000000 -1000.0000000000 -1000.0000000000 -1000.0000000000 True True False False
Pedestrian 0.00 0 -1 176.13 298.71 193.93 357.41 -1.00 -1.00 -1.00 -1000.00 -1000.00 -1000.00 -1.000 -1.000 -1.000 -1.000 1.00 -1000.0000000000 -1000.0000000000 -1000.0000000000 -1000.0000000000 True True False False
Pedestrian 0.00 0 -1 190.49 299.26 223.77 352.74 -1.00 -1.00 -1.00 -1000.00 -1000.00 -1000.00 -1.000 -1.000 -1.000 -1.000 1.00 -1000.0000000000 -1000.0000000000 -1000.0000000000 -1000.0000000000 True True False False
Pedestrian 1.00 3 -1 0.00 323.00 0.00 401.00 1.63 0.77 0.75 -16.93 2.94 48.96 -4.686 0.000 0.000 -3.115 1.00 0.0000000000 0.0000000000 -0.9999108595 0.0133518940 True False True False
Pedestrian 1.00 3 -1 1280.00 251.00 1280.00 353.00 1.93 0.83 0.57 12.63 1.77 44.74 -3.192 0.002 -0.038 -1.621 1.00 -0.0130685324 -0.0137407147 -0.7244778949 0.6890371442 True False True False
Pedestrian 0.00 1 -1 1164.11 283.05 1176.27 325.16 -1.00 -1.00 -1.00 -1000.00 -1000.00 -1000.00 -1.000 -1.000 -1.000 -1.000 1.00 -1000.0000000000 -1000.0000000000 -1000.0000000000 -1000.0000000000 True True False False
