PassengerCar 0.00 1 -1 540.00 232.00 599.00 283.00 1.51 1.75 4.12 -3.02 0.65 70.93 1.516 -0.001 0.009 3.087 1.00 -0.0045867066 -0.0003944169 0.9996186019 0.0272297123 True True True False
PassengerCar 0.00 3 -1 564.54 229.47 610.68 268.78 -1.00 -1.00 -1.00 -1000.00 -1000.00 -1000.00 -1.000 -1.000 -1.000 -1.000 1.00 -1000.0000000000 -1000.0000000000 -1000.0000000000 -1000.0000000000 True True False False
PassengerCar 0.00 0 -1 634.67 225.66 686.61 263.47 -1.00 -1.00 -1.00 -1000.00 -1000.00 -1000.00 -1.000 -1.000 -1.000 -1.000 1.00 -1000.0000000000 -1000.0000000000 -1000.0000000000 -1000.0000000000 True True False False
PassengerCar 0.00 2 -1 747.46 224.09 791.50 263.00 -1.00 -1.00 -1.00 -1000.00 -1000.00 -1000.00 -1.000 -1.000 -1.000 -1.000 1.00 -1000.0000000000 -1000.0000000000 -1000.0000000000 -1000.0000000000 True True False False
PassengerCar 0.00 2 -1 732.03 224.66 775.63 262.66 -1.00 -1.00 -1.00 -1000.00 -1000.00 -1000.00 -1.000 -1.000 -1.000 -1.000 1.00 -1000.0000000000 -1000.0000000000 -1000.0000000000 -1000.0000000000 True True False False
PassengerCar 0.00 2 -1 715.74 225.09 751.94 262.39 -1.00 -1.00 -1.00 -1000.00 -1000.00 -1000.00 -1.000 -1.000 -1.000 -1.000 1.00 -1000.0000000000 -1000.0000000000 -1000.0000000000 -1000.0000000000 True True False False
PassengerCar 0.00 1 -1 695.31 224.64 734.99 260.65 -1.00 -1.00 -1.00 -1000.00 -1000.00 -1000.00 -1.000 -1.000 -1.000 -1.000 1.00 -1000.0000000000 -1000.0000000000 -1000.0000000000 -1000.0000000000 True True False False
Pedestrian 1.00 1 -1 0.00 209.00 0.00 298.00 1.80 0.47 0.55 -13.97 0.75 47.40 0.021 0.000 0.000 1.591 1.00 0.0000000000 0.0000000000 0.7143175224 0.6998217468 True False True False
Pedestrian 0.06 0 -1 158.00 223.00 177.00 291.00 1.71 0.40 0.39 -12.64 0.76 58.76 0.006 0.000 0.000 1.577 1.00 0.0000000000 0.0000000000 0.7093253904 0.7048811890 True True True False
Pedestrian 0.07 0 -1 181.00 221.00 199.00 290.00 1.74 0.49 0.34 -12.04 0.74 58.55 -3.138 0.000 0.000 -1.567 1.00 0.0000000000 0.0000000000 -0.7058663547 0.7083450355 True True True False
Pedestrian 0.00 0 -1 224.00 228.00 252.00 295.00 1.71 0.61 0.58 -10.91 0.88 59.10 1.554 0.000 0.000 3.125 1.00 0.0000000000 0.0000000000 0.9999658892 0.0082595670 True True True False
Pedestrian 0.06 0 -1 247.00 226.00 270.00 294.00 1.71 0.50 0.48 -10.27 0.83 58.38 1.568 0.000 0.000 3.139 1.00 0.0000000000 0.0000000000 0.9999993145 0.0011708585 True True True False
Pedestrian 0.05 0 -1 292.00 221.00 318.00 284.00 1.71 0.42 0.68 -9.90 0.65 63.53 -4.379 0.000 0.000 -2.808 1.00 0.0000000000 0.0000000000 -0.9861274855 0.1659897053 True True True False
Pedestrian 0.06 0 -1 274.00 225.00 294.00 287.00 1.70 0.40 0.51 -10.53 0.73 63.82 -3.403 0.000 0.000 -1.832 1.00 0.0000000000 0.0000000000 -0.7932412377 0.6089074961 True True True False
Pedestrian 0.07 0 -1 213.00 224.00 230.00 287.00 1.71 0.39 0.45 -12.24 0.72 63.72 -0.260 0.000 0.000 1.311 1.00 0.0000000000 0.0000000000 0.6095810921 0.7927237174 False False False False
Pedestrian 0.07 0 -1 197.00 225.00 215.00 286.00 1.71 0.46 0.46 -12.87 0.72 64.80 1.265 0.000 0.000 2.836 1.00 0.0000000000 0.0000000000 0.9883527175 0.1521805039 False False False False
Pedestrian 0.06 0 -1 173.00 222.00 194.00 285.00 1.71 0.50 0.44 -13.22 0.66 63.44 0.070 0.000 0.000 1.641 1.00 0.0000000000 0.0000000000 0.7313537016 0.6819983601 True True True False
Pedestrian 0.00 3 -1 21.00 229.00 51.00 293.00 1.74 0.48 0.71 -17.37 0.88 63.90 -0.051 0.000 0.000 1.519 1.00 0.0000000000 0.0000000000 0.6886860953 0.7250596266 True True True False
Pedestrian 0.57 3 -1 0.00 229.00 10.00 292.00 1.73 0.44 0.52 -18.34 0.86 63.71 -0.054 0.000 0.000 1.517 1.00 0.0000000000 0.0000000000 0.6877084576 0.7259869677 True False True False
Pedestrian 1.00 3 -1 0.00 221.00 0.00 282.00 1.71 0.27 0.47 -21.50 0.60 64.39 -3.162 0.000 0.000 -1.591 1.00 0.0000000000 0.0000000000 -0.7141767957 0.6999653595 True False True True
Pedestrian_is_group 1.00 3 -1 0.00 220.00 0.00 282.00 1.70 2.01 1.41 -23.71 0.60 64.84 -3.160 0.000 0.000 -1.589 1.00 0.0000000000 0.0000000000 -0.7136688214 0.7004832713 True False True False
Pedestrian 0.06 0 -1 357.00 220.00 377.00 282.00 1.70 0.32 0.52 -8.31 0.59 64.35 -0.016 0.000 0.000 1.555 1.00 0.0000000000 0.0000000000 0.7015506320 0.7126196116 True True True False
Pedestrian 0.10 2 -1 362.00 219.00 373.00 282.00 1.72 0.48 0.25 -8.23 0.57 63.78 -0.053 0.000 0.000 1.518 1.00 0.0000000000 0.0000000000 0.6881107267 0.7256056972 True True False True
Pedestrian 0.08 0 -1 407.00 216.00 422.00 277.00 1.70 0.41 0.37 -7.12 0.46 65.41 -3.403 0.000 0.000 -1.833 1.00 0.0000000000 0.0000000000 -0.7933533403 0.6087614290 True True True False
Pedestrian 0.08 0 -1 438.00 221.00 454.00 278.00 1.70 0.43 0.41 -6.64 0.53 69.60 -4.689 0.000 0.000 -3.119 1.00 0.0000000000 0.0000000000 -0.9999340938 0.0114807684 True True True False
Pedestrian 0.00 0 -1 539.00 230.00 571.00 295.00 1.71 0.53 0.76 -2.96 0.91 61.23 -2.965 0.000 0.000 -1.395 1.00 0.0000000000 0.0000000000 -0.6421803252 0.7665536054 True True True False
Pedestrian 0.06 0 -1 868.00 219.00 888.00 276.00 1.72 0.56 0.47 6.45 0.46 70.92 -1.571 0.000 0.000 0.000 1.00 0.0000000000 0.0000000000 0.0000000000 1.0000000000 True True True False
Pedestrian 0.06 0 -1 883.00 219.00 902.00 282.00 1.69 0.51 0.50 6.14 0.58 63.23 -3.079 0.000 0.000 -1.509 1.00 0.0000000000 0.0000000000 -0.6847648572 0.7287640841 True True True False
Pedestrian 0.06 0 -1 911.00 219.00 933.00 286.00 1.77 0.49 0.53 6.75 0.67 61.49 -3.151 0.000 0.000 -1.580 1.00 0.0000000000 0.0000000000 -0.7104464073 0.7037513072 True True True False
Pedestrian 0.08 1 -1 946.00 219.00 960.00 284.00 1.70 0.45 0.32 7.54 0.61 61.35 -3.131 0.000 0.000 -1.561 1.00 0.0000000000 0.0000000000 -0.7035080924 0.7106872476 True True True False
Pedestrian 0.08 0 -1 934.00 219.00 948.00 284.00 1.70 0.39 0.32 7.15 0.61 60.71 -3.140 0.000 0.000 -1.569 1.00 0.0000000000 0.0000000000 -0.7065815200 0.7076316525 True True True False
Pedestrian 0.06 0 -1 970.00 222.00 994.00 284.00 1.64 0.58 0.55 8.28 0.62 61.12 -3.141 0.000 0.000 -1.570 1.00 0.0000000000 0.0000000000 -0.7069145336 0.7072989765 True True True False
Pedestrian 0.06 0 -1 1007.00 217.00 1028.00 283.00 1.71 0.43 0.47 9.08 0.58 60.17 -3.145 0.000 0.000 -1.574 1.00 0.0000000000 0.0000000000 -0.7081937394 0.7060181495 True True True False
Pedestrian 0.07 0 -1 999.00 210.00 1018.00 272.00 1.73 0.43 0.47 9.62 0.33 65.40 -3.139 0.000 0.000 -1.568 1.00 0.0000000000 0.0000000000 -0.7060753883 0.7081366718 True True True False
Pedestrian 0.06 0 -1 1055.00 213.00 1075.00 279.00 1.82 0.39 0.49 10.95 0.51 63.87 -3.146 0.000 0.000 -1.575 1.00 0.0000000000 0.0000000000 -0.7087643018 0.7054453661 True True True False
Pedestrian 0.06 0 -1 1078.00 211.00 1098.00 283.00 1.91 0.49 0.43 11.27 0.59 62.20 -3.131 0.000 0.000 -1.560 1.00 0.0000000000 0.0000000000 -0.7032065261 0.7109856410 True True True False
Pedestrian 0.06 1 -1 1102.00 215.00 1124.00 276.00 1.65 0.50 0.50 11.97 0.42 62.40 -4.669 0.000 0.000 -3.098 1.00 0.0000000000 0.0000000000 -0.9997614138 0.0218429747 True True True False
Pedestrian 0.05 0 -1 1124.00 215.00 1148.00 280.00 1.72 0.54 0.47 12.36 0.52 61.23 -4.708 0.000 0.000 -3.137 1.00 0.0000000000 0.0000000000 -0.9999977290 0.0021311930 True True True False
Pedestrian 0.06 1 -1 1177.00 212.00 1200.00 281.00 1.93 0.46 0.51 14.44 0.58 64.34 -0.007 0.000 0.000 1.564 1.00 0.0000000000 0.0000000000 0.7047692069 0.7094366533 True True True False
Pedestrian 1.00 3 -1 1280.00 214.00 1280.00 328.00 1.74 0.49 0.33 12.41 1.04 35.78 -4.215 0.000 0.000 -2.644 1.00 0.0000000000 0.0000000000 -0.9692249767 0.2461766530 True False True False
Pedestrian 1.00 3 -1 1280.00 215.00 1280.00 328.00 1.70 0.38 0.41 11.80 1.02 35.39 0.147 0.000 0.000 1.718 1.00 0.0000000000 0.0000000000 0.7572414613 0.6531350315 True False True False
Pedestrian 1.00 3 -1 1280.00 212.00 1280.00 327.00 1.72 0.43 0.49 12.36 1.00 35.02 -2.958 0.000 0.000 -1.388 1.00 0.0000000000 0.0000000000 -0.6394550751 0.7688284639 True False True False
Pedestrian_is_group 0.00 0 -1 1137.00 210.00 1166.00 281.00 1.89 0.61 0.79 13.06 0.54 62.67 -4.708 0.000 0.000 -3.137 1.00 0.0000000000 0.0000000000 -0.9999978838 0.0020572905 True True True False
Pedestrian 0.00 0 -1 1095.37 213.05 1132.96 281.57 -1.00 -1.00 -1.00 -1000.00 -1000.00 -1000.00 -1.000 -1.000 -1.000 -1.000 1.00 -1000.0000000000 -1000.0000000000 -1000.0000000000 -1000.0000000000 True True False False
Pedestrian 0.00 0 -1 444.10 216.58 461.16 268.58 -1.00 -1.00 -1.00 -1000.00 -1000.00 -1000.00 -1.000 -1.000 -1.000 -1.000 1.00 -1000.0000000000 -1000.0000000000 -1000.0000000000 -1000.0000000000 True True False False
Pedestrian 0.00 3 -1 416.08 212.79 437.84 274.71 -1.00 -1.00 -1.00 -1000.00 -1000.00 -1000.00 -1.000 -1.000 -1.000 -1.000 1.00 -1000.0000000000 -1000.0000000000 -1000.0000000000 -1000.0000000000 True True False True
Pedestrian 0.00 2 -1 418.21 225.95 441.08 278.85 -1.00 -1.00 -1.00 -1000.00 -1000.00 -1000.00 -1.000 -1.000 -1.000 -1.000 1.00 -1000.0000000000 -1000.0000000000 -1000.0000000000 -1000.0000000000 True True False False
Pedestrian 0.00 1 -1 826.05 211.41 847.07 263.18 -1.00 -1.00 -1.00 -1000.00 -1000.00 -1000.00 -1.000 -1.000 -1.000 -1.000 1.00 -1000.0000000000 -1000.0000000000 -1000.0000000000 -1000.0000000000 True True False False
Pedestrian 0.00 0 -1 941.46 209.88 1013.62 277.26 -1.00 -1.00 -1.00 -1000.00 -1000.00 -1000.00 -1.000 -1.000 -1.000 -1.000 1.00 -1000.0000000000 -1000.0000000000 -1000.0000000000 -1000.0000000000 True True False False
