PassengerCar 0.00 0 -1 323.00 278.00 428.00 338.00 1.52 1.72 3.97 -7.64 1.98 61.12 -4.561 0.000 0.000 -2.991 1.00 0.0000000000 0.0000000000 -0.9971539765 0.0753919563 True True True False
PassengerCar 0.00 0 -1 431.00 277.00 540.00 339.00 1.53 1.80 3.83 -4.61 1.95 59.47 -4.508 0.000 0.000 -2.938 1.00 0.0000000000 0.0000000000 -0.9948073206 0.1017762003 True True True False
PassengerCar 0.00 0 -1 690.17 277.65 734.71 313.35 -1.00 -1.00 -1.00 -1000.00 -1000.00 -1000.00 -1.000 -1.000 -1.000 -1.000 1.00 -1000.0000000000 -1000.0000000000 -1000.0000000000 -1000.0000000000 True True False False
PassengerCar 0.00 2 -1 814.50 275.65 863.97 308.91 -1.00 -1.00 -1.00 -1000.00 -1000.00 -1000.00 -1.000 -1.000 -1.000 -1.000 1.00 -1000.0000000000 -1000.0000000000 -1000.0000000000 -1000.0000000000 True True False False
PassengerCar 0.00 3 -1 979.31 283.64 1068.95 340.05 -1.00 -1.00 -1.00 -1000.00 -1000.00 -1000.00 -1.000 -1.000 -1.000 -1.000 1.00 -1000.0000000000 -1000.0000000000 -1000.0000000000 -1000.0000000000 True True False False
PassengerCar 0.00 0 -1 594.16 277.31 674.50 326.22 -1.00 -1.00 -1.00 -1000.00 -1000.00 -1000.00 -1.000 -1.000 -1.000 -1.000 1.00 -1000.0000000000 -1000.0000000000 -1000.0000000000 -1000.0000000000 True True False False
PassengerCar 0.00 0 -1 529.00 281.00 616.00 338.00 1.57 1.70 4.25 -2.72 2.18 67.36 -4.552 0.000 0.000 -2.981 1.00 0.0000000000 0.0000000000 -0.9967721347 0.0802826979 True True True False
PassengerCar 0.00 2 -1 719.55 276.43 759.08 310.19 -1.00 -1.00 -1.00 -1000.00 -1000.00 -1000.00 -1.000 -1.000 -1.000 -1.000 1.00 -1000.0000000000 -1000.0000000000 -1000.0000000000 -1000.0000000000 True True False False
PassengerCar 0.00 1 -1 741.00 276.71 787.64 308.63 -1.00 -1.00 -1.00 -1000.00 -1000.00 -1000.00 -1.000 -1.000 -1.000 -1.000 1.00 -1000.0000000000 -1000.0000000000 -1000.0000000000 -1000.0000000000 True True False False
PassengerCar 0.00 1 -1 781.32 278.11 832.72 308.23 -1.00 -1.00 -1.00 -1000.00 -1000.00 -1000.00 -1.000 -1.000 -1.000 -1.000 1.00 -1000.0000000000 -1000.0000000000 -1000.0000000000 -1000.0000000000 True True False False
DontCare 0.00 -1 -1 584.85 157.46 598.94 201.81 -1.00 -1.00 -1.00 -1000.00 -1000.00 -1000.00 -1.000 -1.000 -1.000 -1.000 1.00 -1000.0000000000 -1000.0000000000 -1000.0000000000 -1000.0000000000 False False False False
Vehicle 0.00 2 -1 1142.32 269.26 1262.14 341.56 -1.00 -1.00 -1.00 -1000.00 -1000.00 -1000.00 -1.000 -1.000 -1.000 -1.000 1.00 -1000.0000000000 -1000.0000000000 -1000.0000000000 -1000.0000000000 True True False False
Pedestrian 0.00 0 -1 928.00 170.00 1155.00 555.00 1.71 0.89 0.86 1.73 1.29 10.87 -0.072 0.012 0.054 1.499 1.00 -0.0140219799 0.0236828358 0.6808819625 0.7318758504 True True True False
Pedestrian 0.00 0 -1 787.00 210.00 989.00 549.00 1.55 0.63 0.72 1.05 1.32 11.11 -0.389 -0.020 0.045 1.182 1.00 -0.0207201537 0.0130112405 0.5573158523 0.8299400121 True True True False
Pedestrian 0.05 0 -1 422.00 263.00 445.00 341.00 1.78 0.40 0.40 -5.39 1.84 53.53 -2.867 0.000 0.000 -1.296 1.00 0.0000000000 0.0000000000 -0.6035766979 0.7973049415 True True True False
Pedestrian 0.00 2 -1 666.08 270.95 677.66 313.14 -1.00 -1.00 -1.00 -1000.00 -1000.00 -1000.00 -1.000 -1.000 -1.000 -1.000 1.00 -1000.0000000000 -1000.0000000000 -1000.0000000000 -1000.0000000000 False True False False
Pedestrian 0.00 0 -1 427.44 161.45 442.10 202.87 -1.00 -1.00 -1.00 -1000.00 -1000.00 -1000.00 -1.000 -1.000 -1.000 -1.000 1.00 -1000.0000000000 -1000.0000000000 -1000.0000000000 -1000.0000000000 True True False False
Pedestrian 0.00 0 -1 377.31 161.71 390.11 204.98 -1.00 -1.00 -1.00 -1000.00 -1000.00 -1000.00 -1.000 -1.000 -1.000 -1.000 1.00 -1000.0000000000 -1000.0000000000 -1000.0000000000 -1000.0000000000 True True False False
Pedestrian 0.00 0 -1 207.40 231.85 283.69 294.90 -1.00 -1.00 -1.00 -1000.00 -1000.00 -1000.00 -1.000 -1.000 -1.000 -1.000 1.00 -1000.0000000000 -1000.0000000000 -1000.0000000000 -1000.0000000000 True True False False
