PassengerCar 0.82 0 -1 0.00 184.00 90.00 523.00 1.53 1.88 4.50 -4.34 1.28 12.84 -1.738 0.006 -0.036 -0.167 1.00 0.0013944835 -0.0182162513 -0.0835718962 0.9963342621 True False True False
PassengerCar 0.64 3 -1 0.00 261.00 174.00 410.00 1.44 2.00 4.32 -7.54 1.46 24.10 -2.844 0.000 0.000 -1.273 1.00 0.0000000000 0.0000000000 -0.5944128532 0.8041600338 True True True False
PassengerCar 0.30 3 -1 0.00 267.00 204.00 368.00 1.56 1.90 4.24 -9.90 1.68 37.83 -2.791 0.000 0.000 -1.220 1.00 0.0000000000 0.0000000000 -0.5729222298 0.8196097356 True True True False
PassengerCar 0.00 3 -1 449.00 281.00 624.00 385.00 1.47 1.84 3.93 -2.03 1.78 35.00 -1.841 0.000 0.000 -0.270 1.00 0.0000000000 0.0000000000 -0.1346778701 0.9908894345 True True True False
PassengerCar 0.00 2 -1 541.00 284.00 788.00 440.00 1.47 1.78 3.57 -0.11 1.73 24.07 -1.802 0.006 -0.004 -0.231 1.00 0.0029656988 -0.0026095664 -0.1154352863 0.9933071476 True True True True
PassengerCar 0.00 0 -1 614.00 271.00 919.00 478.00 1.55 1.77 4.08 0.71 1.67 19.54 -1.733 0.003 -0.016 -0.162 1.00 0.0010212979 -0.0080768317 -0.0810902767 0.9966735116 True True True False
PassengerCar 0.00 0 -1 103.00 247.00 592.00 571.00 1.28 2.00 4.48 -1.44 1.25 11.97 1.524 0.026 0.018 3.095 1.00 -0.0087964775 0.0133524437 0.9995969259 0.0234588975 True True True False
PassengerCar 0.99 0 -1 1197.00 154.00 1280.00 720.00 1.37 1.81 4.40 2.69 1.28 4.48 -1.705 0.004 0.000 -0.134 1.00 0.0018993111 0.0001189396 -0.0671860310 0.9977386510 True True True False
Vehicle 0.00 3 -1 60.00 271.00 240.00 348.00 1.68 1.84 3.54 -11.72 1.93 52.67 -2.774 0.000 0.000 -1.203 1.00 0.0000000000 0.0000000000 -0.5657696433 0.8245633455 True False True True
Vehicle 0.00 3 -1 406.00 279.00 490.00 341.00 1.51 1.81 4.21 -5.60 1.97 58.86 -1.739 0.000 0.000 -0.168 1.00 0.0000000000 0.0000000000 -0.0840481978 0.9964616904 False False True True
Vehicle 0.00 3 -1 440.00 271.00 554.00 355.00 1.51 1.81 4.21 -3.30 1.72 44.39 -1.733 0.000 0.000 -0.162 1.00 0.0000000000 0.0000000000 -0.0808048738 0.9967299395 False False True True
