PassengerCar 0.00 0 -1 458.00 262.00 868.00 426.00 1.47 1.87 4.39 -0.15 1.49 23.19 -2.200 0.002 0.007 -0.630 1.00 0.0018424521 0.0029680131 -0.3096346577 0.9508491863 True True True False
PassengerCar 0.00 1 -1 386.00 272.00 548.00 371.00 1.65 1.91 4.59 -3.48 1.87 41.28 -4.575 0.000 0.000 -3.004 1.00 0.0000000000 0.0000000000 -0.9976280427 0.0688352265 True True True False
PassengerCar 0.64 1 -1 0.00 274.00 139.00 404.00 1.41 1.89 3.74 -8.21 1.57 26.69 -2.842 0.000 0.000 -1.271 1.00 0.0000000000 0.0000000000 -0.5934778544 0.8048503192 True False True False
PassengerCar 0.00 0 -1 1135.00 283.00 1217.00 333.00 1.53 1.82 4.27 15.97 2.23 73.02 -1.526 0.000 0.000 0.044 1.00 0.0000000000 0.0000000000 0.0222259992 0.9997529720 True True True False
PassengerCar 1.00 3 -1 1280.00 276.00 1280.00 359.00 1.76 1.66 4.18 22.38 2.09 50.65 -2.653 0.000 0.000 -1.082 1.00 0.0000000000 0.0000000000 -0.5149933604 0.8571941663 True False True False
PassengerCar 1.00 3 -1 1280.00 278.00 1280.00 339.00 1.51 1.89 4.68 23.81 1.97 59.55 -2.592 0.000 0.000 -1.021 1.00 0.0000000000 0.0000000000 -0.4887591119 0.8724187817 True False True False
PassengerCar 0.00 1 -1 819.37 281.39 891.65 324.39 -1.00 -1.00 -1.00 -1000.00 -1000.00 -1000.00 -1.000 -1.000 -1.000 -1.000 1.00 -1000.0000000000 -1000.0000000000 -1000.0000000000 -1000.0000000000 True True False False
Obstacle 0.00 1 -1 537.00 273.00 568.00 357.00 1.56 0.52 0.46 -2.12 1.78 43.04 -4.627 0.000 0.000 -3.056 1.00 0.0000000000 0.0000000000 -0.9990885137 0.0426865529 True False True False
Pedestrian 0.00 0 -1 1037.00 225.00 1087.00 384.00 1.82 0.40 0.56 4.57 1.41 26.86 0.150 -0.001 0.000 1.720 1.00 -0.0004720975 -0.0004062489 0.7579905356 0.6522652528 True True True False
Pedestrian 0.00 0 -1 1075.00 230.00 1130.00 383.00 1.79 0.60 0.44 5.14 1.43 27.42 -4.615 0.000 0.000 -3.044 1.00 0.0000000000 0.0000000000 -0.9988209906 0.0485451198 True True True False
Pedestrian 0.08 3 -1 0.00 236.00 62.00 433.00 1.81 0.66 0.44 -5.97 1.59 21.72 0.007 0.000 0.000 1.578 1.00 0.0000000000 0.0000000000 0.7097504498 0.7044531915 True False True False
Pedestrian 1.00 3 -1 0.00 249.00 0.00 364.00 1.73 0.58 0.52 -11.34 1.56 35.19 -0.351 0.000 0.000 1.220 1.00 0.0000000000 0.0000000000 0.5728079025 0.8196896406 True False True False
Pedestrian 1.00 3 -1 0.00 250.00 0.00 365.00 1.72 0.58 0.45 -11.86 1.57 35.31 -0.402 0.000 0.000 1.169 1.00 0.0000000000 0.0000000000 0.5518685323 0.8339311261 True False True False
Pedestrian 0.25 3 -1 0.00 248.00 28.00 358.00 1.84 0.46 0.55 -11.12 1.63 39.25 -4.701 0.000 0.000 -3.130 1.00 0.0000000000 0.0000000000 -0.9999823596 0.0059397464 True False True False
Pedestrian 0.00 2 -1 121.00 249.00 156.00 363.00 1.77 0.45 0.40 -8.32 1.60 36.53 -4.704 0.000 0.000 -3.133 1.00 0.0000000000 0.0000000000 -0.9999912121 0.0041923359 True True True False
Pedestrian 0.00 2 -1 151.00 244.00 188.00 366.00 2.00 0.54 0.27 -8.20 1.72 38.27 -4.641 0.000 0.000 -3.070 1.00 0.0000000000 0.0000000000 -0.9993629959 0.0356875674 True True True False
Pedestrian 0.00 0 -1 347.00 264.00 374.00 353.00 1.92 0.47 0.48 -6.66 2.00 50.42 -4.533 0.000 0.000 -2.962 1.00 0.0000000000 0.0000000000 -0.9959746149 0.0896357432 True True True False
Pedestrian 0.00 3 -1 327.00 266.00 356.00 347.00 1.74 0.51 0.56 -7.06 1.86 50.36 -4.663 0.000 0.000 -3.093 1.00 0.0000000000 0.0000000000 -0.9996990866 0.0245303128 True True True False
Pedestrian 0.00 0 -1 324.00 275.00 351.00 349.00 1.59 0.55 0.48 -7.11 1.89 50.08 1.480 0.000 0.000 3.051 1.00 0.0000000000 0.0000000000 0.9989662899 0.0454571417 True True True False
Pedestrian 0.00 2 -1 193.00 241.00 225.00 368.00 2.05 0.52 0.41 -7.43 1.73 37.63 -3.129 0.000 0.000 -1.559 1.00 0.0000000000 0.0000000000 -0.7027739750 0.7114131993 True True True False
Pedestrian 1.00 3 -1 0.00 249.00 0.00 356.00 1.64 0.44 0.37 -13.65 1.46 35.78 -4.705 0.000 0.000 -3.134 1.00 0.0000000000 0.0000000000 -0.9999924910 0.0038752892 True False True False
Pedestrian 0.05 2 -1 386.00 265.00 411.00 341.00 1.75 0.43 0.53 -6.20 1.84 53.52 -4.549 0.000 0.000 -2.978 1.00 0.0000000000 0.0000000000 -0.9966671534 0.0815756419 True True True False
Pedestrian 0.00 3 -1 438.89 259.53 462.53 335.88 -1.00 -1.00 -1.00 -1000.00 -1000.00 -1000.00 -1.000 -1.000 -1.000 -1.000 1.00 -1000.0000000000 -1000.0000000000 -1000.0000000000 -1000.0000000000 True True False False
Pedestrian 0.00 2 -1 295.80 264.02 321.29 361.23 -1.00 -1.00 -1.00 -1000.00 -1000.00 -1000.00 -1.000 -1.000 -1.000 -1.000 1.00 -1000.0000000000 -1000.0000000000 -1000.0000000000 -1000.0000000000 True True False False
