PassengerCar 0.99 3 -1 0.00 240.00 5.00 522.00 1.53 1.64 2.69 -5.19 1.44 14.13 1.528 -0.018 0.002 3.099 1.00 -0.0014146709 -0.0091475849 0.9997330480 0.0211696268 True True True False
PassengerCar 0.36 0 -1 1005.00 221.00 1280.00 518.00 1.64 1.78 4.06 3.35 1.45 14.87 -1.571 0.000 -0.008 0.000 1.00 0.0000000000 -0.0037665211 0.0000000000 0.9999929066 True True True False
PassengerCar 0.00 1 -1 879.00 243.00 1158.00 447.00 1.67 1.73 4.23 3.09 1.55 21.23 -1.615 0.000 0.000 -0.045 1.00 0.0000000000 0.0000000000 -0.0223173324 0.9997509373 True True True False
PassengerCar 0.00 2 -1 828.00 289.00 982.00 397.00 1.41 1.78 3.83 3.31 1.82 32.87 -1.571 0.000 0.000 0.000 1.00 0.0000000000 0.0000000000 0.0000000000 1.0000000000 True True True False
PassengerCar 0.00 2 -1 805.00 291.00 935.00 385.00 1.41 1.73 4.22 3.21 1.91 37.44 -1.571 0.000 0.000 0.000 1.00 0.0000000000 0.0000000000 0.0000000000 1.0000000000 True True True False
PassengerCar 0.00 0 -1 491.01 294.73 548.07 335.39 -1.00 -1.00 -1.00 -1000.00 -1000.00 -1000.00 -1.000 -1.000 -1.000 -1.000 1.00 -1000.0000000000 -1000.0000000000 -1000.0000000000 -1000.0000000000 True True False False
PassengerCar 0.00 0 -1 593.78 297.19 640.70 329.56 -1.00 -1.00 -1.00 -1000.00 -1000.00 -1000.00 -1.000 -1.000 -1.000 -1.000 1.00 -1000.0000000000 -1000.0000000000 -1000.0000000000 -1000.0000000000 True True False False
PassengerCar 0.00 0 -1 714.64 295.47 756.27 330.47 -1.00 -1.00 -1.00 -1000.00 -1000.00 -1000.00 -1.000 -1.000 -1.000 -1.000 1.00 -1000.0000000000 -1000.0000000000 -1000.0000000000 -1000.0000000000 True True False False
PassengerCar 0.00 0 -1 660.24 295.01 717.03 340.15 -1.00 -1.00 -1.00 -1000.00 -1000.00 -1000.00 -1.000 -1.000 -1.000 -1.000 1.00 -1000.0000000000 -1000.0000000000 -1000.0000000000 -1000.0000000000 True True False False
Pedestrian 0.06 0 -1 444.00 276.00 465.00 330.00 1.70 0.62 0.48 -6.77 2.19 73.97 -1.571 0.000 0.000 0.000 1.00 0.0000000000 0.0000000000 0.0000000000 1.0000000000 True True True False
Pedestrian 0.07 0 -1 422.00 275.00 441.00 330.00 1.73 0.55 0.50 -7.53 2.21 74.18 -1.571 0.000 0.000 0.000 1.00 0.0000000000 0.0000000000 0.0000000000 1.0000000000 True True True False
Pedestrian 0.00 0 -1 779.81 277.26 799.74 333.70 -1.00 -1.00 -1.00 -1000.00 -1000.00 -1000.00 -1.000 -1.000 -1.000 -1.000 1.00 -1000.0000000000 -1000.0000000000 -1000.0000000000 -1000.0000000000 True True False False
