PassengerCar 1.00 3 -1 0.00 288.00 0.00 573.00 1.48 1.79 4.31 -6.10 1.66 14.44 -4.671 0.000 0.000 -3.100 1.00 0.0000000000 0.0000000000 -0.9997864659 0.0206645259 True False True False
PassengerCar 0.71 2 -1 0.00 289.00 113.00 484.00 1.48 1.71 4.21 -6.30 1.74 20.04 -4.628 -0.012 -0.005 -3.058 1.00 -0.0028836949 0.0056482199 -0.9990982232 0.0419824051 True True True False
PassengerCar 0.00 0 -1 832.00 282.00 1016.00 408.00 1.45 1.76 3.83 3.21 1.75 29.63 -1.606 0.022 0.001 -0.036 1.00 0.0108550204 0.0001928389 -0.0177610974 0.9997833139 True True True False
PassengerCar 0.00 3 -1 823.00 285.00 940.00 389.00 1.69 1.73 3.82 3.68 2.13 40.29 -1.558 0.000 0.000 0.013 1.00 0.0000000000 0.0000000000 0.0064390067 0.9999792694 True True True False
PassengerCar 0.00 3 -1 803.00 284.00 904.00 372.00 1.68 1.73 3.82 3.70 2.16 46.64 -1.571 -0.001 0.000 0.000 1.00 -0.0004768496 0.0000000000 0.0000000000 0.9999998863 True True True False
PassengerCar 0.00 0 -1 688.05 300.67 746.28 342.51 -1.00 -1.00 -1.00 -1000.00 -1000.00 -1000.00 -1.000 -1.000 -1.000 -1.000 1.00 -1000.0000000000 -1000.0000000000 -1000.0000000000 -1000.0000000000 True True False False
PassengerCar 0.00 2 -1 578.88 301.42 625.05 333.99 -1.00 -1.00 -1.00 -1000.00 -1000.00 -1000.00 -1.000 -1.000 -1.000 -1.000 1.00 -1000.0000000000 -1000.0000000000 -1000.0000000000 -1000.0000000000 True True False False
PassengerCar 0.00 0 -1 635.97 297.60 692.30 331.21 -1.00 -1.00 -1.00 -1000.00 -1000.00 -1000.00 -1.000 -1.000 -1.000 -1.000 1.00 -1000.0000000000 -1000.0000000000 -1000.0000000000 -1000.0000000000 True True False False
PassengerCar 0.00 1 -1 534.61 301.34 602.26 354.03 -1.00 -1.00 -1.00 -1000.00 -1000.00 -1000.00 -1.000 -1.000 -1.000 -1.000 1.00 -1000.0000000000 -1000.0000000000 -1000.0000000000 -1000.0000000000 True True False False
Pedestrian 0.00 0 -1 316.00 277.00 347.00 367.00 1.74 0.53 0.50 -6.54 2.06 45.25 -4.704 -0.000 0.001 -3.133 1.00 0.0006761302 0.0000464487 -0.9999910208 0.0041831766 True True True False
Pedestrian 0.00 0 -1 397.00 286.00 425.00 356.00 1.68 0.62 0.75 -6.20 2.30 56.28 1.526 0.000 0.000 3.097 1.00 0.0000000000 0.0000000000 0.9997488445 0.0224108879 True True True False
Pedestrian 1.00 3 -1 1280.00 139.00 1280.00 500.00 1.87 0.79 0.24 4.56 1.25 12.46 0.131 0.000 0.000 1.702 1.00 0.0000000000 0.0000000000 0.7518231697 0.6593647864 True False True False
Pedestrian 1.00 3 -1 1280.00 138.00 1280.00 504.00 1.81 0.70 0.31 4.11 1.21 11.85 -0.031 0.000 0.000 1.539 1.00 0.0000000000 0.0000000000 0.6959255072 0.7181139801 True False True False
Pedestrian 0.00 1 -1 134.00 270.00 185.00 411.00 1.66 0.50 0.57 -6.05 1.77 27.67 -1.613 0.000 0.000 -0.043 1.00 0.0000000000 0.0000000000 -0.0213362038 0.9997723573 True True True False
Pedestrian 0.00 2 -1 1009.00 265.00 1036.00 350.00 1.75 0.50 0.50 7.35 1.85 48.02 -4.678 0.000 0.000 -3.107 1.00 0.0000000000 0.0000000000 -0.9998517555 0.0172182166 True True True False
