PassengerCar 0.00 1 -1 907.00 293.00 1069.00 351.00 1.46 1.77 4.02 8.83 2.42 63.98 -0.385 0.026 -0.017 1.186 1.00 0.0156595204 0.0001318008 0.5586709288 0.8292415543 True True True False
PassengerCar 1.00 3 -1 1280.00 286.00 1280.00 375.00 1.41 1.82 4.08 16.76 1.87 39.68 -3.578 0.008 0.003 -2.007 1.00 0.0037140075 -0.0025936308 -0.8434467958 0.5371936168 True False True False
PassengerCar 0.00 1 -1 852.32 290.69 911.05 318.14 -1.00 -1.00 -1.00 -1000.00 -1000.00 -1000.00 -1.000 -1.000 -1.000 -1.000 1.00 -1000.0000000000 -1000.0000000000 -1000.0000000000 -1000.0000000000 True True False False
Vehicle 0.00 2 -1 849.25 272.60 920.24 315.37 -1.00 -1.00 -1.00 -1000.00 -1000.00 -1000.00 -1.000 -1.000 -1.000 -1.000 1.00 -1000.0000000000 -1000.0000000000 -1000.0000000000 -1000.0000000000 True True False False
Vehicle 1.00 3 -1 1280.00 296.00 1280.00 376.00 1.39 1.80 4.20 16.17 2.06 42.92 -3.587 0.000 0.000 -2.016 1.00 0.0000000000 0.0000000000 -0.8456978896 0.5336619525 True False True True
Vehicle 1.00 3 -1 1280.00 288.00 1280.00 359.00 1.41 1.80 4.20 18.37 2.01 49.17 -3.888 0.000 0.000 -2.317 1.00 0.0000000000 0.0000000000 -0.9162449395 0.4006185354 True False True True
LargeVehicle 0.00 0 -1 496.00 214.00 709.00 354.00 3.66 2.62 13.20 -1.61 2.49 68.18 -1.319 0.022 -0.005 0.252 1.00 0.0111807307 -0.0010215289 0.1255134721 0.9920283847 True True True False
LargeVehicle 0.00 1 -1 655.00 229.00 821.00 339.00 3.47 2.93 11.93 2.70 2.57 82.25 -1.297 0.044 -0.016 0.273 1.00 0.0228610535 -0.0050522238 0.1363847293 0.9903792470 True True True False
Pedestrian 0.89 3 -1 1255.00 151.00 1280.00 658.00 1.69 0.60 0.42 2.43 1.32 8.08 -3.981 0.017 0.036 -2.410 1.00 0.0200396675 -0.0014536425 -0.9336662841 0.3575801568 True False True False
Pedestrian 1.00 3 -1 1280.00 172.00 1280.00 501.00 1.79 0.60 0.52 4.37 1.30 12.96 -4.185 0.010 0.022 -2.614 1.00 0.0119991945 -0.0018523982 -0.9653558465 0.2606543258 True False True False
Pedestrian 0.40 1 -1 1154.00 204.00 1280.00 571.00 1.58 0.73 0.49 2.66 1.33 10.45 -3.747 -0.020 0.027 -2.176 1.00 0.0073908763 0.0152554610 -0.8855015549 0.4643270854 True True True False
Pedestrian 0.00 2 -1 1109.00 222.00 1215.00 545.00 1.63 0.41 0.41 2.54 1.44 11.94 -3.294 0.000 0.000 -1.723 1.00 0.0000000000 0.0000000000 -0.7589120640 0.6511931197 True True True False
Pedestrian 0.00 2 -1 1045.00 201.00 1170.00 530.00 1.72 0.55 0.50 2.35 1.41 12.40 -3.282 0.002 -0.001 -1.711 1.00 0.0000480833 -0.0011771870 -0.7549931117 0.6557316625 True True True False
Pedestrian 0.00 2 -1 1042.00 193.00 1136.00 489.00 1.72 0.60 0.46 2.51 1.33 13.82 -3.120 0.001 0.018 -1.549 1.00 0.0067413949 0.0062168313 -0.6994596122 0.7146132909 True True True False
