PassengerCar 1.00 3 -1 0.00 349.00 0.00 406.00 1.42 1.71 4.30 -21.17 3.96 64.94 1.544 0.005 -0.007 3.115 1.00 0.0035399462 0.0023015686 0.9999024241 0.0133159278 True False True False
PassengerCar 1.00 3 -1 0.00 345.00 0.00 413.00 1.52 1.85 4.05 -21.13 3.62 57.03 1.477 0.017 -0.015 3.048 1.00 0.0076335465 0.0080294419 0.9988532800 0.0465766263 True False True False
Pedestrian 0.00 0 -1 36.00 243.00 190.00 509.00 1.79 0.73 0.88 -3.81 1.67 16.01 -3.122 0.000 0.000 -1.551 1.00 0.0000000000 0.0000000000 -0.6999811456 0.7141613233 True True True False
Pedestrian 0.19 0 -1 0.00 228.00 101.00 505.00 1.80 0.64 0.64 -4.18 1.59 15.46 -3.117 0.000 0.000 -1.546 1.00 0.0000000000 0.0000000000 -0.6984276648 0.7156806529 True True True False
Pedestrian 0.00 0 -1 341.00 315.00 375.00 408.00 1.85 0.58 0.63 -6.26 2.97 47.04 -0.040 0.000 0.000 1.531 1.00 0.0000000000 0.0000000000 0.6929642965 0.7209719022 True True True False
Pedestrian 0.00 1 -1 266.00 313.00 317.00 401.00 1.75 0.35 0.95 -7.46 2.78 46.10 -0.010 0.000 0.000 1.561 1.00 0.0000000000 0.0000000000 0.7036304434 0.7105661117 True True True False
Pedestrian 0.00 0 -1 231.00 321.00 257.00 402.00 1.64 0.41 0.46 -8.65 2.88 47.49 -0.010 0.000 0.000 1.561 1.00 0.0000000000 0.0000000000 0.7034576509 0.7107371760 True True True False
Pedestrian 0.05 0 -1 206.00 326.00 231.00 404.00 1.54 0.30 0.44 -9.02 2.86 46.68 0.009 -0.000 -0.002 1.579 1.00 0.0006139144 -0.0006192096 0.7101363518 0.7040636345 True True True False
Pedestrian 0.00 0 -1 180.00 329.00 208.00 406.00 1.51 0.44 0.47 -9.44 2.89 46.31 -0.004 0.000 0.000 1.566 1.00 0.0000000000 0.0000000000 0.7055680936 0.7086421278 True True True False
Pedestrian 1.00 3 -1 0.00 324.00 0.00 413.00 1.73 0.48 0.72 -14.11 2.98 45.77 -3.264 0.000 0.000 -1.693 1.00 0.0000000000 0.0000000000 -0.7489645446 0.6626100745 True False True False
Pedestrian 0.00 1 -1 134.00 317.00 180.00 406.00 1.83 0.36 0.88 -10.64 3.01 48.42 -3.130 0.000 0.000 -1.559 1.00 0.0000000000 0.0000000000 -0.7029344778 0.7112546098 True True True False
