PassengerCar 0.40 0 -1 1148.00 204.00 1280.00 372.00 2.27 1.97 4.55 8.43 1.57 33.62 -1.571 -0.001 -0.021 -0.000 1.00 -0.0004248019 -0.0102515535 -0.0000743234 0.9999473584 True True True False
PassengerCar 0.00 1 -1 4.00 301.00 135.00 372.00 1.45 1.79 4.03 -13.37 2.40 52.18 -4.683 0.000 0.014 -3.113 1.00 0.0068813552 -0.0000999687 -0.9998708158 0.0145254467 True True True False
PassengerCar 1.00 3 -1 0.00 301.00 0.00 397.00 1.56 1.90 4.14 -13.85 2.31 41.21 -4.660 0.019 -0.010 -3.090 1.00 -0.0048470348 -0.0096209615 -0.9996037601 0.0260051188 True False True False
LargeVehicle 0.06 2 -1 1072.00 191.00 1280.00 362.00 2.82 2.53 6.18 9.04 1.67 41.49 -1.571 0.000 0.008 0.000 1.00 0.0000000000 0.0038604466 0.0000000000 0.9999925484 True True True False
Pedestrian 1.00 3 -1 1280.00 243.00 1280.00 351.00 1.64 0.41 0.40 13.26 1.38 35.75 -2.772 0.000 0.000 -1.201 1.00 0.0000000000 0.0000000000 -0.5649708159 0.8251108878 True True True False
Pedestrian_is_group 1.00 3 -1 1280.00 248.00 1280.00 377.00 1.97 0.58 0.60 12.78 1.78 35.90 -0.964 0.000 0.000 0.607 1.00 0.0000000000 0.0000000000 0.2989340496 0.9542737731 True True True False
Pedestrian 1.00 3 -1 1280.00 241.00 1280.00 353.00 1.77 0.24 0.40 12.65 1.46 36.92 -0.674 0.000 0.000 0.897 1.00 0.0000000000 0.0000000000 0.4335806543 0.9011147631 True True True False
Pedestrian 1.00 3 -1 1280.00 243.00 1280.00 351.00 1.73 0.42 0.36 12.31 1.45 37.44 -0.637 0.000 0.000 0.934 1.00 0.0000000000 0.0000000000 0.4501361640 0.8929599285 True True True False
Pedestrian 1.00 3 -1 1280.00 247.00 1280.00 350.00 1.68 0.33 0.29 11.99 1.46 37.93 -0.747 0.000 0.000 0.823 1.00 0.0000000000 0.0000000000 0.4001407078 0.9164537162 True True True False
Pedestrian 1.00 3 -1 1280.00 233.00 1280.00 349.00 1.81 0.43 0.52 13.37 1.39 36.69 -1.364 0.000 0.000 0.207 1.00 0.0000000000 0.0000000000 0.1031195006 0.9946689744 True True True True
Pedestrian 1.00 3 -1 1280.00 239.00 1280.00 353.00 1.85 0.53 0.56 13.19 1.50 37.81 -1.363 0.000 0.000 0.207 1.00 0.0000000000 0.0000000000 0.1034835110 0.9946311693 True True True False
Pedestrian 1.00 3 -1 1280.00 238.00 1280.00 372.00 1.70 0.59 0.69 10.74 1.41 29.96 -1.334 0.000 0.000 0.237 1.00 0.0000000000 0.0000000000 0.1181347811 0.9929975697 True False True False
