PassengerCar 1.00 3 -1 0.00 0.00 21.00 720.00 1.51 2.05 4.79 -2.32 1.21 2.49 1.538 0.000 0.000 3.109 1.00 0.0000000000 0.0000000000 0.9998671100 0.0163022179 True False True False
PassengerCar 0.73 1 -1 0.00 187.00 379.00 720.00 1.42 2.01 4.23 -2.11 1.25 7.11 1.548 -0.000 0.016 3.119 1.00 -0.0079518047 -0.0000912925 0.9999024848 0.0114796065 True True True False
PassengerCar 0.00 1 -1 8.00 223.00 476.00 551.00 1.42 1.80 3.87 -2.01 1.27 12.04 1.547 0.000 0.000 3.118 1.00 0.0000000000 0.0000000000 0.9999308396 0.0117607809 True True True False
PassengerCar 0.00 2 -1 257.00 233.00 535.00 448.00 1.51 1.65 3.93 -2.02 1.32 18.27 -4.689 0.000 0.002 -3.119 1.00 0.0011768242 -0.0000135841 -0.9999326935 0.0115422434 True True True False
PassengerCar 0.00 2 -1 351.00 256.00 571.00 419.00 1.41 1.75 3.81 -1.90 1.38 22.37 -4.705 0.000 0.017 -3.134 1.00 0.0083880426 -0.0000322404 -0.9999574334 0.0038433211 True True True False
PassengerCar 0.00 1 -1 438.00 234.00 635.00 391.00 1.65 1.95 4.42 -1.42 1.35 26.79 -4.697 0.000 0.019 -3.126 1.00 0.0092862757 -0.0000701244 -0.9999283698 0.0075508627 True True True False
PassengerCar 1.00 3 -1 1264.00 0.00 1280.00 720.00 1.45 2.06 4.34 2.42 1.11 3.06 -1.589 0.000 -0.017 -0.018 1.00 0.0000773352 -0.0086114039 -0.0089798661 0.9999225969 True False True False
PassengerCar 0.81 1 -1 1019.00 162.00 1280.00 720.00 1.51 1.89 4.32 2.47 1.30 7.58 -1.582 -0.029 0.008 -0.012 1.00 -0.0143700633 0.0039224001 -0.0057495743 0.9998725211 True True True False
PassengerCar 0.45 1 -1 991.00 210.00 1280.00 551.00 1.54 1.83 3.82 2.91 1.29 12.40 -1.571 0.000 0.017 0.000 1.00 0.0000000000 0.0087137097 0.0000000000 0.9999620349 True True True False
PassengerCar 0.00 1 -1 918.00 226.00 1265.00 452.00 1.45 1.80 3.92 2.94 1.24 16.88 -1.571 0.000 0.000 0.000 1.00 0.0000000000 0.0000000000 0.0000000000 1.0000000000 True True True False
PassengerCar 0.00 2 -1 882.00 254.00 1115.00 417.00 1.41 1.65 3.87 3.04 1.36 21.97 -1.571 0.000 0.000 0.000 1.00 0.0000000000 0.0000000000 0.0000000000 1.0000000000 True True True False
PassengerCar 0.00 1 -1 753.00 246.00 966.00 328.00 1.57 2.02 4.61 3.99 1.39 48.93 -2.161 -0.002 -0.037 -0.590 1.00 -0.0063491372 -0.0176458444 -0.2908337673 0.9565897932 True True True False
PassengerCar 0.00 1 -1 716.00 256.00 835.00 328.00 1.59 1.95 4.28 2.45 1.52 53.56 -1.724 -0.002 -0.009 -0.153 1.00 -0.0011499173 -0.0041854616 -0.0764756905 0.9970619983 True True True False
PassengerCar 0.00 0 -1 661.00 272.00 731.00 319.00 1.50 1.88 4.11 0.91 1.87 75.65 -1.656 0.000 0.000 -0.085 1.00 0.0000000000 0.0000000000 -0.0426461496 0.9990902391 True True True False
Obstacle 1.00 3 -1 1280.00 188.00 1280.00 444.00 1.75 0.72 0.77 5.22 1.26 16.31 -1.571 0.000 0.000 0.000 1.00 0.0000000000 0.0000000000 0.0000000000 1.0000000000 True False True False
Pedestrian 0.00 0 -1 795.00 243.00 853.00 354.00 1.69 0.57 0.73 2.41 1.42 35.74 -2.092 0.000 0.000 -0.521 1.00 0.0000000000 0.0000000000 -0.2576935502 0.9662266992 True True True False
