PassengerCar 0.51 0 -1 0.00 278.00 212.00 488.00 1.50 1.80 4.47 -5.30 1.65 19.01 -4.598 0.003 -0.000 -3.027 1.00 -0.0000989117 -0.0017232812 -0.9983553996 0.0573019773 True True True False
PassengerCar 0.00 0 -1 228.00 297.00 388.00 407.00 1.33 1.66 4.05 -4.87 1.88 31.91 1.527 -0.056 -0.019 3.098 1.00 0.0086328868 -0.0281315975 0.9993191985 0.0222536752 True True True False
PassengerCar 0.00 2 -1 693.00 316.00 763.00 374.00 1.47 1.83 3.97 1.62 3.00 63.21 -1.563 0.000 0.000 0.007 1.00 0.0000000000 0.0000000000 0.0036582030 0.9999933088 True True True False
PassengerCar 0.00 3 -1 551.96 309.04 605.66 347.73 -1.00 -1.00 -1.00 -1000.00 -1000.00 -1000.00 -1.000 -1.000 -1.000 -1.000 1.00 -1000.0000000000 -1000.0000000000 -1000.0000000000 -1000.0000000000 True True False False
PassengerCar 0.00 2 -1 555.61 309.44 599.00 349.15 -1.00 -1.00 -1.00 -1000.00 -1000.00 -1000.00 -1.000 -1.000 -1.000 -1.000 1.00 -1000.0000000000 -1000.0000000000 -1000.0000000000 -1000.0000000000 True True False False
PassengerCar 0.00 2 -1 544.86 309.54 588.88 351.17 -1.00 -1.00 -1.00 -1000.00 -1000.00 -1000.00 -1.000 -1.000 -1.000 -1.000 1.00 -1000.0000000000 -1000.0000000000 -1000.0000000000 -1000.0000000000 True True False False
Obstacle 1.00 3 -1 0.00 266.00 0.00 382.00 1.58 0.50 0.44 -9.60 1.65 31.90 -4.579 0.000 0.000 -3.008 1.00 0.0000000000 0.0000000000 -0.9977628645 0.0668525708 True False True False
Obstacle 0.00 3 -1 0.00 258.00 45.00 388.00 1.91 0.57 0.40 -9.50 1.87 34.17 -1.571 0.000 0.000 0.000 1.00 0.0000000000 0.0000000000 0.0000000000 1.0000000000 True False True True
Pedestrian 0.07 0 -1 780.00 304.00 800.00 356.00 1.72 0.65 0.57 4.09 3.18 77.34 -1.468 0.000 0.000 0.103 1.00 0.0000000000 0.0000000000 0.0514374746 0.9986762169 True True True False
Pedestrian 0.00 1 -1 796.02 309.61 812.10 352.83 -1.00 -1.00 -1.00 -1000.00 -1000.00 -1000.00 -1.000 -1.000 -1.000 -1.000 1.00 -1000.0000000000 -1000.0000000000 -1000.0000000000 -1000.0000000000 True True False True
