PassengerCar 0.00 0 -1 354.00 277.00 513.00 391.00 1.36 1.64 3.12 -2.90 1.56 29.27 -1.557 0.000 0.000 0.014 1.00 0.0000000000 0.0000000000 0.0070008248 0.9999754939 True True True False
PassengerCar 0.00 0 -1 627.00 276.00 743.00 369.00 1.46 1.76 3.74 0.25 1.71 38.53 -1.602 0.000 0.000 -0.031 1.00 0.0000000000 0.0000000000 -0.0157064407 0.9998766463 True True True True
PassengerCar 0.00 2 -1 594.00 280.00 694.00 350.00 1.50 1.80 3.96 -0.56 1.94 52.13 -1.694 0.000 0.000 -0.123 1.00 0.0000000000 0.0000000000 -0.0613773328 0.9981146342 True True True False
PassengerCar 0.00 2 -1 582.00 286.00 663.00 341.00 1.55 1.90 3.96 -1.37 2.32 68.85 -1.719 0.000 0.000 -0.148 1.00 0.0000000000 0.0000000000 -0.0739393681 0.9972627386 True True True False
PassengerCar 0.00 1 -1 474.00 284.00 542.00 337.00 1.50 1.89 3.99 -4.67 2.18 67.87 -1.664 0.000 0.000 -0.093 1.00 0.0000000000 0.0000000000 -0.0464093569 0.9989225053 True True True False
PassengerCar 0.00 1 -1 514.11 279.80 583.61 321.85 -1.00 -1.00 -1.00 -1000.00 -1000.00 -1000.00 -1.000 -1.000 -1.000 -1.000 1.00 -1000.0000000000 -1000.0000000000 -1000.0000000000 -1000.0000000000 True True False False
PassengerCar 1.00 3 -1 0.00 151.00 0.00 720.00 1.39 1.58 3.52 -3.31 1.25 4.83 -1.571 0.000 0.000 0.000 1.00 0.0000000000 0.0000000000 0.0000000000 1.0000000000 True False True False
DontCare 1.00 3 -1 0.00 257.00 0.00 339.00 1.99 1.46 0.86 -21.88 1.91 56.53 -1.595 0.000 0.000 -0.024 1.00 0.0000000000 0.0000000000 -0.0120758024 0.9999270848 False False False False
DontCare 0.00 -1 -1 895.00 288.00 1048.00 341.00 1.25 1.82 3.42 7.44 1.94 57.00 -3.234 0.000 0.000 -1.664 1.00 0.0000000000 0.0000000000 -0.7391477431 0.6735433274 False False False False
DontCare 1.00 3 -1 1280.00 203.00 1280.00 480.00 1.78 2.21 5.09 8.35 1.43 17.58 -1.468 0.000 0.000 0.103 1.00 0.0000000000 0.0000000000 0.0513473862 0.9986808529 False False False False
DontCare 1.00 3 -1 1280.00 242.00 1280.00 417.00 1.56 1.80 4.41 8.82 1.41 22.97 1.563 0.000 0.000 3.134 1.00 0.0000000000 0.0000000000 0.9999923594 0.0039091111 False False False False
DontCare 1.00 3 -1 1280.00 253.00 1280.00 347.00 1.89 2.63 7.69 16.43 1.76 50.65 -1.596 0.000 0.000 -0.025 1.00 0.0000000000 0.0000000000 -0.0126589617 0.9999198721 False False False False
DontCare 0.00 -1 -1 872.00 279.00 1009.00 339.00 1.64 1.70 3.65 7.70 2.17 65.37 -2.902 0.000 0.000 -1.331 1.00 0.0000000000 0.0000000000 -0.6174445964 0.7866143721 False False False False
DontCare 0.00 -1 -1 932.96 269.47 1101.19 337.90 -1.00 -1.00 -1.00 -1000.00 -1000.00 -1000.00 -1.000 -1.000 -1.000 -1.000 1.00 -1000.0000000000 -1000.0000000000 -1000.0000000000 -1000.0000000000 False False False False
DontCare 0.00 -1 -1 965.00 280.00 1154.00 349.00 1.41 1.69 3.62 8.34 1.83 49.37 -2.655 0.000 0.000 -1.084 1.00 0.0000000000 0.0000000000 -0.5157326396 0.8567495810 False False False False
DontCare 0.00 -1 -1 793.82 265.52 813.41 303.83 -1.00 -1.00 -1.00 -1000.00 -1000.00 -1000.00 -1.000 -1.000 -1.000 -1.000 1.00 -1000.0000000000 -1000.0000000000 -1000.0000000000 -1000.0000000000 False False False False
DontCare 0.00 -1 -1 695.01 276.77 757.17 312.14 -1.00 -1.00 -1.00 -1000.00 -1000.00 -1000.00 -1.000 -1.000 -1.000 -1.000 1.00 -1000.0000000000 -1000.0000000000 -1000.0000000000 -1000.0000000000 False False False False
DontCare 0.00 -1 -1 1177.05 258.80 1200.82 325.87 -1.00 -1.00 -1.00 -1000.00 -1000.00 -1000.00 -1.000 -1.000 -1.000 -1.000 1.00 -1000.0000000000 -1000.0000000000 -1000.0000000000 -1000.0000000000 False False False False
DontCare 0.00 -1 -1 71.95 279.94 334.95 336.61 -1.00 -1.00 -1.00 -1000.00 -1000.00 -1000.00 -1.000 -1.000 -1.000 -1.000 1.00 -1000.0000000000 -1000.0000000000 -1000.0000000000 -1000.0000000000 False False False False
Pedestrian_is_group 1.00 3 -1 0.00 265.00 0.00 353.00 2.04 0.66 0.59 -20.09 2.15 54.27 -1.367 0.020 -0.004 0.204 1.00 0.0103666917 -0.0011956541 0.1016348945 0.9947670332 True False True False
Pedestrian 1.00 3 -1 0.00 280.00 0.00 339.00 1.48 0.47 0.38 -18.99 1.98 58.71 1.478 0.000 0.000 3.049 1.00 0.0000000000 0.0000000000 0.9989269316 0.0463139867 True False True False
Pedestrian 1.00 3 -1 0.00 275.00 0.00 341.00 1.66 0.44 0.50 -19.81 2.01 58.59 -0.474 0.000 0.000 1.097 1.00 0.0000000000 0.0000000000 0.5213123612 0.8533659368 True False True False
Pedestrian 0.00 2 -1 534.96 269.98 586.37 309.78 -1.00 -1.00 -1.00 -1000.00 -1000.00 -1000.00 -1.000 -1.000 -1.000 -1.000 1.00 -1000.0000000000 -1000.0000000000 -1000.0000000000 -1000.0000000000 True True False False
