PassengerCar 1.00 3 -1 0.00 259.00 0.00 686.00 1.44 1.75 3.48 -4.32 1.46 9.73 1.467 0.007 0.001 3.038 1.00 -0.0001850158 0.0034565724 0.9986453026 0.0519189505 True False True False
PassengerCar 0.68 1 -1 0.00 285.00 112.00 527.00 1.43 1.57 3.07 -4.67 1.59 15.26 1.477 -0.002 -0.005 3.048 1.00 0.0025475190 -0.0011860324 0.9988927489 0.0469614699 True True True False
PassengerCar 0.09 1 -1 0.00 288.00 226.00 474.00 1.48 1.65 3.30 -4.96 1.75 20.74 1.484 0.015 0.001 3.054 1.00 -0.0002684653 0.0075451106 0.9990207647 0.0435948493 True True True False
PassengerCar 0.00 3 -1 58.00 294.00 261.00 451.00 1.50 1.78 4.03 -5.49 1.91 25.50 1.447 0.028 0.003 3.018 1.00 -0.0005700835 0.0140207441 0.9979955248 0.0617092077 True True True False
PassengerCar 0.00 2 -1 148.00 297.00 323.00 422.00 1.44 1.76 4.33 -5.66 1.98 30.90 1.497 0.044 0.002 3.068 1.00 -0.0003645902 0.0219614829 0.9990730811 0.0370207904 True True True False
PassengerCar 0.00 3 -1 228.00 283.00 348.00 396.00 1.79 1.82 4.20 -6.50 2.22 40.14 1.450 0.032 -0.007 3.021 1.00 0.0045816895 0.0156517707 0.9980517214 0.0602228499 True True True False
PassengerCar 0.00 0 -1 378.00 294.00 456.00 355.00 1.50 1.93 4.04 -6.47 2.38 60.14 1.466 0.001 -0.001 3.037 1.00 0.0006667905 0.0005246676 0.9986397931 0.0521329437 True True True False
PassengerCar 1.00 3 -1 1280.00 155.00 1280.00 720.00 1.57 1.61 3.10 3.12 1.37 6.52 -1.647 -0.010 -0.002 -0.076 1.00 -0.0048104658 -0.0010073103 -0.0381001989 0.9992618374 True True True False
PassengerCar 0.29 1 -1 942.00 268.00 1280.00 595.00 1.39 1.42 3.32 2.40 1.44 11.62 -1.645 -0.003 -0.000 -0.074 1.00 -0.0014266895 -0.0000220971 -0.0370285542 0.9993131893 True True True False
PassengerCar 0.00 1 -1 805.00 201.00 1163.00 496.00 1.95 1.78 4.12 2.23 1.56 17.48 -1.662 0.006 0.000 -0.091 1.00 0.0027588774 0.0000405040 -0.0454212732 0.9989641109 True True True False
PassengerCar 0.00 3 -1 764.00 283.00 982.00 444.00 1.54 1.66 3.66 2.06 1.77 24.22 -1.652 0.000 0.000 -0.081 1.00 0.0000000000 0.0000000000 -0.0405847548 0.9991760994 True True True False
PassengerCar 0.00 1 -1 689.00 291.00 868.00 413.00 1.49 1.75 3.38 1.40 1.90 30.48 -1.709 0.000 0.000 -0.138 1.00 0.0000000000 0.0000000000 -0.0690317356 0.9976144644 True True True False
PassengerCar 0.00 3 -1 668.00 298.00 805.00 396.00 1.42 1.65 3.56 1.02 2.02 36.13 -1.683 0.000 0.000 -0.112 1.00 0.0000000000 0.0000000000 -0.0562181630 0.9984185085 True True True False
PassengerCar 0.00 3 -1 606.82 300.73 647.13 334.47 -1.00 -1.00 -1.00 -1000.00 -1000.00 -1000.00 -1.000 -1.000 -1.000 -1.000 1.00 -1000.0000000000 -1000.0000000000 -1000.0000000000 -1000.0000000000 True True False False
Vehicle 0.00 3 -1 240.00 287.00 349.00 393.00 2.00 1.99 4.06 -7.39 2.57 46.35 1.445 -0.006 -0.018 3.015 1.00 0.0090012951 -0.0035396749 0.9979609204 0.0630907978 True False False True
Pedestrian 0.00 0 -1 573.86 297.10 589.73 332.56 -1.00 -1.00 -1.00 -1000.00 -1000.00 -1000.00 -1.000 -1.000 -1.000 -1.000 1.00 -1000.0000000000 -1000.0000000000 -1000.0000000000 -1000.0000000000 True True False False
Pedestrian 0.00 0 -1 542.09 294.73 556.33 331.40 -1.00 -1.00 -1.00 -1000.00 -1000.00 -1000.00 -1.000 -1.000 -1.000 -1.000 1.00 -1000.0000000000 -1000.0000000000 -1000.0000000000 -1000.0000000000 True True False False
Pedestrian 0.00 0 -1 555.50 298.62 569.37 331.30 -1.00 -1.00 -1.00 -1000.00 -1000.00 -1000.00 -1.000 -1.000 -1.000 -1.000 1.00 -1000.0000000000 -1000.0000000000 -1000.0000000000 -1000.0000000000 True True False False
