PassengerCar 0.72 1 -1 0.00 287.00 102.00 427.00 1.42 1.51 3.69 -8.10 1.71 25.20 0.440 0.000 0.000 2.011 1.00 0.0000000000 0.0000000000 0.8443918345 0.5357260772 True True True False
PassengerCar 0.00 0 -1 438.00 284.00 510.00 342.00 1.63 1.75 4.47 -5.71 2.34 68.99 -4.709 0.000 0.000 -3.139 1.00 0.0000000000 0.0000000000 -0.9999989148 0.0014732602 True True True False
PassengerCar 0.00 0 -1 840.45 302.29 894.28 344.20 -1.00 -1.00 -1.00 -1000.00 -1000.00 -1000.00 -1.000 -1.000 -1.000 -1.000 1.00 -1000.0000000000 -1000.0000000000 -1000.0000000000 -1000.0000000000 True True False False
Pedestrian 0.00 0 -1 312.00 209.00 405.00 497.00 1.72 0.45 0.33 -1.87 1.41 14.10 -2.286 0.000 0.000 -0.716 1.00 0.0000000000 0.0000000000 -0.3502277262 0.9366645823 True True True False
Pedestrian 0.00 1 -1 25.00 191.00 190.00 510.00 1.77 0.63 0.79 -3.17 1.38 13.21 -3.145 0.000 0.000 -1.574 1.00 0.0000000000 0.0000000000 -0.7083427505 0.7058686477 True True True False
Pedestrian 0.00 0 -1 7.00 232.00 132.00 521.00 1.53 0.59 0.34 -3.25 1.38 12.63 -2.103 0.000 0.000 -0.532 1.00 0.0000000000 0.0000000000 -0.2630652638 0.9647780403 True True True False
Pedestrian 0.05 0 -1 1139.00 294.00 1165.00 358.00 1.52 0.55 0.58 11.54 2.30 55.31 0.138 0.000 0.000 1.709 1.00 0.0000000000 0.0000000000 0.7541135424 0.6567440637 True True True False
Pedestrian 0.06 0 -1 1156.00 291.00 1179.00 354.00 1.50 0.50 0.51 12.02 2.24 55.83 0.174 0.000 0.000 1.745 1.00 0.0000000000 0.0000000000 0.7658066875 0.6430708494 True True True False
Pedestrian 0.07 0 -1 1179.00 293.00 1196.00 355.00 1.53 0.40 0.52 12.88 2.33 57.47 -1.386 0.000 0.000 0.185 1.00 0.0000000000 0.0000000000 0.0925047969 0.9957122388 True True True False
Pedestrian 0.05 1 -1 1197.00 291.00 1222.00 360.00 1.64 0.52 0.52 13.00 2.36 55.70 0.145 0.000 0.000 1.715 1.00 0.0000000000 0.0000000000 0.7563723010 0.6541413779 True True True False
Pedestrian 0.05 1 -1 1221.00 284.00 1247.00 349.00 1.46 0.52 0.59 12.83 1.99 52.54 -1.413 0.000 0.000 0.158 1.00 0.0000000000 0.0000000000 0.0786732205 0.9969004586 True True True False
Pedestrian 0.26 1 -1 1262.00 286.00 1280.00 351.00 1.50 0.50 0.55 14.10 2.09 54.02 -1.286 0.000 0.000 0.284 1.00 0.0000000000 0.0000000000 0.1417452593 0.9899031677 True True True False
Pedestrian 0.00 1 -1 1264.87 279.06 1275.05 343.38 -1.00 -1.00 -1.00 -1000.00 -1000.00 -1000.00 -1.000 -1.000 -1.000 -1.000 1.00 -1000.0000000000 -1000.0000000000 -1000.0000000000 -1000.0000000000 True True True False
Pedestrian 0.06 0 -1 207.00 275.00 228.00 336.00 1.67 0.51 0.51 -12.40 2.06 64.01 -1.881 0.000 0.000 -0.310 1.00 0.0000000000 0.0000000000 -0.1545575053 0.9879837942 True True True False
Pedestrian 0.07 1 -1 187.00 274.00 205.00 332.00 1.66 0.46 0.49 -13.40 2.03 66.03 -3.372 0.000 0.000 -1.801 1.00 0.0000000000 0.0000000000 -0.7837516616 0.6210743376 True True True False
Pedestrian 0.08 1 -1 176.00 271.00 191.00 334.00 1.72 0.61 0.36 -13.37 2.01 64.25 -3.414 0.000 0.000 -1.843 1.00 0.0000000000 0.0000000000 -0.7965315429 0.6045969742 True True True False
Pedestrian 0.07 0 -1 217.00 272.00 236.00 332.00 1.73 0.52 0.50 -12.88 2.07 67.87 1.337 0.000 0.000 2.908 1.00 0.0000000000 0.0000000000 0.9931799148 0.1165918388 True True True False
Pedestrian 0.00 0 -1 183.11 271.63 204.25 329.25 -1.00 -1.00 -1.00 -1000.00 -1000.00 -1000.00 -1.000 -1.000 -1.000 -1.000 1.00 -1000.0000000000 -1000.0000000000 -1000.0000000000 -1000.0000000000 True True False False
Pedestrian 0.05 3 -1 28.00 268.00 52.00 343.00 1.68 0.53 0.52 -14.25 1.86 52.75 -3.378 0.000 0.000 -1.807 1.00 0.0000000000 0.0000000000 -0.7854669698 0.6189035783 True False True False
Pedestrian 0.67 3 -1 0.00 259.00 9.00 345.00 1.95 0.50 0.58 -15.14 1.90 52.35 -3.376 0.000 0.000 -1.805 1.00 0.0000000000 0.0000000000 -0.7849078531 0.6196125097 True True True False
