PassengerCar 0.00 3 -1 173.00 315.00 401.00 426.00 1.33 1.74 3.50 -4.91 2.06 30.43 -1.337 -0.002 -0.007 0.234 1.00 -0.0004039040 -0.0034360041 0.1167459419 0.9931557863 True False True False
PassengerCar 0.00 1 -1 334.00 310.00 534.00 409.00 1.42 2.02 3.98 -3.55 2.19 36.03 -1.378 -0.002 -0.009 0.193 1.00 -0.0004476229 -0.0046338885 0.0961490852 0.9953560570 True True True False
PassengerCar 0.00 0 -1 509.00 317.00 743.00 437.00 1.28 1.69 3.50 -0.41 1.96 27.19 -1.265 0.011 -0.012 0.306 1.00 0.0062232809 -0.0052374655 0.1523029236 0.9883003891 True True True False
PassengerCar 0.00 0 -1 792.00 317.00 863.00 364.00 1.47 1.82 3.64 5.43 3.42 78.51 -4.479 0.000 0.000 -2.908 1.00 0.0000000000 0.0000000000 -0.9931744609 0.1166382877 True True True False
PassengerCar 0.06 0 -1 1080.00 297.00 1280.00 379.00 1.72 1.80 4.57 11.55 2.54 51.71 -3.678 0.000 0.000 -2.107 1.00 0.0000000000 0.0000000000 -0.8691467255 0.4945543141 True True True False
PassengerCar 0.24 3 -1 1142.00 305.00 1280.00 368.00 1.50 1.80 4.20 13.88 2.61 57.37 -2.946 -0.001 -0.006 -1.376 1.00 -0.0025591097 -0.0021026598 -0.6348322233 0.7726429175 True True True False
PassengerCar 0.13 0 -1 0.00 308.00 352.00 525.00 1.30 1.54 2.88 -3.46 1.65 16.02 -1.302 -0.003 0.001 0.269 1.00 -0.0014028694 0.0003767002 0.1339162544 0.9909915877 True True True False
PassengerCar 1.00 3 -1 1280.00 299.00 1280.00 460.00 1.34 1.76 3.99 7.92 1.71 21.63 -1.127 -0.005 -0.012 0.444 1.00 -0.0014049469 -0.0062254949 0.2201356209 0.9754483983 True False True False
LargeVehicle 1.00 3 -1 0.00 281.00 0.00 417.00 3.51 2.62 16.45 -28.45 4.08 65.82 0.609 0.000 0.000 2.179 1.00 0.0000000000 0.0000000000 0.8864645534 0.4627964947 True False True False
Pedestrian 0.00 1 -1 1231.45 274.34 1267.05 385.99 -1.00 -1.00 -1.00 -1000.00 -1000.00 -1000.00 -1.000 -1.000 -1.000 -1.000 1.00 -1000.0000000000 -1000.0000000000 -1000.0000000000 -1000.0000000000 True True False False
