PassengerCar 0.81 0 -1 0.00 260.00 137.00 613.00 1.34 1.81 3.96 -3.86 1.37 10.94 1.570 -0.013 -0.003 3.141 1.00 0.0015690694 -0.0064217856 0.9999780566 0.0004301972 True True True False
PassengerCar 0.00 1 -1 57.00 280.00 352.00 475.00 1.41 1.74 3.77 -3.62 1.57 18.77 1.541 0.000 0.000 3.112 1.00 0.0000000000 0.0000000000 0.9998868256 0.0150444693 True True True False
PassengerCar 0.00 2 -1 240.00 285.00 446.00 426.00 1.41 1.70 3.77 -3.48 1.69 25.54 -4.704 0.000 0.000 -3.133 1.00 0.0000000000 0.0000000000 -0.9999913965 0.0041481158 True True True False
PassengerCar 0.00 2 -1 349.00 283.00 496.00 397.00 1.51 1.71 3.73 -3.39 1.82 32.74 1.561 0.000 0.000 3.131 1.00 0.0000000000 0.0000000000 0.9999868760 0.0051232569 True True True False
PassengerCar 0.00 2 -1 431.00 288.00 544.00 380.00 1.45 1.64 3.85 -2.98 1.92 39.16 1.557 0.000 0.000 3.128 1.00 0.0000000000 0.0000000000 0.9999776445 0.0066865934 True True True False
PassengerCar 0.00 2 -1 503.00 290.00 589.00 358.00 1.52 1.82 3.81 -2.82 2.22 54.77 -4.710 0.000 0.000 -3.140 1.00 0.0000000000 0.0000000000 -0.9999994954 0.0010045442 True True True False
PassengerCar 0.00 2 -1 517.95 277.37 600.80 343.22 -1.00 -1.00 -1.00 -1000.00 -1000.00 -1000.00 -1.000 -1.000 -1.000 -1.000 1.00 -1000.0000000000 -1000.0000000000 -1000.0000000000 -1000.0000000000 True True False False
PassengerCar 0.00 0 -1 597.79 280.37 686.02 313.12 -1.00 -1.00 -1.00 -1000.00 -1000.00 -1000.00 -1.000 -1.000 -1.000 -1.000 1.00 -1000.0000000000 -1000.0000000000 -1000.0000000000 -1000.0000000000 True True False False
PassengerCar 0.00 3 -1 455.00 292.00 555.00 372.00 1.56 1.88 3.80 -3.31 2.23 48.07 1.547 0.000 0.000 3.118 1.00 0.0000000000 0.0000000000 0.9999319015 0.0116701505 True True True False
LargeVehicle 0.00 0 -1 683.96 268.99 762.43 311.34 -1.00 -1.00 -1.00 -1000.00 -1000.00 -1000.00 -1.000 -1.000 -1.000 -1.000 1.00 -1000.0000000000 -1000.0000000000 -1000.0000000000 -1000.0000000000 True True False False
Pedestrian 1.00 3 -1 1280.00 162.00 1280.00 451.00 1.73 0.53 0.57 4.88 1.13 14.22 -1.550 0.003 0.044 0.020 1.00 0.0014428526 0.0221356448 0.0101512992 0.9997023970 True False True False
Pedestrian 1.00 3 -1 1280.00 180.00 1280.00 441.00 1.66 0.55 0.59 4.40 1.14 14.98 -1.571 0.000 0.039 0.000 1.00 0.0000000000 0.0195155040 0.0000000000 0.9998095544 True False True False
