PassengerCar 0.76 0 -1 1081.00 267.00 1280.00 685.00 1.37 1.90 4.16 3.16 1.43 9.98 -1.594 0.023 -0.001 -0.024 1.00 0.0115258764 -0.0006520526 -0.0118322778 0.9998633538 True True True False
PassengerCar 0.53 2 -1 1134.00 235.00 1280.00 456.00 1.99 1.91 4.53 6.41 1.85 24.56 -1.572 0.067 -0.012 -0.001 1.00 0.0337099628 -0.0058435353 -0.0003083759 0.9994145268 True True True False
PassengerCar 0.00 2 -1 1083.00 297.00 1262.00 421.00 1.47 1.89 4.26 6.71 2.00 31.21 -1.463 0.009 0.005 0.108 1.00 0.0044316940 0.0027555230 0.0540208800 0.9985261698 True True True False
PassengerCar 0.00 0 -1 967.00 279.00 1103.00 386.00 1.80 1.87 4.25 6.92 2.22 44.12 -1.562 0.046 0.011 0.009 1.00 0.0227776110 0.0054403881 0.0042527889 0.9997167081 True True True False
PassengerCar 0.00 3 -1 944.00 287.00 1065.00 368.00 1.54 1.81 4.22 7.30 2.19 50.66 -1.612 0.030 0.024 -0.042 1.00 0.0153376923 0.0117911217 -0.0209397064 0.9995935441 True True True False
PassengerCar 0.00 3 -1 862.00 296.00 928.00 341.00 1.41 1.82 4.21 7.64 2.63 78.31 -1.565 0.001 0.011 0.006 1.00 0.0002629393 0.0053857937 0.0029038564 0.9999812457 True True True True
PassengerCar 0.00 2 -1 868.95 282.50 938.45 332.70 -1.00 -1.00 -1.00 -1000.00 -1000.00 -1000.00 -1.000 -1.000 -1.000 -1.000 1.00 -1000.0000000000 -1000.0000000000 -1000.0000000000 -1000.0000000000 True True False False
PassengerCar 0.00 1 -1 814.29 295.06 855.42 329.76 -1.00 -1.00 -1.00 -1000.00 -1000.00 -1000.00 -1.000 -1.000 -1.000 -1.000 1.00 -1000.0000000000 -1000.0000000000 -1000.0000000000 -1000.0000000000 True True False True
PassengerCar 0.00 3 -1 936.25 287.39 1013.15 357.08 -1.00 -1.00 -1.00 -1000.00 -1000.00 -1000.00 -1.000 -1.000 -1.000 -1.000 1.00 -1000.0000000000 -1000.0000000000 -1000.0000000000 -1000.0000000000 True True False False
DontCare 0.00 -1 -1 693.04 300.94 751.38 331.88 -1.00 -1.00 -1.00 -1000.00 -1000.00 -1000.00 -1.000 -1.000 -1.000 -1.000 1.00 -1000.0000000000 -1000.0000000000 -1000.0000000000 -1000.0000000000 False False False False
Pedestrian_is_group 0.00 0 -1 478.00 284.00 518.00 359.00 1.75 0.90 0.60 -4.00 2.31 55.05 -1.571 0.000 0.000 0.000 1.00 0.0000000000 0.0000000000 0.0000000000 1.0000000000 True True True False
Pedestrian 0.00 0 -1 516.00 283.00 544.00 358.00 1.76 0.61 0.49 -3.26 2.29 55.14 -1.571 0.000 0.000 0.000 1.00 0.0000000000 0.0000000000 0.0000000000 1.0000000000 True True True False
Pedestrian 0.00 2 -1 578.45 300.05 590.23 331.40 -1.00 -1.00 -1.00 -1000.00 -1000.00 -1000.00 -1.000 -1.000 -1.000 -1.000 1.00 -1000.0000000000 -1000.0000000000 -1000.0000000000 -1000.0000000000 True False False False
