PassengerCar 1.00 0 -1 0.00 67.00 0.00 675.00 1.74 1.98 4.51 -3.85 1.12 9.04 -1.771 -0.012 0.037 -0.200 1.00 -0.0041551349 0.0191288644 -0.0997417030 0.9948207950 True False True True
PassengerCar 0.76 3 -1 0.00 196.00 107.00 475.00 1.44 1.80 4.11 -4.69 1.06 14.50 -1.684 0.000 0.046 -0.113 1.00 0.0015369837 0.0227630875 -0.0564872679 0.9981426091 True False True True
PassengerCar 0.46 2 -1 0.00 195.00 142.00 375.00 1.33 1.52 3.88 -5.53 0.80 19.98 -1.674 -0.015 0.048 -0.103 1.00 -0.0063918830 0.0241863808 -0.0511480192 0.9983777056 True True True False
PassengerCar 0.00 1 -1 5.00 193.00 216.00 337.00 1.41 1.80 4.20 -6.14 0.69 26.03 -1.687 -0.009 0.052 -0.116 1.00 -0.0029514188 0.0260688689 -0.0578246755 0.9979819688 True True True True
PassengerCar 0.00 1 -1 97.00 159.00 260.00 288.00 1.87 1.80 4.68 -7.48 0.31 35.93 -1.634 -0.003 0.043 -0.064 1.00 -0.0006874807 0.0216494529 -0.0317316665 0.9992616924 True True True True
PassengerCar 0.00 1 -1 650.00 172.00 922.00 401.00 1.51 1.81 2.76 0.79 0.88 17.00 -1.584 0.003 0.054 -0.014 1.00 0.0015897631 0.0269217972 -0.0068108970 0.9996130757 True True True True
PassengerCar 0.00 1 -1 524.00 198.00 686.00 334.00 1.39 1.63 3.80 -0.79 0.70 27.24 -1.669 0.000 0.056 -0.099 1.00 0.0013688087 0.0277469537 -0.0492529192 0.9983999113 True True True False
PassengerCar 0.00 2 -1 514.00 191.00 646.00 305.00 1.53 1.59 2.83 -1.28 0.56 32.96 -1.711 -0.006 0.042 -0.140 1.00 -0.0014859771 0.0212139480 -0.0698601528 0.9973300955 True True True False
PassengerCar 0.00 2 -1 479.00 190.00 610.00 295.00 1.54 1.69 3.35 -1.98 0.44 36.65 -1.737 -0.007 0.047 -0.166 1.00 -0.0014794592 0.0237212592 -0.0828199458 0.9962810696 True True True False
PassengerCar 0.00 2 -1 464.00 163.00 572.00 280.00 2.17 1.84 4.21 -2.96 0.26 45.46 -1.699 -0.009 0.049 -0.128 1.00 -0.0031624298 0.0247919737 -0.0637299616 0.9976541731 True True True False
PassengerCar 0.00 0 -1 247.00 184.00 423.00 267.00 1.51 1.89 4.27 -6.45 0.05 44.71 -2.090 -0.016 0.032 -0.519 1.00 -0.0038063854 0.0176362743 -0.2565896936 0.9663520075 True True True False
PassengerCar 0.00 3 -1 237.00 180.00 337.00 250.00 1.50 1.64 2.62 -8.36 -0.25 51.22 -1.526 0.001 0.028 0.045 1.00 0.0003128567 0.0138697456 0.0225488632 0.9996494791 True True True True
Obstacle 0.00 3 -1 607.00 166.00 643.00 282.00 2.25 0.65 0.75 -0.82 0.40 45.62 -1.656 -0.002 0.021 -0.086 1.00 -0.0004583781 0.0107065801 -0.0427711122 0.9990274225 True False True False
Obstacle 0.00 3 -1 566.00 163.00 616.00 254.00 1.81 0.94 2.21 -1.58 -0.15 47.80 -1.637 0.000 0.000 -0.066 1.00 0.0000000000 0.0000000000 -0.0330083351 0.9994550764 True False True True
Obstacle 0.00 3 -1 356.52 171.95 380.27 251.82 -1.00 -1.00 -1.00 -1000.00 -1000.00 -1000.00 -1.000 -1.000 -1.000 -1.000 1.00 -1000.0000000000 -1000.0000000000 -1000.0000000000 -1000.0000000000 True True False False
Obstacle 0.00 3 -1 331.28 166.53 355.93 253.18 -1.00 -1.00 -1.00 -1000.00 -1000.00 -1000.00 -1.000 -1.000 -1.000 -1.000 1.00 -1000.0000000000 -1000.0000000000 -1000.0000000000 -1000.0000000000 True True False False
Obstacle 0.00 1 -1 554.00 174.00 598.00 302.00 1.64 0.54 0.60 -1.18 0.53 30.15 -1.571 0.000 0.000 0.000 1.00 0.0000000000 0.0000000000 0.0000000000 1.0000000000 True True True True
Pedestrian 1.00 3 -1 1280.00 66.00 1280.00 705.00 1.75 0.69 0.90 2.56 1.20 6.68 -0.022 -0.002 0.085 1.549 1.00 -0.0303271145 0.0296716509 0.6987105405 0.7141452512 True True True True
Pedestrian 0.29 0 -1 1116.00 113.00 1280.00 541.00 1.68 0.57 0.70 2.31 1.08 9.54 -2.491 -0.013 0.063 -0.921 1.00 0.0082107127 0.0310514260 -0.4438115452 0.8955443627 True True True False
Pedestrian 1.00 3 -1 1280.00 153.00 1280.00 491.00 1.74 0.99 0.71 4.58 1.19 12.58 0.643 -0.031 0.009 2.214 1.00 -0.0110832727 -0.0117554046 0.8942611526 0.4472538009 True True True True
Pedestrian 0.00 0 -1 995.00 169.00 1048.00 331.00 1.68 0.47 0.67 3.74 0.73 24.50 -1.545 -0.000 0.003 0.025 1.00 -0.0002670795 0.0017250053 0.0127106090 0.9999176933 True True True False
Pedestrian 0.00 2 -1 844.00 165.00 895.00 300.00 1.83 0.57 0.58 2.76 0.54 31.70 -3.268 0.000 0.000 -1.697 1.00 0.0000000000 0.0000000000 -0.7502317684 0.6611749342 True True True True
Pedestrian 0.00 1 -1 620.00 161.00 659.00 273.00 1.41 0.44 0.65 -0.36 0.15 29.50 -1.682 0.000 0.000 -0.111 1.00 0.0000000000 0.0000000000 -0.0556191956 0.9984520545 True True True False
Pedestrian 0.00 3 -1 770.00 148.00 831.00 309.00 1.84 0.67 0.39 1.53 0.56 26.71 -1.571 0.000 0.000 0.000 1.00 0.0000000000 0.0000000000 0.0000000000 1.0000000000 True True True False
Pedestrian 0.00 3 -1 703.00 159.00 749.00 317.00 1.84 0.53 0.43 0.70 0.66 27.40 -1.571 0.000 0.000 0.000 1.00 0.0000000000 0.0000000000 0.0000000000 1.0000000000 True False True False
Pedestrian_is_group 0.00 1 -1 634.00 163.00 719.00 289.00 2.15 1.44 1.80 0.16 0.49 40.49 -1.571 0.000 0.000 0.000 1.00 0.0000000000 0.0000000000 0.0000000000 1.0000000000 True True True False
Pedestrian_is_group 0.00 0 -1 407.00 182.00 480.00 262.00 1.66 1.48 1.43 -4.67 0.03 48.57 -3.169 0.000 0.000 -1.598 1.00 0.0000000000 0.0000000000 -0.7166473653 0.6974356987 True True True False
Pedestrian 0.00 3 -1 87.00 167.00 119.00 247.00 1.50 0.45 0.62 -10.72 -0.27 44.16 -1.571 0.000 0.000 0.000 1.00 0.0000000000 0.0000000000 0.0000000000 1.0000000000 True False True False
Pedestrian 0.00 3 -1 5.00 158.00 93.00 296.00 2.22 1.23 0.88 -10.10 0.57 37.95 1.521 0.000 0.000 3.092 1.00 0.0000000000 0.0000000000 0.9996953711 0.0246812684 True False True False
