PassengerCar 1.00 3 -1 0.00 257.00 0.00 620.00 1.52 1.65 2.77 -4.84 1.52 10.63 0.043 0.008 -0.001 1.614 1.00 0.0028999758 0.0025111056 0.7220455344 0.6918349013 True False True False
PassengerCar 0.65 1 -1 0.00 264.00 176.00 562.00 1.59 1.80 4.21 -4.42 1.62 14.51 1.571 0.000 0.000 3.141 1.00 0.0000000000 0.0000000000 0.9999999946 0.0001042628 True True True False
PassengerCar 0.07 2 -1 0.00 285.00 260.00 499.00 1.48 1.58 2.77 -4.36 1.74 18.89 1.536 0.076 0.004 3.107 1.00 -0.0012151226 0.0381200756 0.9991181319 0.0175596627 True True True False
PassengerCar 0.00 3 -1 92.00 295.00 369.00 460.00 1.33 1.80 4.00 -4.20 1.75 22.94 -4.688 0.071 -0.002 -3.117 1.00 -0.0004379310 -0.0354646708 -0.9992946503 0.0123396641 True True True False
PassengerCar 0.00 0 -1 472.00 310.00 572.00 385.00 1.49 2.02 4.12 -3.31 2.74 53.62 1.548 0.076 -0.022 3.118 1.00 0.0114161284 0.0376872090 0.9991616348 0.0111970483 True True True False
PassengerCar 0.00 2 -1 509.00 315.00 591.00 381.00 1.50 1.80 3.57 -2.93 2.93 58.67 -4.695 0.028 -0.001 -3.124 1.00 -0.0001674268 -0.0138462967 -0.9998658737 0.0087456696 True True True False
PassengerCar 0.00 3 -1 525.00 320.00 598.00 373.00 1.41 1.81 3.93 -3.06 3.21 67.95 -4.684 0.011 -0.000 -3.113 1.00 -0.0000798903 -0.0056111503 -0.9998829158 0.0142359856 True True True False
PassengerCar 0.00 1 -1 566.81 294.87 626.65 357.65 -1.00 -1.00 -1.00 -1000.00 -1000.00 -1000.00 -1.000 -1.000 -1.000 -1.000 1.00 -1000.0000000000 -1000.0000000000 -1000.0000000000 -1000.0000000000 True True False False
PassengerCar 0.00 0 -1 631.73 315.80 681.17 353.19 -1.00 -1.00 -1.00 -1000.00 -1000.00 -1000.00 -1.000 -1.000 -1.000 -1.000 1.00 -1000.0000000000 -1000.0000000000 -1000.0000000000 -1000.0000000000 True True False False
PassengerCar 0.00 0 -1 681.00 270.00 885.00 436.00 1.40 1.82 4.07 1.06 1.54 22.94 -1.560 0.015 0.020 0.011 1.00 0.0074560544 0.0102780628 0.0051932858 0.9999058948 True True True False
PassengerCar 0.48 1 -1 1032.00 289.00 1280.00 547.00 1.32 1.86 3.82 3.46 1.51 14.13 -1.575 -0.011 0.000 -0.004 1.00 -0.0053416941 0.0000108709 -0.0020350757 0.9999836622 True True True False
PassengerCar 0.84 1 -1 1143.00 236.00 1280.00 691.00 1.46 1.79 4.08 3.32 1.40 9.54 -1.598 0.000 0.000 -0.027 1.00 0.0000000000 0.0000000000 -0.0135514019 0.9999081755 True True True False
PassengerCar 1.00 3 -1 1280.00 106.00 1280.00 720.00 1.38 1.89 4.41 3.14 1.27 4.40 -1.587 0.023 -0.003 -0.016 1.00 0.0112991542 -0.0017202500 -0.0079477613 0.9999030968 True False True False
DontCare 0.00 -1 -1 629.56 293.53 699.24 319.40 -1.00 -1.00 -1.00 -1000.00 -1000.00 -1000.00 -1.000 -1.000 -1.000 -1.000 1.00 -1000.0000000000 -1000.0000000000 -1000.0000000000 -1000.0000000000 False False False False
Obstacle 0.00 2 -1 470.32 300.19 488.84 356.25 -1.00 -1.00 -1.00 -1000.00 -1000.00 -1000.00 -1.000 -1.000 -1.000 -1.000 1.00 -1000.0000000000 -1000.0000000000 -1000.0000000000 -1000.0000000000 True True False False
Pedestrian 0.00 0 -1 361.00 289.00 406.00 392.00 1.74 0.74 0.52 -4.83 2.22 39.55 -1.631 0.000 0.000 -0.060 1.00 0.0000000000 0.0000000000 -0.0299097079 0.9995526046 True True True False
Pedestrian 0.06 0 -1 412.00 305.00 434.00 375.00 1.86 0.58 0.56 -6.53 3.05 62.14 -1.683 0.000 0.000 -0.112 1.00 0.0000000000 0.0000000000 -0.0561890643 0.9984201466 True True True False
Pedestrian 0.06 0 -1 443.00 309.00 462.00 375.00 1.71 0.49 0.31 -5.60 2.96 60.56 -1.671 0.000 0.000 -0.100 1.00 0.0000000000 0.0000000000 -0.0499159647 0.9987534213 True True True False
Pedestrian 0.06 1 -1 419.00 311.00 442.00 374.00 1.63 0.59 0.28 -6.15 2.94 60.31 -1.687 0.000 0.000 -0.116 1.00 0.0000000000 0.0000000000 -0.0579162924 0.9983214428 True True True False
Pedestrian 0.00 0 -1 900.71 296.11 921.47 342.83 -1.00 -1.00 -1.00 -1000.00 -1000.00 -1000.00 -1.000 -1.000 -1.000 -1.000 1.00 -1000.0000000000 -1000.0000000000 -1000.0000000000 -1000.0000000000 True True False False
Pedestrian 0.00 0 -1 858.11 297.93 901.60 345.02 -1.00 -1.00 -1.00 -1000.00 -1000.00 -1000.00 -1.000 -1.000 -1.000 -1.000 1.00 -1000.0000000000 -1000.0000000000 -1000.0000000000 -1000.0000000000 True True False False
Pedestrian 0.00 3 -1 296.00 281.00 326.00 386.00 1.69 0.49 0.37 -5.79 2.02 37.76 -1.705 0.000 0.000 -0.134 1.00 0.0000000000 0.0000000000 -0.0671821704 0.9977407258 True True True False
Pedestrian 0.00 2 -1 324.00 276.00 364.00 394.00 1.82 0.62 0.35 -5.05 2.07 36.27 -1.709 0.000 0.000 -0.138 1.00 0.0000000000 0.0000000000 -0.0689317666 0.9976213769 True True True False
Pedestrian 0.00 2 -1 272.00 276.00 311.00 388.00 1.74 0.59 0.55 -5.90 1.98 36.49 -1.707 0.000 -0.007 -0.137 1.00 -0.0002386276 -0.0034893533 -0.0682275557 0.9976636548 True True True False
Pedestrian 0.00 3 -1 211.00 269.00 240.00 369.00 1.67 0.39 0.46 -7.47 1.82 39.23 -0.143 0.000 0.000 1.428 1.00 0.0000000000 0.0000000000 0.6549238430 0.7556948854 True False True False
