PassengerCar 0.87 0 -1 0.00 269.00 55.00 493.00 1.56 1.93 4.18 -6.34 1.64 18.49 -1.603 0.010 0.000 -0.032 1.00 0.0049081619 0.0000788294 -0.0160586230 0.9998590022 True True True False
PassengerCar 0.00 0 -1 456.00 326.00 590.00 415.00 1.67 2.06 4.45 -2.80 2.99 46.01 -1.498 -0.006 -0.034 0.073 1.00 -0.0022085967 -0.0171117549 0.0363151440 0.9991914332 True True True False
PassengerCar 0.00 0 -1 643.00 349.00 725.00 409.00 1.44 1.87 3.71 0.45 3.71 58.75 -1.507 -0.010 -0.042 0.064 1.00 -0.0041350126 -0.0210184159 0.0316996685 0.9992678614 True True True False
PassengerCar 0.00 0 -1 44.00 358.00 180.00 421.00 1.32 1.85 4.16 -12.24 3.48 51.47 -4.666 -0.001 -0.032 -3.095 1.00 -0.0160712895 0.0003709227 -0.9996045810 0.0230707092 True True False True
PassengerCar 0.00 2 -1 551.00 354.00 644.00 409.00 1.46 1.85 4.23 -2.00 4.23 67.74 -1.379 -0.004 -0.019 0.192 1.00 -0.0009315488 -0.0096650415 0.0959342161 0.9953403164 True True True True
DontCare 0.00 -1 -1 132.00 354.00 311.00 404.00 1.50 2.14 11.26 -15.02 4.74 79.42 -4.539 -0.005 -0.026 -2.968 1.00 -0.0132368070 0.0011504680 -0.9961562715 0.0865802877 False False False False
DontCare 0.00 -1 -1 758.71 333.03 840.64 402.89 -1.00 -1.00 -1.00 -1000.00 -1000.00 -1000.00 -1.000 -1.000 -1.000 -1.000 1.00 -1000.0000000000 -1000.0000000000 -1000.0000000000 -1000.0000000000 False False False False
DontCare 0.00 -1 -1 854.59 343.71 1060.00 394.27 -1.00 -1.00 -1.00 -1000.00 -1000.00 -1000.00 -1.000 -1.000 -1.000 -1.000 1.00 -1000.0000000000 -1000.0000000000 -1000.0000000000 -1000.0000000000 False False False False
DontCare 0.00 -1 -1 1061.15 343.60 1135.68 393.58 -1.00 -1.00 -1.00 -1000.00 -1000.00 -1000.00 -1.000 -1.000 -1.000 -1.000 1.00 -1000.0000000000 -1000.0000000000 -1000.0000000000 -1000.0000000000 False False False False
DontCare 0.00 -1 -1 1171.95 325.47 1268.43 384.84 -1.00 -1.00 -1.00 -1000.00 -1000.00 -1000.00 -1.000 -1.000 -1.000 -1.000 1.00 -1000.0000000000 -1000.0000000000 -1000.0000000000 -1000.0000000000 False False False False
Vehicle 0.00 2 -1 648.78 338.67 738.31 394.97 -1.00 -1.00 -1.00 -1000.00 -1000.00 -1000.00 -1.000 -1.000 -1.000 -1.000 1.00 -1000.0000000000 -1000.0000000000 -1000.0000000000 -1000.0000000000 True True True True
Vehicle 0.00 3 -1 747.06 317.19 828.61 396.92 -1.00 -1.00 -1.00 -1000.00 -1000.00 -1000.00 -1.000 -1.000 -1.000 -1.000 1.00 -1000.0000000000 -1000.0000000000 -1000.0000000000 -1000.0000000000 True True True True
Pedestrian 1.00 3 -1 1280.00 272.00 1280.00 449.00 1.72 0.33 0.52 8.31 1.83 22.79 -1.641 -0.000 0.006 -0.070 1.00 -0.0001085231 0.0030917416 -0.0350791942 0.9993797474 True False True False
Pedestrian 1.00 3 -1 1280.00 281.00 1280.00 452.00 1.66 0.41 0.32 9.25 1.86 22.78 -1.620 0.000 0.000 -0.050 1.00 0.0000000000 0.0000000000 -0.0247800539 0.9996929273 True False True False
Pedestrian_is_group 0.00 0 -1 726.00 295.00 812.00 427.00 1.65 1.00 1.13 1.31 2.10 29.76 -4.582 0.000 0.000 -3.011 1.00 0.0000000000 0.0000000000 -0.9978784823 0.0651040293 True True True False
Pedestrian 0.00 0 -1 856.00 293.00 903.00 429.00 1.67 0.58 0.55 2.64 2.08 28.90 -3.118 0.000 0.000 -1.547 1.00 0.0000000000 0.0000000000 -0.6985464450 0.7155647170 True True True False
Pedestrian_is_group 0.00 0 -1 804.00 281.00 851.00 409.00 1.71 0.97 0.61 2.18 2.00 31.61 -3.100 -0.000 -0.004 -1.529 1.00 -0.0013019936 -0.0012486599 -0.6921688748 0.7217333264 False True True True
