PassengerCar 0.96 1 -1 1196.00 171.00 1280.00 720.00 1.48 1.87 3.61 2.70 1.36 6.06 -1.550 0.000 -0.013 0.020 1.00 0.0001878552 -0.0067175232 0.0102302700 0.9999250878 True True True False
PassengerCar 0.61 1 -1 1036.00 235.00 1280.00 636.00 1.57 1.85 3.85 2.98 1.48 11.02 -1.568 0.000 0.000 0.003 1.00 0.0000000000 0.0000000000 0.0016351767 0.9999986631 True True True False
PassengerCar 0.17 1 -1 957.00 282.00 1280.00 524.00 1.42 1.82 3.65 3.07 1.58 15.47 -1.571 0.000 -0.015 0.000 1.00 0.0000000000 -0.0076653385 0.0000000000 0.9999706209 True True True False
PassengerCar 0.00 1 -1 897.00 294.00 1177.00 473.00 1.38 1.84 3.67 3.09 1.68 20.07 -1.571 0.000 0.000 0.000 1.00 0.0000000000 0.0000000000 0.0000000000 1.0000000000 True True True False
PassengerCar 0.00 1 -1 858.00 290.00 1092.00 433.00 1.45 1.80 3.66 3.33 1.78 25.78 -1.665 0.000 0.000 -0.094 1.00 0.0000000000 0.0000000000 -0.0469337686 0.9988980035 True True True False
PassengerCar 0.00 2 -1 833.00 295.00 1013.00 421.00 1.52 1.78 3.68 3.30 1.99 30.60 -1.622 0.000 0.000 -0.051 1.00 0.0000000000 0.0000000000 -0.0254178423 0.9996769145 True True True False
PassengerCar 0.00 2 -1 627.00 301.00 770.00 376.00 1.46 1.83 3.60 0.61 2.33 48.55 -1.924 0.000 0.000 -0.354 1.00 0.0000000000 0.0000000000 -0.1758921181 0.9844094487 True True True False
PassengerCar 0.00 3 -1 533.00 307.00 612.00 361.00 1.48 1.84 3.83 -2.75 2.86 68.13 -1.481 0.000 0.000 0.089 1.00 0.0000000000 0.0000000000 0.0447211967 0.9989995068 True True True False
PassengerCar 0.00 0 -1 609.00 293.00 911.00 499.00 1.37 2.04 3.80 0.63 1.63 17.66 -1.571 -0.010 -0.003 0.000 1.00 -0.0047936651 -0.0014358848 -0.0000068832 0.9999874794 True True True False
PassengerCar 1.00 3 -1 0.00 1.00 0.00 720.00 1.56 1.92 4.42 -3.92 1.15 5.87 -2.474 0.000 0.000 -0.904 1.00 0.0000000000 0.0000000000 -0.4365582468 0.8996759957 True True True False
PassengerCar 0.71 2 -1 0.00 199.00 278.00 684.00 1.40 1.70 3.73 -3.33 1.24 8.54 -2.457 0.000 0.000 -0.886 1.00 0.0000000000 0.0000000000 -0.4285808511 0.9035034334 True True True False
PassengerCar 0.54 2 -1 0.00 193.00 354.00 566.00 1.59 1.79 3.89 -3.63 1.32 11.81 -2.500 0.000 0.000 -0.930 1.00 0.0000000000 0.0000000000 -0.4482732267 0.8938965904 True True True False
PassengerCar 0.24 2 -1 0.00 266.00 478.00 526.00 1.34 1.75 3.62 -3.12 1.41 14.22 -2.536 0.002 0.022 -0.965 1.00 0.0061357712 0.0093534145 -0.4640324826 0.8857475493 True True True False
PassengerCar 0.00 2 -1 64.00 262.00 586.00 500.00 1.47 1.64 3.82 -2.60 1.56 17.19 -2.444 -0.043 -0.001 -0.873 1.00 -0.0198312394 0.0087059055 -0.4226720725 0.9060238674 True True True False
PassengerCar 0.00 2 -1 338.00 270.00 587.00 451.00 1.49 1.85 3.85 -1.76 1.61 21.16 -1.549 0.002 -0.013 0.021 1.00 0.0010920266 -0.0066458209 0.0106967635 0.9999201067 True True True False
PassengerCar 0.00 2 -1 264.00 293.00 649.00 442.00 1.51 1.72 4.23 -2.39 1.90 25.71 -2.456 0.012 -0.010 -0.886 1.00 0.0032618649 -0.0068793326 -0.4284208210 0.9035472512 True True True False
PassengerCar 0.00 3 -1 494.70 299.51 594.72 394.12 -1.00 -1.00 -1.00 -1000.00 -1000.00 -1000.00 -1.000 -1.000 -1.000 -1.000 1.00 -1000.0000000000 -1000.0000000000 -1000.0000000000 -1000.0000000000 True False True False
Vehicle 0.00 3 -1 794.00 301.00 915.00 390.00 1.42 1.78 3.83 3.20 2.14 40.18 -1.571 0.000 0.000 0.000 1.00 0.0000000000 0.0000000000 0.0000000000 1.0000000000 False False True True
Vehicle 0.00 3 -1 738.00 300.00 842.00 382.00 1.47 1.80 3.88 2.32 2.26 44.91 -1.571 0.000 0.000 0.000 1.00 0.0000000000 0.0000000000 0.0000000000 1.0000000000 False False True True
