PassengerCar 0.00 0 -1 816.00 285.00 971.00 402.00 1.39 1.60 4.08 2.86 1.71 29.97 -1.571 -0.004 0.000 0.000 1.00 -0.0017608969 0.0000000000 0.0000000000 0.9999984496 True True True False
PassengerCar 0.00 1 -1 777.00 279.00 890.00 358.00 1.52 1.81 4.22 3.28 1.88 46.66 -1.608 0.000 0.000 -0.038 1.00 0.0000000000 0.0000000000 -0.0187939157 0.9998233788 True True True False
PassengerCar 0.00 0 -1 635.00 284.00 730.00 364.00 1.50 1.70 4.08 0.26 1.97 45.85 -1.611 0.000 0.000 -0.040 1.00 0.0000000000 0.0000000000 -0.0201431600 0.9997971060 True True True False
PassengerCar 0.00 1 -1 209.00 292.00 331.00 375.00 1.51 1.83 4.02 -8.10 2.22 47.69 1.550 0.044 0.001 3.120 1.00 -0.0003938291 0.0221059754 0.9996996569 0.0105719783 True True True False
PassengerCar 0.71 3 -1 0.00 309.00 50.00 369.00 1.52 1.81 4.02 -18.47 2.80 61.09 -3.192 0.000 0.000 -1.621 1.00 0.0000000000 0.0000000000 -0.7247779786 0.6889824974 True False True False
PassengerCar 0.37 3 -1 0.00 305.00 104.00 362.00 1.53 1.86 4.11 -18.01 2.78 64.95 -3.592 0.000 0.000 -2.021 1.00 0.0000000000 0.0000000000 -0.8471661474 0.5313280707 True False True False
Pedestrian 0.00 1 -1 994.00 274.00 1022.00 364.00 1.72 0.37 0.45 6.54 1.98 44.58 -3.241 0.000 0.000 -1.671 1.00 0.0000000000 0.0000000000 -0.7414693818 0.6709867031 True True True False
Pedestrian 0.00 0 -1 964.00 273.00 991.00 362.00 1.77 0.37 0.47 6.16 2.00 46.04 -3.206 0.000 0.000 -1.635 1.00 0.0000000000 0.0000000000 -0.7294860675 0.6839956705 True True True False
Pedestrian 0.00 1 -1 1009.00 279.00 1039.00 358.00 1.45 0.44 0.46 6.57 1.79 42.81 -3.203 0.000 0.000 -1.632 1.00 0.0000000000 0.0000000000 -0.7284101096 0.6851413812 True True True False
Pedestrian 0.00 1 -1 1017.00 264.00 1047.00 359.00 1.78 0.35 0.48 6.81 1.84 43.39 -3.232 0.000 0.000 -1.661 1.00 0.0000000000 0.0000000000 -0.7384343117 0.6743254164 True True True False
Pedestrian 0.00 2 -1 949.40 281.01 975.75 369.99 -1.00 -1.00 -1.00 -1000.00 -1000.00 -1000.00 -1.000 -1.000 -1.000 -1.000 1.00 -1000.0000000000 -1000.0000000000 -1000.0000000000 -1000.0000000000 True True False False
Pedestrian 0.00 0 -1 35.00 290.00 64.00 385.00 1.65 0.23 0.44 -10.82 2.17 40.66 -1.000 0.000 0.000 0.571 1.00 0.0000000000 0.0000000000 0.2816592136 0.9595145061 True False True False
Pedestrian 1.00 3 -1 0.00 298.00 0.00 393.00 1.71 0.54 0.61 -14.87 2.40 42.33 -4.086 0.000 0.000 -2.515 1.00 0.0000000000 0.0000000000 -0.9512885697 0.3083018930 True False True False
Pedestrian 0.00 0 -1 534.00 282.00 564.00 367.00 1.50 0.38 0.53 -2.11 1.89 41.36 -0.060 0.000 0.000 1.511 1.00 0.0000000000 0.0000000000 0.6856882322 0.7278953553 True True True False
Pedestrian 0.00 2 -1 538.00 274.00 569.00 363.00 1.59 0.37 0.54 -2.05 1.84 41.87 -0.067 0.000 0.000 1.504 1.00 0.0000000000 0.0000000000 0.6831268790 0.7302997105 True True True False
