PassengerCar 0.00 0 -1 377.00 264.00 563.00 394.00 1.43 1.86 4.22 -2.29 1.49 27.88 -1.567 0.000 0.000 0.003 1.00 0.0000000000 0.0000000000 0.0017223103 0.9999985168 True True True False
PassengerCar 0.00 0 -1 628.00 278.00 791.00 389.00 1.22 1.81 4.21 0.47 1.44 27.92 -1.571 0.000 0.000 0.000 1.00 0.0000000000 0.0000000000 0.0000000000 1.0000000000 True True True False
PassengerCar 0.00 1 -1 775.00 265.00 856.00 325.00 1.55 1.90 4.30 3.97 1.68 62.78 -1.571 0.000 0.004 0.000 1.00 0.0000000000 0.0021921608 0.0000000000 0.9999975972 True True True False
PassengerCar 0.00 3 -1 771.00 254.00 832.00 312.00 1.90 1.81 4.46 4.48 1.71 78.01 -1.571 0.000 0.000 0.000 1.00 0.0000000000 0.0000000000 0.0000000000 1.0000000000 True True True False
PassengerCar 0.00 0 -1 187.00 277.00 265.00 329.00 1.48 1.45 4.21 -12.89 1.96 68.00 -4.706 0.000 0.000 -3.136 1.00 0.0000000000 0.0000000000 -0.9999954987 0.0030004459 True True True False
PassengerCar 0.00 1 -1 231.50 259.80 304.96 313.81 -1.00 -1.00 -1.00 -1000.00 -1000.00 -1000.00 -1.000 -1.000 -1.000 -1.000 1.00 -1000.0000000000 -1000.0000000000 -1000.0000000000 -1000.0000000000 True True False False
Pedestrian 1.00 3 -1 1280.00 213.00 1280.00 322.00 1.62 0.52 0.54 11.50 0.91 34.56 -1.325 0.000 0.000 0.246 1.00 0.0000000000 0.0000000000 0.1228081182 0.9924304339 True False True True
Pedestrian 1.00 3 -1 1280.00 214.00 1280.00 330.00 1.72 0.38 0.34 13.17 1.03 34.80 -1.814 0.000 0.000 -0.243 1.00 0.0000000000 0.0000000000 -0.1211873489 0.9926296522 True False True False
Pedestrian 1.00 3 -1 1280.00 208.00 1280.00 333.00 1.86 0.56 0.63 13.95 1.09 34.97 -2.803 0.000 0.000 -1.232 1.00 0.0000000000 0.0000000000 -0.5778904873 0.8161143208 True False True True
Pedestrian 1.00 3 -1 1280.00 217.00 1280.00 326.00 1.61 0.20 0.50 12.48 0.97 34.35 -1.796 0.000 0.000 -0.225 1.00 0.0000000000 0.0000000000 -0.1124620674 0.9936560187 True False True False
Pedestrian 0.00 1 -1 1056.00 245.00 1086.00 343.00 1.58 0.35 0.40 6.51 1.32 37.43 -3.218 0.000 0.000 -1.648 1.00 0.0000000000 0.0000000000 -0.7337662427 0.6794020173 True True True False
Pedestrian 1.00 3 -1 0.00 261.00 0.00 345.00 1.63 0.51 0.51 -16.88 1.63 45.17 -4.534 0.000 0.000 -2.964 1.00 0.0000000000 0.0000000000 -0.9960428905 0.0888738452 True False True False
Pedestrian 1.00 3 -1 0.00 250.00 0.00 341.00 1.75 0.60 0.70 -13.81 1.55 45.14 1.520 0.000 0.000 3.091 1.00 0.0000000000 0.0000000000 0.9996804764 0.0252773641 True False True True
Pedestrian 1.00 3 -1 0.00 255.00 0.00 340.00 1.69 0.35 0.33 -13.58 1.57 46.05 -4.004 0.000 0.000 -2.433 1.00 0.0000000000 0.0000000000 -0.9379110889 0.3468757548 True False True False
Pedestrian 1.00 3 -1 1280.00 215.00 1280.00 342.00 1.72 0.62 0.61 10.12 1.11 31.99 -2.517 0.000 0.000 -0.946 1.00 0.0000000000 0.0000000000 -0.4556841330 0.8901415455 True False True True
Pedestrian 1.00 3 -1 1280.00 222.00 1280.00 346.00 1.46 0.39 0.33 11.07 1.00 27.45 -1.195 0.000 0.000 0.376 1.00 0.0000000000 0.0000000000 0.1870192849 0.9823562424 True False True False
Pedestrian 0.00 1 -1 1025.00 233.00 1062.00 352.00 1.87 0.52 0.52 5.93 1.43 36.64 -3.070 0.000 0.000 -1.499 1.00 0.0000000000 0.0000000000 -0.6813796201 0.7319301970 True True True False
Pedestrian_is_group 0.00 3 -1 1094.00 235.00 1214.00 327.00 1.68 1.68 2.84 9.19 1.22 44.05 -1.571 0.000 0.000 0.000 1.00 0.0000000000 0.0000000000 0.0000000000 1.0000000000 True False True False
Pedestrian 1.00 3 -1 1280.00 210.00 1280.00 306.00 1.65 0.51 0.46 13.48 0.78 40.50 -1.571 0.000 0.000 0.000 1.00 0.0000000000 0.0000000000 0.0000000000 1.0000000000 True False True True
Pedestrian 1.00 3 -1 1280.00 224.00 1280.00 316.00 1.70 0.61 0.42 13.09 1.02 43.21 -1.571 0.000 0.000 0.000 1.00 0.0000000000 0.0000000000 0.0000000000 1.0000000000 True False True True
