PassengerCar 0.97 0 -1 0.00 193.00 149.00 720.00 1.37 1.68 4.21 -2.54 1.32 5.13 -1.535 0.020 -0.001 0.036 1.00 0.0102484769 -0.0001841988 0.0179694397 0.9997859941 True True True False
PassengerCar 0.43 1 -1 0.00 257.00 412.00 673.00 1.39 1.83 4.06 -2.30 1.39 9.81 -1.526 0.000 0.000 0.045 1.00 0.0000000000 0.0000000000 0.0223394685 0.9997504429 True True True False
PassengerCar 0.00 2 -1 159.00 272.00 517.00 525.00 1.40 1.78 3.92 -1.96 1.52 14.88 -1.584 -0.000 -0.019 -0.013 1.00 -0.0001452806 -0.0094909971 -0.0065916508 0.9999332228 True True True False
PassengerCar 0.00 2 -1 289.00 283.00 571.00 462.00 1.40 1.85 3.85 -1.96 1.60 20.29 -1.512 0.000 0.000 0.059 1.00 0.0000000000 0.0000000000 0.0295190262 0.9995642186 True True True False
PassengerCar 0.00 2 -1 391.00 274.00 602.00 431.00 1.54 1.83 3.72 -1.73 1.69 24.66 -1.534 0.000 0.000 0.037 1.00 0.0000000000 0.0000000000 0.0183576133 0.9998314848 True True True False
PassengerCar 0.00 2 -1 476.00 283.00 628.00 404.00 1.50 1.85 3.83 -1.49 1.81 31.13 -1.571 0.000 0.000 0.000 1.00 0.0000000000 0.0000000000 0.0000000000 1.0000000000 True True True False
PassengerCar 0.00 3 -1 518.00 301.00 646.00 392.00 1.38 1.84 3.83 -1.35 2.06 38.04 -1.541 0.001 -0.001 0.030 1.00 0.0004213134 -0.0002717838 0.0150946594 0.9998859434 True True True False
PassengerCar 0.00 3 -1 547.00 302.00 657.00 386.00 1.46 1.78 3.43 -1.14 2.21 42.00 -1.537 -0.000 -0.012 0.034 1.00 -0.0001010255 -0.0060124117 0.0168001554 0.9998407851 True True True False
PassengerCar 0.00 3 -1 579.00 303.00 673.00 379.00 1.42 1.64 3.88 -0.79 2.29 46.50 -1.526 0.001 0.000 0.045 1.00 0.0005241430 0.0002146577 0.0224471999 0.9997478694 True True True False
PassengerCar 0.00 2 -1 608.00 302.00 693.00 371.00 1.43 1.78 3.83 -0.35 2.40 52.41 -1.552 0.020 -0.002 0.019 1.00 0.0101022101 -0.0007432412 0.0095356488 0.9999032275 True True True False
PassengerCar 0.00 3 -1 626.00 303.00 700.00 368.00 1.51 1.73 3.88 -0.06 2.58 57.17 -1.551 0.008 -0.015 0.020 1.00 0.0042586659 -0.0076050892 0.0097929615 0.9999140585 True True True False
PassengerCar 0.00 3 -1 636.00 296.00 708.00 358.00 1.59 1.85 3.85 0.15 2.54 62.25 -1.558 0.000 0.000 0.012 1.00 0.0000000000 0.0000000000 0.0061765320 0.9999809250 True True True False
PassengerCar 0.00 2 -1 660.00 289.00 722.00 346.00 1.84 1.95 4.46 0.83 2.81 77.88 -1.537 0.000 0.000 0.033 1.00 0.0000000000 0.0000000000 0.0167433665 0.9998598200 True True True False
PassengerCar 1.00 3 -1 1280.00 241.00 1280.00 720.00 1.42 2.01 3.96 3.32 1.40 6.01 -1.571 0.000 0.000 -0.000 1.00 0.0000000000 0.0000000000 -0.0001104134 0.9999999939 True False True False
PassengerCar 0.73 1 -1 1115.00 255.00 1280.00 629.00 1.48 1.82 3.85 3.36 1.46 11.13 -1.532 0.000 0.009 0.039 1.00 0.0000846739 0.0043935469 0.0192685760 0.9998046867 True True True False
PassengerCar 0.10 1 -1 947.00 223.00 1280.00 494.00 1.83 1.88 4.94 3.43 1.59 18.15 -1.571 0.000 0.000 0.000 1.00 0.0000000000 0.0000000000 0.0000000000 1.0000000000 True True True False
PassengerCar 0.00 3 -1 924.00 292.00 1166.00 445.00 1.41 1.84 3.90 3.77 1.74 23.78 -1.571 0.000 0.000 0.000 1.00 0.0000000000 0.0000000000 0.0000000000 1.0000000000 True True True False
PassengerCar 0.00 3 -1 903.00 301.00 1064.00 425.00 1.44 1.58 3.32 3.94 1.97 29.37 -1.571 0.000 0.000 -0.000 1.00 0.0000000000 0.0000000000 -0.0001224299 0.9999999925 True True True False
PassengerCar 0.00 2 -1 874.00 291.00 1032.00 400.00 1.45 1.88 3.85 4.14 1.93 34.19 -1.564 -0.003 0.010 0.007 1.00 -0.0014744424 0.0050828457 0.0033246817 0.9999804684 True True True False
PassengerCar 0.00 3 -1 868.00 299.00 985.00 384.00 1.57 1.82 3.84 4.97 2.32 44.86 -1.571 0.000 -0.014 0.000 1.00 0.0000000000 -0.0067604585 0.0000000000 0.9999771478 True True True False
PassengerCar_is_group 0.00 2 -1 852.00 291.00 959.00 373.00 1.69 1.83 5.38 5.26 2.39 51.83 -1.571 0.000 0.000 0.000 1.00 0.0000000000 0.0000000000 0.0000000000 1.0000000000 True True True False
PassengerCar 0.00 2 -1 831.63 299.02 894.24 352.53 -1.00 -1.00 -1.00 -1000.00 -1000.00 -1000.00 -1.000 -1.000 -1.000 -1.000 1.00 -1000.0000000000 -1000.0000000000 -1000.0000000000 -1000.0000000000 True True False False
PassengerCar 0.00 3 -1 827.26 288.46 870.94 338.97 -1.00 -1.00 -1.00 -1000.00 -1000.00 -1000.00 -1.000 -1.000 -1.000 -1.000 1.00 -1000.0000000000 -1000.0000000000 -1000.0000000000 -1000.0000000000 True True False False
PassengerCar 0.00 3 -1 789.04 286.64 825.71 318.58 -1.00 -1.00 -1.00 -1000.00 -1000.00 -1000.00 -1.000 -1.000 -1.000 -1.000 1.00 -1000.0000000000 -1000.0000000000 -1000.0000000000 -1000.0000000000 True True False False
Pedestrian 0.00 0 -1 713.00 273.00 774.00 414.00 1.67 0.47 0.72 0.91 1.82 27.82 -3.129 0.000 0.000 -1.558 1.00 0.0000000000 0.0000000000 -0.7025093918 0.7116744723 True True True False
Pedestrian 0.00 0 -1 792.00 262.00 845.00 422.00 1.85 0.60 0.58 1.77 1.87 27.23 -3.144 -0.002 0.000 -1.573 1.00 -0.0005136747 0.0005648613 -0.7080544566 0.7061574212 True True True False
