PassengerCar 0.00 0 -1 951.57 310.67 989.33 337.88 -1.00 -1.00 -1.00 -1000.00 -1000.00 -1000.00 -1.000 -1.000 -1.000 -1.000 1.00 -1000.0000000000 -1000.0000000000 -1000.0000000000 -1000.0000000000 True True False False
Pedestrian 0.00 0 -1 1004.00 216.00 1091.00 435.00 1.87 0.55 0.73 3.29 1.48 20.10 0.138 0.000 0.000 1.709 1.00 0.0000000000 0.0000000000 0.7542817950 0.6565508158 True True True False
Pedestrian 0.00 0 -1 1163.00 218.00 1268.00 430.00 1.77 0.86 0.72 4.69 1.43 19.91 0.097 0.014 -0.035 1.667 1.00 0.0177857312 -0.0066104920 0.7403441997 0.6719601440 True True True False
Pedestrian 0.17 2 -1 1215.00 224.00 1280.00 409.00 1.78 0.53 0.50 5.76 1.43 22.79 1.044 0.000 0.000 2.615 1.00 0.0000000000 0.0000000000 0.9655737507 0.2601294524 True True True False
Pedestrian_is_group 0.93 3 -1 1273.00 226.00 1280.00 398.00 1.77 0.65 0.74 6.78 1.41 24.18 -0.062 0.000 0.000 1.509 1.00 0.0000000000 0.0000000000 0.6848131201 0.7287187321 True True True False
Pedestrian_is_group 1.00 3 -1 1280.00 242.00 1280.00 352.00 1.99 0.64 1.00 14.53 1.65 42.19 -0.012 0.000 0.000 1.558 1.00 0.0000000000 0.0000000000 0.7027085195 0.7114778539 True False True False
Pedestrian 0.00 2 -1 1163.00 224.00 1241.00 415.00 1.92 0.54 0.58 5.46 1.55 23.71 -0.292 0.000 0.000 1.279 1.00 0.0000000000 0.0000000000 0.5966203172 0.8025236427 True True True False
Pedestrian 0.00 1 -1 674.84 305.43 689.00 337.48 -1.00 -1.00 -1.00 -1000.00 -1000.00 -1000.00 -1.000 -1.000 -1.000 -1.000 1.00 -1000.0000000000 -1000.0000000000 -1000.0000000000 -1000.0000000000 False True False False
Pedestrian 0.00 2 -1 688.70 303.27 702.52 336.84 -1.00 -1.00 -1.00 -1000.00 -1000.00 -1000.00 -1.000 -1.000 -1.000 -1.000 1.00 -1000.0000000000 -1000.0000000000 -1000.0000000000 -1000.0000000000 False True False False
Pedestrian_is_group 1.00 3 -1 1280.00 250.00 1280.00 351.00 1.81 1.02 1.06 13.06 1.62 42.21 -1.571 0.000 0.000 0.000 1.00 0.0000000000 0.0000000000 0.0000000000 1.0000000000 True True True False
Pedestrian 0.00 0 -1 877.00 283.00 909.00 348.00 1.50 0.64 0.64 5.22 2.01 53.62 -0.050 0.000 0.000 1.521 1.00 0.0000000000 0.0000000000 0.6892340724 0.7245387453 True True False False
