PassengerCar 0.88 0 -1 1178.00 195.00 1280.00 655.00 1.50 1.87 4.44 3.60 1.30 9.83 -1.577 0.000 0.000 -0.007 1.00 0.0000000000 0.0000000000 -0.0032718418 0.9999946475 True True True False
PassengerCar 0.37 1 -1 1003.00 257.00 1280.00 506.00 1.43 1.84 4.51 3.51 1.42 15.58 -1.576 0.000 0.000 -0.005 1.00 0.0000000000 0.0000000000 -0.0025449866 0.9999967615 True True True False
PassengerCar 0.00 0 -1 778.00 284.00 843.00 333.00 1.56 1.89 4.14 4.67 2.35 76.47 -1.567 0.000 0.000 0.004 1.00 0.0000000000 0.0000000000 0.0018635110 0.9999982637 True True True False
PassengerCar 0.00 1 -1 35.00 295.00 177.00 374.00 1.44 1.84 4.62 -10.84 2.11 45.13 1.524 0.000 -0.006 3.095 1.00 0.0031365825 0.0001149989 0.9997214404 0.0233920989 True True True False
PassengerCar 0.00 0 -1 514.00 290.00 579.00 336.00 1.43 1.90 4.13 -4.02 2.43 76.86 -1.677 0.000 0.000 -0.106 1.00 0.0000000000 0.0000000000 -0.0528710634 0.9986013472 True True True False
PassengerCar 0.00 -1 -1 432.85 297.62 482.63 333.43 -1.00 -1.00 -1.00 -1000.00 -1000.00 -1000.00 -1.000 -1.000 -1.000 -1.000 1.00 -1000.0000000000 -1000.0000000000 -1000.0000000000 -1000.0000000000 -1 -1 -1 -1
PassengerCar 0.00 -1 -1 713.93 288.86 752.06 320.42 -1.00 -1.00 -1.00 -1000.00 -1000.00 -1000.00 -1.000 -1.000 -1.000 -1.000 1.00 -1000.0000000000 -1000.0000000000 -1000.0000000000 -1000.0000000000 -1 -1 -1 -1
PassengerCar 0.00 -1 -1 627.60 289.41 664.64 319.60 -1.00 -1.00 -1.00 -1000.00 -1000.00 -1000.00 -1.000 -1.000 -1.000 -1.000 1.00 -1000.0000000000 -1000.0000000000 -1000.0000000000 -1000.0000000000 -1 -1 -1 -1
Vehicle 0.00 -1 -1 488.09 297.59 524.62 329.39 -1.00 -1.00 -1.00 -1000.00 -1000.00 -1000.00 -1.000 -1.000 -1.000 -1.000 1.00 -1000.0000000000 -1000.0000000000 -1000.0000000000 -1000.0000000000 -1 -1 -1 -1
LargeVehicle 0.00 -1 -1 687.37 279.31 715.58 317.38 -1.00 -1.00 -1.00 -1000.00 -1000.00 -1000.00 -1.000 -1.000 -1.000 -1.000 1.00 -1000.0000000000 -1000.0000000000 -1000.0000000000 -1000.0000000000 -1 -1 -1 -1
Pedestrian 0.00 -1 -1 319.21 291.74 332.24 322.06 -1.00 -1.00 -1.00 -1000.00 -1000.00 -1000.00 -1.000 -1.000 -1.000 -1.000 1.00 -1000.0000000000 -1000.0000000000 -1000.0000000000 -1000.0000000000 -1 -1 -1 -1
Pedestrian 0.00 -1 -1 998.32 261.74 1019.30 309.49 -1.00 -1.00 -1.00 -1000.00 -1000.00 -1000.00 -1.000 -1.000 -1.000 -1.000 1.00 -1000.0000000000 -1000.0000000000 -1000.0000000000 -1000.0000000000 -1 -1 -1 -1
