PassengerCar 0.00 0 -1 825.00 223.00 1133.00 483.00 1.38 1.63 3.92 2.06 1.16 14.44 -1.370 0.005 0.021 0.201 1.00 0.0013846393 0.0105958607 0.1002723610 0.9949026405 True True True False
PassengerCar 0.00 0 -1 641.00 206.00 814.00 367.00 1.66 1.82 4.21 0.64 1.06 27.00 -1.575 0.023 0.035 -0.004 1.00 0.0115705280 0.0177246740 -0.0022073834 0.9997735175 True True True False
PassengerCar 0.00 2 -1 604.00 217.00 685.00 282.00 1.48 1.81 4.21 -0.52 0.50 54.54 -1.571 0.000 0.000 0.000 1.00 0.0000000000 0.0000000000 0.0000000000 1.0000000000 True True True False
PassengerCar 0.00 0 -1 364.00 221.00 515.00 283.00 1.51 1.81 3.71 -5.84 0.56 59.36 -2.406 0.000 0.000 -0.835 1.00 0.0000000000 0.0000000000 -0.4055495002 0.9140730840 True True True False
PassengerCar 0.00 0 -1 566.61 202.01 621.39 247.51 -1.00 -1.00 -1.00 -1000.00 -1000.00 -1000.00 -1.000 -1.000 -1.000 -1.000 1.00 -1000.0000000000 -1000.0000000000 -1000.0000000000 -1000.0000000000 True True False False
PassengerCar 0.98 3 -1 1275.00 213.00 1280.00 267.00 1.13 1.81 4.21 15.36 0.13 49.72 0.019 0.000 0.000 1.590 1.00 0.0000000000 0.0000000000 0.7137192813 0.7004318578 True False True False
Obstacle 0.00 2 -1 475.00 203.00 522.00 266.00 1.80 2.84 1.02 -4.87 0.13 67.31 0.040 0.001 0.030 1.611 1.00 -0.0102827767 0.0107038522 0.7210695835 0.6927036508 True True True False
Pedestrian 1.00 3 -1 0.00 179.00 0.00 410.00 1.82 0.31 0.46 -6.84 1.17 18.42 0.025 0.000 0.000 1.595 1.00 0.0000000000 0.0000000000 0.7157392412 0.6983676242 True False True False
Pedestrian 1.00 3 -1 0.00 208.00 0.00 402.00 1.62 0.44 0.29 -6.01 1.17 19.54 0.010 0.000 0.024 1.581 1.00 -0.0085443393 0.0086281777 0.7104980943 0.7035943482 True False True False
Pedestrian 0.47 0 -1 0.00 216.00 28.00 394.00 1.53 0.52 0.33 -5.80 1.15 20.23 -0.034 0.000 0.000 1.537 1.00 0.0000000000 0.0000000000 0.6949534283 0.7190547493 True True False False
Pedestrian 1.00 3 -1 0.00 204.00 0.00 334.00 1.97 0.52 0.43 -11.54 1.12 35.56 1.312 0.000 0.000 2.882 1.00 0.0000000000 0.0000000000 0.9916102511 0.1292637223 True False True False
Pedestrian 0.06 0 -1 292.00 199.00 315.00 257.00 1.78 0.62 0.63 -11.25 -0.13 71.86 -0.284 0.000 0.000 1.287 1.00 0.0000000000 0.0000000000 0.5998651182 0.8001011436 True True True False
Pedestrian 0.07 0 -1 265.00 207.00 284.00 255.00 1.50 0.55 0.32 -12.23 -0.17 72.32 -1.583 0.000 0.000 -0.013 1.00 0.0000000000 0.0000000000 -0.0063344060 0.9999799374 True True True False
Pedestrian 0.05 0 -1 182.00 208.00 207.00 275.00 1.69 0.48 0.41 -11.97 0.36 58.76 -1.255 0.000 0.000 0.315 1.00 0.0000000000 0.0000000000 0.1570948063 0.9875835265 True True True False
Pedestrian_is_group 0.00 0 -1 345.00 210.00 389.00 274.00 1.75 1.15 0.55 -8.32 0.37 64.32 -4.711 0.000 0.000 -3.140 1.00 0.0000000000 0.0000000000 -0.9999997317 0.0007325024 True True True False
Pedestrian_is_group 0.00 1 -1 523.00 203.00 560.00 267.00 1.86 4.06 0.74 -3.81 0.13 70.71 0.039 0.002 0.037 1.610 1.00 -0.0126846374 0.0137737322 0.7205454723 0.6931548215 True True True False
Pedestrian 0.07 0 -1 1162.00 183.00 1178.00 244.00 1.88 0.59 0.43 15.59 -0.51 71.97 0.099 0.000 0.000 1.670 1.00 0.0000000000 0.0000000000 0.7411366596 0.6713541925 True True True False
Pedestrian_is_group 0.06 3 -1 874.00 199.00 899.00 255.00 1.70 0.69 0.72 6.82 -0.19 72.16 -1.571 0.000 0.000 0.000 1.00 0.0000000000 0.0000000000 0.0000000000 1.0000000000 True False True False
Pedestrian_is_group 1.00 3 -1 1280.00 185.00 1280.00 306.00 2.14 1.67 0.87 13.34 0.81 41.69 1.345 0.000 0.000 2.915 1.00 0.0000000000 0.0000000000 0.9936059398 0.1129036599 True False True False
Pedestrian 1.00 3 -1 1280.00 188.00 1280.00 307.00 1.61 0.53 0.59 11.03 0.63 31.67 -1.571 0.000 0.000 0.000 1.00 0.0000000000 0.0000000000 0.0000000000 1.0000000000 True False True False
Pedestrian 1.00 3 -1 1280.00 187.00 1280.00 305.00 1.61 0.61 0.77 11.63 0.61 32.01 -1.571 0.000 0.000 0.000 1.00 0.0000000000 0.0000000000 0.0000000000 1.0000000000 True False True False
Pedestrian 0.00 2 -1 446.96 203.49 460.11 246.74 -1.00 -1.00 -1.00 -1000.00 -1000.00 -1000.00 -1.000 -1.000 -1.000 -1.000 1.00 -1000.0000000000 -1000.0000000000 -1000.0000000000 -1000.0000000000 True True False False
Pedestrian 0.00 2 -1 467.65 202.18 495.43 259.63 -1.00 -1.00 -1.00 -1000.00 -1000.00 -1000.00 -1.000 -1.000 -1.000 -1.000 1.00 -1000.0000000000 -1000.0000000000 -1000.0000000000 -1000.0000000000 True True False False
Pedestrian 0.00 2 -1 338.00 194.00 368.00 265.00 1.99 0.87 0.71 -8.87 0.13 65.62 -3.094 0.000 0.000 -1.523 1.00 0.0000000000 0.0000000000 -0.6901850648 0.7236329017 True True True False
