PassengerCar 0.77 0 -1 0.00 218.00 232.00 720.00 1.50 1.63 2.91 -2.46 1.40 7.33 -1.571 0.000 0.000 0.000 1.00 0.0000000000 0.0000000000 0.0000000000 1.0000000000 True True True False
PassengerCar 0.20 1 -1 0.00 255.00 384.00 596.00 1.43 1.55 3.48 -2.46 1.43 11.69 -1.550 0.018 0.000 0.021 1.00 0.0090410829 0.0000941297 0.0104103458 0.9999049328 True True True False
PassengerCar 0.00 1 -1 194.00 290.00 511.00 507.00 1.34 1.86 3.55 -2.14 1.58 16.69 -1.596 0.017 0.000 -0.025 1.00 0.0084054541 -0.0000453821 -0.0125232736 0.9998862505 True True True False
PassengerCar 0.00 2 -1 366.00 276.00 573.00 462.00 1.57 1.76 3.89 -1.83 1.74 22.16 -1.628 0.024 0.000 -0.058 1.00 0.0119542322 -0.0003447217 -0.0288227458 0.9995129948 True True True False
PassengerCar 0.00 2 -1 467.00 297.00 607.00 409.00 1.40 1.79 4.06 -1.75 1.93 32.19 -1.596 0.011 -0.000 -0.025 1.00 0.0055804250 -0.0002458273 -0.0125405159 0.9999057625 True True True False
PassengerCar 0.00 3 -1 527.00 300.00 632.00 385.00 1.59 1.96 4.23 -1.69 2.36 45.47 -1.593 -0.000 -0.010 -0.022 1.00 -0.0001966559 -0.0052306647 -0.0111834316 0.9999237633 True True True False
PassengerCar 0.00 3 -1 614.92 299.54 673.51 360.05 -1.00 -1.00 -1.00 -1000.00 -1000.00 -1000.00 -1.000 -1.000 -1.000 -1.000 1.00 -1000.0000000000 -1000.0000000000 -1000.0000000000 -1000.0000000000 True True False False
PassengerCar 0.00 0 -1 711.16 301.93 743.35 332.80 -1.00 -1.00 -1.00 -1000.00 -1000.00 -1000.00 -1.000 -1.000 -1.000 -1.000 1.00 -1000.0000000000 -1000.0000000000 -1000.0000000000 -1000.0000000000 True True False False
PassengerCar 1.00 3 -1 1280.00 250.00 1280.00 720.00 1.36 1.60 4.05 4.85 1.34 8.57 -0.636 0.000 0.000 0.935 1.00 0.0000000000 0.0000000000 0.4505461911 0.8927531180 True False True False
PassengerCar 0.97 3 -1 1259.00 293.00 1280.00 609.00 1.29 1.77 4.12 5.01 1.46 11.61 -0.640 0.000 0.000 0.931 1.00 0.0000000000 0.0000000000 0.4489952315 0.8935341527 True False True False
PassengerCar 0.72 2 -1 1101.00 277.00 1280.00 529.00 1.38 1.69 4.03 4.80 1.48 14.55 -0.581 0.000 0.000 0.990 1.00 0.0000000000 0.0000000000 0.4750897120 0.8799373646 True True True False
PassengerCar 0.51 2 -1 1013.00 256.00 1280.00 504.00 1.65 1.71 3.71 4.58 1.63 17.13 -0.490 0.000 0.000 1.081 1.00 0.0000000000 0.0000000000 0.5145907098 0.8574359459 True True True False
PassengerCar 0.24 2 -1 933.00 245.00 1280.00 450.00 1.87 1.78 4.16 4.86 1.74 22.82 -0.449 0.000 0.000 1.122 1.00 0.0000000000 0.0000000000 0.5320569292 0.8467085827 True True True True
PassengerCar 0.00 3 -1 898.00 298.00 1186.00 432.00 1.38 0.97 3.03 4.04 1.78 24.97 -0.442 -0.007 -0.003 1.129 1.00 -0.0019835239 -0.0031318519 0.5350518228 0.8448111056 True True True False
PassengerCar 0.00 3 -1 880.00 258.00 1219.00 420.00 2.02 1.96 4.19 5.10 2.00 30.84 -0.555 0.000 0.000 1.016 1.00 0.0000000000 0.0000000000 0.4864078996 0.8737318554 True True True False
PassengerCar 0.00 3 -1 807.00 284.00 970.00 365.00 2.04 1.67 4.00 5.77 2.64 60.32 -0.540 0.000 0.000 1.031 1.00 0.0000000000 0.0000000000 0.4928151769 0.8701340135 True True True False
PassengerCar 0.00 3 -1 826.00 293.00 1016.00 367.00 1.44 1.79 3.72 5.29 2.13 48.14 -0.665 0.000 0.000 0.906 1.00 0.0000000000 0.0000000000 0.4377019151 0.8991201441 True True True False
PassengerCar 0.00 3 -1 793.00 299.00 940.00 353.00 1.58 1.82 4.24 6.14 2.78 71.49 -0.551 0.000 0.000 1.020 1.00 0.0000000000 0.0000000000 0.4882112190 0.8727255042 True True True False
PassengerCar 0.00 3 -1 646.81 306.61 698.34 337.73 -1.00 -1.00 -1.00 -1000.00 -1000.00 -1000.00 -1.000 -1.000 -1.000 -1.000 1.00 -1000.0000000000 -1000.0000000000 -1000.0000000000 -1000.0000000000 True True False False
